0 0.496691 0.472549 0.103676 0.095425
0 0.252574 0.856863 0.156618 0.137255
0 0.282353 0.738562 0.133824 0.115033
0 0.296691 0.641830 0.131618 0.094118
0 0.313235 0.569281 0.120588 0.079739
0 0.309191 0.515033 0.108088 0.070588
0 0.336029 0.471242 0.094118 0.079739
0 0.348162 0.413072 0.097794 0.073203
0 0.349632 0.365359 0.084559 0.069281
0 0.700368 0.605229 0.122794 0.120261
0 0.680882 0.467320 0.100000 0.079739
0 0.661029 0.401961 0.092647 0.071895
0 0.646691 0.350327 0.090441 0.065359
0 0.641912 0.304575 0.083824 0.060131
0 0.645221 0.275817 0.083088 0.057516
0 0.642647 0.246405 0.075000 0.056209
0 0.743750 0.275817 0.040441 0.073203
0 0.883088 0.658170 0.083824 0.163399
0 0.949265 0.842484 0.101471 0.205229
0 0.979779 0.305229 0.040441 0.074510
0 0.701471 0.130719 0.061765 0.041830
0 0.764706 0.075163 0.026471 0.040523
0 0.783088 0.026144 0.032353 0.044444
0 0.730147 0.115033 0.058824 0.039216
0 0.796324 0.105882 0.052941 0.044444
1 0.837132 0.076471 0.034559 0.056209
1 0.636029 0.199346 0.052941 0.064052
0 0.647059 0.088889 0.050000 0.033987
0 0.580882 0.068627 0.057353 0.037908
1 0.646691 0.020261 0.025735 0.040523
0 0.815809 0.013725 0.027206 0.027451
0 0.772426 0.360784 0.047794 0.096732
0 0.865441 0.057516 0.023529 0.036601
4 0.033456 0.532680 0.034559 0.050980
4 0.064706 0.530065 0.039706 0.058824
4 0.094118 0.535948 0.039706 0.065359
4 0.115441 0.529412 0.023529 0.065359
4 0.564706 0.469281 0.016176 0.057516
4 0.491912 0.203922 0.014706 0.036601
4 0.938603 0.667320 0.021324 0.061438
4 0.779412 0.127451 0.017647 0.022222
4 0.409926 0.260784 0.012500 0.037908
