1 0.351103 0.941830 0.165441 0.113725
0 0.387132 0.857516 0.130147 0.117647
0 0.507721 0.621569 0.099265 0.087582
0 0.628676 0.576471 0.045588 0.109804
4 0.709926 0.947059 0.043382 0.056209
4 0.333824 0.540523 0.029412 0.043137
4 0.039706 0.450980 0.017647 0.044444
4 0.058088 0.446405 0.011765 0.048366
4 0.151103 0.429412 0.013971 0.043137
4 0.169118 0.425490 0.011765 0.040523
4 0.158088 0.415686 0.014706 0.041830
4 0.224265 0.367320 0.023529 0.031373
4 0.243015 0.341176 0.030147 0.031373
4 0.254412 0.301307 0.023529 0.027451
4 0.253676 0.298693 0.016176 0.022222
4 0.295956 0.386928 0.027206 0.036601
0 0.353676 0.287582 0.061765 0.065359
0 0.516176 0.470588 0.080882 0.070588
1 0.535662 0.418954 0.078676 0.071895
0 0.416912 0.217647 0.054412 0.043137
0 0.430515 0.200000 0.050735 0.036601
0 0.452206 0.173856 0.051471 0.033987
0 0.463235 0.157516 0.044118 0.035294
0 0.472059 0.146405 0.041176 0.031373
4 0.347794 0.165359 0.010294 0.022222
4 0.502206 0.123529 0.013235 0.019608
4 0.520956 0.116993 0.012500 0.019608
1 0.552206 0.114379 0.032353 0.043137
0 0.624632 0.195425 0.053676 0.037908
0 0.665074 0.330065 0.033088 0.069281
0 0.678309 0.258170 0.028676 0.053595
1 0.687868 0.205229 0.025735 0.044444
0 0.862132 0.318301 0.036029 0.061438
0 0.919485 0.315686 0.037500 0.050980
0 0.821691 0.192810 0.022794 0.045752
0 0.836397 0.137908 0.019853 0.035294
0 0.890441 0.109150 0.023529 0.030065
0 0.697426 0.151634 0.021324 0.039216
0 0.707721 0.116340 0.022794 0.031373
0 0.623897 0.156863 0.040441 0.031373
0 0.627206 0.147712 0.044118 0.026144
0 0.728309 0.094118 0.038971 0.033987
1 0.720588 0.057516 0.030882 0.028758
0 0.750000 0.078431 0.033824 0.023529
0 0.773897 0.062745 0.025735 0.026144
2 0.637868 0.043791 0.047794 0.035294
0 0.587132 0.046405 0.025735 0.022222
0 0.847059 0.044444 0.016176 0.026144
0 0.857721 0.020261 0.013971 0.022222
0 0.721324 0.037255 0.016176 0.019608
0 0.725000 0.024837 0.013235 0.018301
