0 0.549265 0.751634 0.126471 0.243137
0 0.462132 0.653595 0.115441 0.188235
0 0.725368 0.406536 0.071324 0.125490
0 0.661765 0.322876 0.069118 0.104575
4 0.842647 0.838562 0.042647 0.090196
4 0.943382 0.402614 0.027941 0.065359
4 0.952574 0.034641 0.013971 0.037908
4 0.801838 0.015686 0.009559 0.028758
4 0.691176 0.035948 0.019118 0.027451
4 0.668750 0.048366 0.012500 0.028758
0 0.884559 0.059477 0.038235 0.064052
0 0.826471 0.200000 0.051471 0.081046
0 0.834926 0.057516 0.040441 0.057516
0 0.808824 0.100000 0.044118 0.064052
1 0.762500 0.162092 0.058824 0.101961
0 0.714338 0.081699 0.044853 0.061438
4 0.736397 0.131373 0.012500 0.045752
4 0.703309 0.139869 0.015441 0.036601
0 0.673897 0.126144 0.059559 0.077124
0 0.633824 0.181046 0.058824 0.082353
4 0.554044 0.067974 0.011029 0.031373
4 0.563235 0.075163 0.013235 0.037908
0 0.521324 0.201961 0.080882 0.071895
4 0.493750 0.228105 0.018382 0.045752
4 0.490441 0.260784 0.032353 0.043137
0 0.499265 0.356209 0.083824 0.105882
4 0.426838 0.212418 0.022794 0.030065
4 0.411765 0.196732 0.019118 0.043137
4 0.387132 0.280392 0.027206 0.056209
4 0.406618 0.335948 0.041176 0.052288
4 0.388603 0.375817 0.025735 0.058824
4 0.337132 0.330719 0.015441 0.060131
1 0.384191 0.474510 0.096324 0.164706
4 0.249632 0.299346 0.030147 0.044444
4 0.263971 0.359477 0.017647 0.065359
4 0.277941 0.434641 0.026471 0.058824
4 0.166912 0.297386 0.017647 0.053595
4 0.165074 0.342484 0.013971 0.054902
4 0.114338 0.356863 0.022794 0.065359
4 0.148162 0.340523 0.012500 0.058824
4 0.137132 0.339216 0.016912 0.053595
4 0.129779 0.376471 0.030147 0.039216
4 0.043382 0.492157 0.052941 0.071895
