0 0.530990 0.765278 0.073438 0.099074
0 0.565365 0.622685 0.061979 0.052778
4 0.412760 0.774074 0.015104 0.037037
4 0.461198 0.721296 0.015104 0.037037
4 0.418750 0.683796 0.012500 0.032407
4 0.473958 0.630556 0.012500 0.035185
4 0.423958 0.560648 0.013542 0.028704
4 0.470833 0.565278 0.013542 0.028704
4 0.488021 0.569444 0.009375 0.027778
4 0.351823 0.807407 0.039062 0.037037
4 0.315885 0.549074 0.031771 0.031481
4 0.400521 0.528704 0.008333 0.022222
0 0.560156 0.503241 0.028646 0.039815
0 0.509635 0.477315 0.024479 0.036111
0 0.349219 0.481019 0.040104 0.030556
4 0.493490 0.430556 0.008854 0.020370
4 0.509115 0.412500 0.005729 0.021296
4 0.517708 0.408796 0.004167 0.013889
4 0.528385 0.431019 0.004687 0.013889
4 0.514062 0.438889 0.004167 0.012963
2 0.417969 0.427778 0.027604 0.072222
0 0.310417 0.512500 0.079167 0.041667
