0 0.440104 0.535185 0.036458 0.077778
0 0.504687 0.541667 0.042708 0.075926
4 0.303125 0.864815 0.025000 0.055556
4 0.270313 0.975000 0.028125 0.050000
0 0.428646 0.710185 0.046875 0.135185
4 0.475000 0.793519 0.033333 0.079630
4 0.331250 0.654630 0.025000 0.053704
0 0.639583 0.736111 0.066667 0.142593
0 0.496354 0.430556 0.032292 0.053704
0 0.449479 0.447222 0.030208 0.068519
4 0.379688 0.512963 0.015625 0.037037
4 0.363542 0.486111 0.012500 0.035185
0 0.265625 0.501852 0.095833 0.066667
0 0.449479 0.398148 0.030208 0.055556
0 0.453125 0.368519 0.027083 0.048148
0 0.480208 0.351852 0.022917 0.037037
0 0.478125 0.284259 0.016667 0.027778
0 0.477604 0.247222 0.015625 0.024074
0 0.450000 0.311111 0.018750 0.048148
