1 0.709896 0.969444 0.090625 0.061111
4 0.698958 0.529167 0.010417 0.036111
4 0.622917 0.669444 0.026042 0.037037
4 0.623437 0.637500 0.018750 0.032407
4 0.603385 0.597222 0.005729 0.027778
4 0.576562 0.594907 0.023958 0.036111
4 0.259635 0.932407 0.025521 0.042593
4 0.298438 0.803704 0.025000 0.031481
4 0.278125 0.830093 0.032292 0.037963
4 0.538542 0.874537 0.016667 0.056481
4 0.558073 0.886574 0.013021 0.050926
4 0.323698 0.969907 0.021354 0.043519
4 0.305208 0.971296 0.030208 0.048148
4 0.320052 0.925463 0.036979 0.045370
4 0.308594 0.913426 0.034896 0.036111
2 0.305729 0.746296 0.069792 0.066667
4 0.379427 0.631944 0.023438 0.030556
0 0.383073 0.669907 0.031771 0.076852
4 0.381250 0.934722 0.015625 0.069444
4 0.453646 0.305556 0.007292 0.022222
0 0.504687 0.301852 0.012500 0.024074
0 0.504948 0.332870 0.015104 0.026852
0 0.486198 0.327778 0.014063 0.025926
0 0.472135 0.384722 0.016146 0.032407
4 0.454687 0.542130 0.008333 0.032407
4 0.421875 0.553241 0.008333 0.028704
0 0.425260 0.515741 0.025521 0.050000
4 0.413281 0.428704 0.014063 0.016667
0 0.625000 0.240278 0.023958 0.019444
4 0.510938 0.506944 0.007292 0.025000
4 0.458854 0.456944 0.007292 0.023148
0 0.550260 0.461574 0.019271 0.034259
4 0.509896 0.440741 0.008333 0.025926
0 0.437760 0.350000 0.017188 0.025926
4 0.444792 0.381019 0.007292 0.025000
4 0.475521 0.302778 0.004167 0.016667
4 0.459896 0.320370 0.004167 0.016667
4 0.465625 0.331019 0.005208 0.017593
4 0.466927 0.317130 0.004687 0.013889
