1 0.421324 0.844444 0.019118 0.070588
0 0.448897 0.828105 0.019853 0.069281
0 0.346324 0.940523 0.027941 0.077124
0 0.520588 0.727451 0.020588 0.079739
0 0.590441 0.893464 0.032353 0.084967
0 0.646324 0.593464 0.047059 0.041830
0 0.742279 0.582353 0.044853 0.037908
0 0.751103 0.511765 0.043382 0.037908
0 0.762132 0.452941 0.047794 0.037908
0 0.579044 0.515686 0.041912 0.064052
0 0.506618 0.479739 0.022059 0.078431
0 0.448897 0.167320 0.018382 0.078431
0 0.861029 0.167320 0.044118 0.036601
0 0.182721 0.585621 0.050735 0.039216
0 0.110294 0.586275 0.050000 0.035294
0 0.013971 0.585621 0.027941 0.031373
0 0.057721 0.509150 0.043382 0.035294
0 0.848162 0.900000 0.044853 0.043137
2 0.782353 0.749020 0.047059 0.039216
1 0.961397 0.734641 0.041912 0.031373
0 0.991176 0.734641 0.017647 0.031373
0 0.878676 0.501961 0.042647 0.033987
4 0.133088 0.468627 0.017647 0.014379
4 0.079412 0.667320 0.019118 0.019608
4 0.369853 0.946405 0.007353 0.028758
4 0.258824 0.753595 0.013235 0.016993
4 0.258456 0.716340 0.016912 0.013072
4 0.849265 0.034641 0.013235 0.024837
4 0.794118 0.068627 0.013235 0.022222
4 0.936765 0.275817 0.019118 0.020915
4 0.979044 0.767974 0.019853 0.016993
4 0.981985 0.797386 0.016912 0.015686
