0 0.638802 0.939352 0.042188 0.091667
0 0.613802 0.850926 0.052604 0.100000
1 0.689844 0.936574 0.043229 0.099074
0 0.634115 0.759259 0.042188 0.070370
4 0.445312 0.891667 0.022917 0.020370
4 0.438542 0.807407 0.015625 0.048148
0 0.584635 0.677778 0.029687 0.055556
0 0.620573 0.657407 0.028646 0.046296
0 0.569531 0.581481 0.022396 0.040741
0 0.567708 0.620833 0.025000 0.047222
0 0.598177 0.593056 0.024479 0.039815
0 0.583854 0.546759 0.033333 0.041667
0 0.581771 0.510648 0.020833 0.036111
0 0.550260 0.479167 0.020313 0.037963
0 0.548958 0.459259 0.015625 0.024074
1 0.568750 0.440278 0.029167 0.026852
4 0.560417 0.791204 0.007292 0.036111
4 0.529948 0.757870 0.010937 0.041667
4 0.465625 0.725000 0.008333 0.037037
4 0.554688 0.672685 0.012500 0.045370
4 0.539323 0.673611 0.009896 0.030556
4 0.516406 0.674537 0.009896 0.032407
4 0.526302 0.631481 0.008854 0.027778
4 0.497135 0.622685 0.007812 0.037963
4 0.487500 0.642130 0.007292 0.025000
4 0.475260 0.638889 0.007812 0.025926
4 0.461198 0.562500 0.006771 0.019444
4 0.475000 0.529167 0.005208 0.023148
4 0.473698 0.502315 0.006771 0.019444
4 0.490625 0.499074 0.005208 0.018519
4 0.516667 0.467593 0.006250 0.022222
4 0.513802 0.389815 0.003646 0.014815
4 0.511979 0.358796 0.004167 0.013889
4 0.508073 0.368981 0.002604 0.012037
4 0.504167 0.356944 0.004167 0.012037
4 0.506250 0.332870 0.005208 0.012037
4 0.513021 0.332407 0.004167 0.012963
4 0.505729 0.318519 0.004167 0.018519
0 0.517188 0.314352 0.013542 0.015741
0 0.488542 0.317593 0.009375 0.016667
4 0.504427 0.291204 0.002604 0.008333
4 0.486719 0.301852 0.003646 0.014815
4 0.666927 0.729167 0.022396 0.034259
4 0.651823 0.716204 0.022396 0.043519
4 0.709115 0.628241 0.009896 0.026852
4 0.702604 0.607407 0.013542 0.024074
4 0.709635 0.547222 0.014063 0.020370
4 0.764062 0.579167 0.011458 0.013889
4 0.736198 0.521296 0.011979 0.033333
4 0.833333 0.591667 0.008333 0.024074
4 0.858073 0.543056 0.016146 0.019444
4 0.855990 0.508796 0.018229 0.017593
4 0.979167 0.540278 0.012500 0.017593
1 0.882812 0.449537 0.011458 0.026852
4 0.874479 0.444907 0.015625 0.017593
4 0.847396 0.492593 0.010417 0.016667
4 0.833594 0.461111 0.009896 0.024074
4 0.823958 0.481481 0.004167 0.014815
4 0.843750 0.438889 0.017708 0.018519
4 0.644271 0.476389 0.016667 0.028704
4 0.659896 0.478241 0.016667 0.030556
4 0.637500 0.410185 0.011458 0.018519
4 0.616927 0.397222 0.009896 0.012963
4 0.616146 0.411574 0.009375 0.013889
4 0.750000 0.424074 0.009375 0.025926
4 0.742188 0.376389 0.009375 0.019444
4 0.735156 0.375463 0.007812 0.013889
