1 0.422794 0.944444 0.057353 0.108497
0 0.513971 0.718954 0.052941 0.149020
0 0.097426 0.816993 0.156618 0.120261
0 0.177574 0.685621 0.141912 0.111111
4 0.263603 0.477124 0.036029 0.036601
4 0.350368 0.270588 0.012500 0.033987
4 0.360294 0.233987 0.008824 0.028758
4 0.391544 0.201961 0.008088 0.027451
0 0.432721 0.270588 0.031618 0.067974
0 0.492279 0.368627 0.036029 0.070588
0 0.489706 0.209150 0.023529 0.041830
4 0.270221 0.253595 0.021324 0.031373
4 0.282721 0.241830 0.022794 0.026144
4 0.350368 0.186928 0.019853 0.020915
4 0.349632 0.166013 0.019853 0.020915
4 0.337868 0.076471 0.018382 0.019608
1 0.630515 0.660131 0.049265 0.135948
0 0.799632 0.796078 0.149265 0.120261
0 0.727206 0.647712 0.101471 0.095425
0 0.853309 0.609150 0.086029 0.138562
0 0.653676 0.390196 0.080882 0.069281
4 0.609191 0.292810 0.021324 0.020915
1 0.553676 0.212418 0.029412 0.053595
0 0.509191 0.137255 0.021324 0.039216
4 0.504044 0.103922 0.006618 0.019608
4 0.544118 0.017647 0.010294 0.014379
4 0.530515 0.015686 0.011029 0.013072
0 0.424632 0.128758 0.021324 0.048366
4 0.361765 0.099346 0.020588 0.015686
0 0.422059 0.077124 0.042647 0.033987
0 0.447059 0.065359 0.016176 0.031373
4 0.459926 0.094771 0.009559 0.016993
4 0.500368 0.046405 0.005147 0.019608
0 0.481618 0.049020 0.016176 0.024837
4 0.394853 0.032026 0.005882 0.016993
0 0.445588 0.011111 0.014706 0.022222
