0 0.056250 0.079085 0.047794 0.035294
0 0.082721 0.041830 0.046324 0.036601
0 0.099265 0.018954 0.047059 0.030065
0 0.140809 0.014379 0.028676 0.028758
4 0.191176 0.007843 0.008824 0.015686
0 0.146691 0.054902 0.021324 0.033987
0 0.109559 0.115033 0.029412 0.044444
4 0.083088 0.092810 0.013235 0.023529
0 0.028309 0.129412 0.043382 0.052288
0 0.012500 0.164052 0.025000 0.045752
1 0.053309 0.376471 0.074265 0.081046
0 0.278676 0.007190 0.017647 0.014379
0 0.266544 0.015686 0.040441 0.023529
0 0.262500 0.026144 0.042647 0.026144
0 0.258456 0.039869 0.034559 0.027451
4 0.207353 0.037908 0.007353 0.023529
4 0.200000 0.072549 0.005882 0.022222
0 0.224265 0.065359 0.025000 0.031373
0 0.262868 0.051634 0.037500 0.035294
0 0.248897 0.086928 0.044853 0.035294
0 0.227574 0.113072 0.028676 0.048366
0 0.207721 0.143137 0.050735 0.035294
4 0.256985 0.132026 0.018382 0.020915
4 0.255882 0.166667 0.022059 0.027451
1 0.215809 0.180392 0.063971 0.049673
1 0.216176 0.226797 0.076471 0.061438
0 0.185294 0.259477 0.067647 0.050980
1 0.198529 0.280392 0.079412 0.069281
4 0.356618 0.144444 0.007353 0.032680
4 0.145221 0.333987 0.021324 0.035294
0 0.121691 0.446405 0.097794 0.082353
0 0.076471 0.536601 0.123529 0.118954
4 0.017647 0.609804 0.029412 0.043137
0 0.036397 0.766667 0.072794 0.121569
4 0.062500 0.952288 0.041176 0.095425
4 0.070588 0.873856 0.032353 0.092810
4 0.364706 0.116340 0.008824 0.031373
4 0.748162 0.032680 0.013971 0.015686
4 0.772059 0.056209 0.010294 0.020915
