4 0.128125 0.564815 0.020833 0.025926
4 0.153125 0.537037 0.018750 0.014815
4 0.404167 0.712037 0.014583 0.031481
0 0.503646 0.954630 0.046875 0.087037
4 0.429688 0.697222 0.013542 0.038889
0 0.492708 0.654630 0.029167 0.050000
0 0.495833 0.733333 0.031250 0.066667
4 0.557292 0.857407 0.012500 0.044444
4 0.580208 0.790741 0.014583 0.040741
4 0.544792 0.616667 0.008333 0.025926
0 0.545833 0.588889 0.039583 0.037037
1 0.484896 0.476852 0.015625 0.031481
4 0.523958 0.529630 0.006250 0.018519
4 0.494792 0.615741 0.010417 0.027778
4 0.447917 0.524074 0.006250 0.022222
0 0.526042 0.419444 0.029167 0.020370
0 0.663542 0.494444 0.043750 0.029630
4 0.708854 0.529630 0.015625 0.018519
4 0.760417 0.544444 0.016667 0.018519
4 0.381250 0.477778 0.010417 0.011111
1 0.391146 0.461111 0.019792 0.033333
