0 0.709926 0.024183 0.036029 0.040523
3 0.666176 0.052941 0.079412 0.092810
0 0.696691 0.090196 0.037500 0.044444
4 0.593750 0.097386 0.009559 0.027451
0 0.555515 0.092810 0.043382 0.036601
4 0.525000 0.094118 0.010294 0.026144
4 0.514706 0.082353 0.004412 0.028758
4 0.538971 0.100000 0.011765 0.027451
0 0.568015 0.188235 0.052206 0.057516
4 0.708824 0.296078 0.008824 0.035294
4 0.680882 0.310458 0.020588 0.035294
0 0.654044 0.322222 0.080147 0.092810
0 0.615074 0.373856 0.075735 0.073203
4 0.555882 0.367974 0.017647 0.040523
0 0.507353 0.499346 0.088235 0.070588
2 0.481618 0.540523 0.125000 0.134641
0 0.441176 0.643137 0.089706 0.104575
1 0.407721 0.303922 0.062500 0.084967
0 0.439338 0.149673 0.050735 0.064052
4 0.394485 0.188889 0.018382 0.030065
4 0.355515 0.292810 0.019853 0.033987
0 0.374632 0.752941 0.118382 0.115033
0 0.331985 0.837255 0.130147 0.105882
0 0.028676 0.424837 0.041176 0.075817
0 0.185662 0.311765 0.074265 0.066667
0 0.253309 0.270588 0.072794 0.057516
4 0.280882 0.385621 0.025000 0.041830
4 0.183824 0.379739 0.025000 0.037908
