0 0.417187 0.014815 0.021875 0.029630
0 0.446875 0.019444 0.016667 0.024074
0 0.362500 0.232407 0.029167 0.050000
0 0.355729 0.266667 0.030208 0.062963
0 0.563021 0.319444 0.028125 0.053704
0 0.527604 0.199074 0.026042 0.046296
0 0.632812 0.120370 0.044792 0.033333
0 0.645312 0.091667 0.038542 0.031481
0 0.691667 0.115741 0.039583 0.031481
0 0.478125 0.229630 0.029167 0.051852
1 0.348958 0.327778 0.035417 0.081481
0 0.339062 0.381481 0.032292 0.074074
0 0.475521 0.399074 0.042708 0.072222
2 0.689583 0.069444 0.056250 0.050000
0 0.463542 0.140741 0.018750 0.040741
0 0.504167 0.058333 0.016667 0.031481
0 0.528646 0.044444 0.034375 0.029630
0 0.595313 0.095370 0.042708 0.031481
0 0.446875 0.081481 0.018750 0.033333
4 0.447396 0.035185 0.005208 0.018519
4 0.435417 0.056481 0.004167 0.016667
4 0.471875 0.051852 0.004167 0.014815
4 0.381771 0.153704 0.019792 0.025926
4 0.483854 0.269444 0.009375 0.031481
4 0.512500 0.260185 0.008333 0.031481
4 0.475000 0.175926 0.008333 0.025926
4 0.485937 0.145370 0.007292 0.024074
4 0.493750 0.138889 0.006250 0.022222
4 0.444792 0.575000 0.014583 0.053704
0 0.270313 0.738889 0.076042 0.162963
2 0.442708 0.788889 0.072917 0.274074
0 0.321354 0.885185 0.059375 0.203704
4 0.672396 0.577778 0.038542 0.055556
4 0.529167 0.953704 0.025000 0.085185
4 0.541667 0.837963 0.020833 0.079630
4 0.564063 0.739815 0.023958 0.079630
4 0.626563 0.721296 0.023958 0.061111
4 0.967708 0.625000 0.039583 0.042593
4 0.838021 0.437963 0.036458 0.046296
