0 0.461029 0.815686 0.058824 0.060131
0 0.452574 0.753595 0.052206 0.048366
0 0.548162 0.858170 0.065441 0.069281
0 0.702941 0.862092 0.080882 0.061438
0 0.676838 0.913725 0.094853 0.083660
0 0.599632 0.923529 0.090441 0.077124
1 0.625000 0.964706 0.102941 0.067974
0 0.761029 0.977778 0.091176 0.039216
0 0.870221 0.867974 0.091912 0.065359
0 0.659559 0.764706 0.057353 0.047059
4 0.865074 0.833987 0.027206 0.026144
4 0.775368 0.743137 0.008088 0.027451
4 0.798529 0.743791 0.010294 0.031373
4 0.826471 0.740523 0.014706 0.027451
4 0.851838 0.743137 0.012500 0.027451
4 0.865441 0.741176 0.011765 0.023529
4 0.880147 0.741176 0.013235 0.028758
1 0.941176 0.808497 0.082353 0.058824
4 0.913603 0.767320 0.012500 0.031373
1 0.381250 0.632680 0.030147 0.023529
1 0.371691 0.615686 0.030147 0.026144
0 0.355515 0.611111 0.025735 0.022222
0 0.341176 0.607190 0.026471 0.022222
