1 0.349265 0.734641 0.083824 0.078431
0 0.286397 0.943791 0.053676 0.107190
0 0.157721 0.941830 0.071324 0.116340
4 0.077206 0.726144 0.026471 0.027451
4 0.056250 0.682353 0.030147 0.033987
0 0.216176 0.668627 0.088235 0.069281
4 0.255515 0.562745 0.012500 0.043137
1 0.294853 0.610458 0.036765 0.094118
4 0.334926 0.596732 0.024265 0.053595
0 0.367279 0.645098 0.036029 0.092810
0 0.402941 0.611765 0.033824 0.083660
4 0.438971 0.554902 0.029412 0.032680
1 0.569118 0.663399 0.089706 0.082353
4 0.573897 0.570588 0.025735 0.035294
4 0.622794 0.560784 0.025000 0.028758
4 0.668015 0.582353 0.009559 0.043137
4 0.698897 0.587582 0.012500 0.048366
0 0.668750 0.668627 0.080147 0.064052
0 0.768015 0.675163 0.084559 0.064052
4 0.881618 0.635948 0.013235 0.045752
0 0.994485 0.611111 0.009559 0.045752
2 0.939706 0.681699 0.104412 0.071895
0 0.937868 0.960784 0.081618 0.075817
0 0.874632 0.952941 0.080147 0.088889
0 0.713971 0.966013 0.045588 0.067974
1 0.636397 0.872549 0.069853 0.121569
0 0.816544 0.789542 0.096324 0.078431
