0 0.199632 0.238562 0.041912 0.066667
0 0.630147 0.939869 0.138235 0.120261
0 0.472426 0.263399 0.038971 0.066667
0 0.199632 0.187582 0.038971 0.066667
0 0.188235 0.020261 0.020588 0.035294
0 0.408456 0.196078 0.075735 0.057516
1 0.446691 0.216993 0.046324 0.065359
0 0.402941 0.173203 0.072059 0.056209
0 0.396691 0.143791 0.066912 0.047059
0 0.372794 0.105882 0.067647 0.047059
1 0.381985 0.112418 0.066912 0.047059
4 0.209559 0.686275 0.075000 0.088889
4 0.272426 0.612418 0.044853 0.084967
4 0.383456 0.598693 0.040441 0.075817
4 0.458824 0.531373 0.042647 0.061438
4 0.501471 0.578431 0.036765 0.069281
4 0.576838 0.677778 0.033088 0.090196
4 0.690074 0.875163 0.037500 0.111111
1 0.669118 0.468627 0.126471 0.111111
4 0.891176 0.483007 0.045588 0.043137
0 0.969118 0.247059 0.061765 0.054902
4 0.965441 0.208497 0.032353 0.032680
1 0.984926 0.445098 0.030147 0.121569
0 0.083824 0.103922 0.064706 0.043137
1 0.093015 0.085621 0.052206 0.037908
0 0.086765 0.075163 0.063235 0.037908
4 0.135662 0.062745 0.009559 0.026144
4 0.150735 0.069281 0.008824 0.023529
0 0.098162 0.031373 0.044853 0.026144
0 0.125735 0.018954 0.032353 0.024837
4 0.334926 0.119608 0.006618 0.027451
0 0.279044 0.014379 0.038971 0.026144
0 0.458088 0.148366 0.010294 0.024837
0 0.469485 0.150980 0.009559 0.024837
0 0.481985 0.167320 0.009559 0.031373
0 0.494118 0.175163 0.013235 0.031373
