0 0.578309 0.935294 0.062500 0.129412
4 0.297426 0.918954 0.037500 0.044444
4 0.382353 0.873203 0.020588 0.067974
0 0.125000 0.622222 0.102941 0.101961
0 0.027574 0.579739 0.055147 0.087582
4 0.326471 0.585621 0.036765 0.052288
4 0.333088 0.513725 0.026471 0.054902
4 0.073529 0.469281 0.033824 0.039216
4 0.016912 0.381046 0.030882 0.040523
4 0.159559 0.350327 0.019118 0.044444
4 0.070956 0.233987 0.012500 0.047059
4 0.056985 0.234641 0.013971 0.043137
4 0.426471 0.282353 0.025000 0.039216
4 0.463971 0.186275 0.019118 0.040523
4 0.501103 0.183007 0.022794 0.036601
0 0.595588 0.515686 0.070588 0.103268
0 0.583824 0.379085 0.039706 0.096732
0 0.602574 0.249673 0.034559 0.086275
0 0.666912 0.284967 0.039706 0.086275
0 0.725000 0.262745 0.036765 0.078431
0 0.622426 0.139869 0.031618 0.075817
0 0.735662 0.124837 0.031618 0.066667
0 0.745221 0.070588 0.027206 0.054902
0 0.678309 0.093464 0.030147 0.064052
0 0.641176 0.039216 0.027941 0.062745
0 0.617647 0.020261 0.032353 0.040523
4 0.702941 0.350980 0.014706 0.045752
4 0.560662 0.233987 0.012500 0.033987
4 0.547426 0.196078 0.012500 0.033987
4 0.702206 0.500000 0.013235 0.048366
4 0.747059 0.575817 0.033824 0.045752
4 0.690809 0.752288 0.022794 0.066667
4 0.910662 0.611111 0.041912 0.045752
4 0.963235 0.656209 0.044118 0.041830
4 0.907353 0.493464 0.027941 0.040523
4 0.911397 0.450327 0.013971 0.048366
4 0.861397 0.491503 0.018382 0.047059
4 0.957721 0.485621 0.018382 0.045752
4 0.983088 0.489542 0.011765 0.045752
4 0.813603 0.389542 0.034559 0.028758
4 0.815074 0.369935 0.031618 0.036601
4 0.781618 0.285621 0.026471 0.035294
4 0.771324 0.213725 0.026471 0.030065
4 0.788235 0.053595 0.020588 0.026144
4 0.785294 0.009150 0.020588 0.018301
4 0.947426 0.317647 0.021324 0.039216
4 0.908088 0.284314 0.027941 0.024837
4 0.818015 0.445098 0.012500 0.048366
