4 0.735662 0.868627 0.055147 0.069281
4 0.768382 0.846405 0.066176 0.071895
4 0.749265 0.806536 0.069118 0.067974
4 0.730882 0.786928 0.039706 0.073203
4 0.980515 0.130065 0.015441 0.027451
4 0.671324 0.005882 0.010294 0.011765
4 0.694853 0.026797 0.013235 0.016993
4 0.031618 0.901307 0.042647 0.087582
4 0.097426 0.797386 0.031618 0.083660
4 0.096324 0.737908 0.025000 0.077124
0 0.043382 0.656209 0.086765 0.112418
4 0.021691 0.535948 0.033088 0.047059
0 0.069853 0.469281 0.114706 0.112418
0 0.022059 0.069935 0.044118 0.037908
1 0.013603 0.183660 0.027206 0.069281
0 0.022059 0.032026 0.044118 0.035294
0 0.034926 0.011765 0.049265 0.023529
0 0.077941 0.009150 0.030882 0.018301
0 0.099265 0.013725 0.023529 0.027451
4 0.095221 0.031373 0.009559 0.023529
4 0.095588 0.130719 0.008824 0.031373
0 0.202941 0.014379 0.044118 0.026144
0 0.198897 0.026797 0.033088 0.027451
0 0.205882 0.035948 0.036765 0.032680
0 0.194118 0.070588 0.044118 0.033987
0 0.128309 0.090196 0.037500 0.033987
4 0.205882 0.110458 0.020588 0.022222
0 0.175735 0.092810 0.027941 0.041830
0 0.158456 0.122876 0.049265 0.036601
1 0.170588 0.156209 0.064706 0.048366
0 0.176103 0.193464 0.075735 0.057516
0 0.148529 0.228105 0.069118 0.050980
1 0.163971 0.245098 0.079412 0.069281
4 0.114706 0.294118 0.022059 0.033987
1 0.031985 0.333987 0.063971 0.082353
0 0.101838 0.390196 0.094853 0.077124
4 0.311765 0.090850 0.008824 0.032680
4 0.305882 0.117647 0.008824 0.033987
