4 0.150000 0.415741 0.014583 0.020370
4 0.181250 0.560185 0.016667 0.046296
4 0.484896 0.555556 0.015625 0.018519
4 0.474479 0.582407 0.011458 0.042593
4 0.489583 0.577778 0.010417 0.033333
4 0.525000 0.568519 0.008333 0.040741
4 0.536979 0.572222 0.009375 0.037037
4 0.552083 0.555556 0.014583 0.037037
4 0.547396 0.573148 0.009375 0.027778
4 0.590625 0.566667 0.012500 0.040741
4 0.605729 0.562963 0.013542 0.051852
4 0.621354 0.556481 0.019792 0.042593
4 0.942187 0.558333 0.017708 0.042593
0 0.711979 0.451852 0.071875 0.044444
1 0.652604 0.488889 0.059375 0.055556
4 0.603646 0.437037 0.028125 0.029630
4 0.422917 0.374074 0.014583 0.022222
4 0.411458 0.375926 0.010417 0.025926
0 0.484896 0.361111 0.051042 0.033333
0 0.466146 0.349074 0.046875 0.031481
1 0.483854 0.335185 0.044792 0.029630
0 0.570312 0.352778 0.021875 0.038889
0 0.527083 0.212037 0.012500 0.020370
0 0.511458 0.210185 0.012500 0.016667
0 0.492708 0.211111 0.010417 0.018519
1 0.478125 0.209259 0.012500 0.018519
2 0.455729 0.193519 0.021875 0.042593
1 0.421875 0.200926 0.012500 0.020370
1 0.437500 0.204630 0.014583 0.027778
1 0.572917 0.224074 0.016667 0.025926
1 0.584375 0.197222 0.018750 0.020370
