1 0.583088 0.205229 0.086765 0.086275
0 0.570588 0.111765 0.083824 0.077124
0 0.865441 0.159477 0.086765 0.073203
2 0.821324 0.047712 0.294118 0.095425
4 0.971324 0.110458 0.025000 0.035294
0 0.234191 0.484314 0.131618 0.137255
0 0.330515 0.616993 0.137500 0.125490
1 0.949265 0.716340 0.100000 0.130719
4 0.504779 0.057516 0.025735 0.039216
4 0.717647 0.860131 0.066176 0.094118
4 0.315074 0.692157 0.052206 0.066667
4 0.623162 0.479085 0.043382 0.050980
0 0.048529 0.858170 0.097059 0.150327
4 0.134191 0.883660 0.041912 0.101961
4 0.105515 0.937255 0.066912 0.096732
4 0.427206 0.022876 0.020588 0.030065
