4 0.230882 0.830719 0.045588 0.098039
1 0.769485 0.085621 0.075735 0.092810
4 0.768015 0.023529 0.030147 0.036601
1 0.801471 0.055556 0.076471 0.071895
0 0.837868 0.028758 0.080147 0.057516
1 0.870588 0.020261 0.069118 0.040523
0 0.575000 0.230719 0.089706 0.108497
0 0.467279 0.249020 0.112500 0.108497
0 0.429779 0.184314 0.102206 0.107190
4 0.355515 0.097386 0.034559 0.048366
1 0.346691 0.171895 0.094853 0.103268
0 0.296691 0.142484 0.083088 0.088889
1 0.276838 0.087582 0.096324 0.091503
4 0.066544 0.323529 0.028676 0.079739
1 0.231985 0.033333 0.093382 0.066667
