0 0.971324 0.496078 0.057353 0.098039
1 0.144485 0.958824 0.119853 0.082353
4 0.111397 0.642484 0.053676 0.053595
4 0.087132 0.589542 0.058088 0.049673
4 0.096691 0.556863 0.055147 0.057516
0 0.558456 0.596732 0.090441 0.207843
0 0.614706 0.458824 0.041176 0.044444
0 0.659559 0.298039 0.123529 0.128105
0 0.473529 0.223529 0.094118 0.081046
0 0.513603 0.309150 0.111029 0.103268
0 0.849265 0.171895 0.072059 0.090196
4 0.924265 0.115686 0.016176 0.043137
0 0.784559 0.036601 0.048529 0.070588
0 0.736397 0.018954 0.044853 0.037908
4 0.182721 0.235294 0.036029 0.047059
0 0.273529 0.036601 0.083824 0.070588
4 0.446691 0.023529 0.011029 0.041830
4 0.428676 0.020261 0.022059 0.040523
4 0.682721 0.022876 0.019853 0.032680
4 0.667279 0.052941 0.024265 0.032680
4 0.640441 0.409150 0.041176 0.054902
4 0.701471 0.447059 0.036765 0.057516
