4 0.418750 0.949074 0.031250 0.098148
4 0.517708 0.854630 0.022917 0.068519
4 0.386458 0.715741 0.020833 0.072222
4 0.301563 0.725926 0.017708 0.062963
4 0.179167 0.832407 0.027083 0.098148
4 0.627604 0.679630 0.019792 0.066667
4 0.648438 0.650000 0.019792 0.055556
4 0.591146 0.627778 0.013542 0.040741
4 0.751563 0.586111 0.034375 0.038889
4 0.752083 0.536111 0.025000 0.042593
0 0.668750 0.538889 0.093750 0.074074
1 0.648438 0.512037 0.067708 0.064815
1 0.639583 0.422222 0.054167 0.051852
4 0.579688 0.451852 0.009375 0.033333
4 0.565625 0.377778 0.012500 0.025926
4 0.551042 0.443519 0.012500 0.031481
4 0.492708 0.323148 0.006250 0.020370
1 0.494271 0.248148 0.013542 0.025926
1 0.552083 0.272222 0.010417 0.018519
4 0.536458 0.287037 0.004167 0.018519
