4 0.492708 0.608333 0.009375 0.027778
0 0.642969 0.614352 0.020313 0.047222
0 0.475521 0.927778 0.104167 0.144444
0 0.431250 0.667130 0.083333 0.056481
4 0.444010 0.643981 0.024479 0.023148
0 0.491927 0.823148 0.074479 0.112963
4 0.682552 0.937037 0.035937 0.116667
0 0.596354 0.835185 0.064583 0.112963
0 0.564323 0.667130 0.086979 0.049074
0 0.573177 0.688426 0.095312 0.062037
4 0.581510 0.731481 0.016146 0.055556
0 0.693750 0.681944 0.090625 0.056481
0 0.759115 0.710185 0.092188 0.050000
4 0.632552 0.751852 0.025521 0.057407
1 0.387500 0.636111 0.058333 0.057407
