0 0.650735 0.024837 0.016176 0.013072
0 0.661029 0.035948 0.005882 0.009150
0 0.675000 0.030065 0.005882 0.007843
0 0.611765 0.094771 0.010294 0.011765
0 0.594485 0.110458 0.009559 0.011765
0 0.574265 0.118954 0.010294 0.013072
0 0.564706 0.107843 0.010294 0.011765
3 0.569485 0.084967 0.019853 0.020915
3 0.561029 0.085621 0.020588 0.019608
1 0.545221 0.083660 0.009559 0.015686
0 0.548897 0.119608 0.011029 0.014379
2 0.530515 0.140523 0.013971 0.016993
0 0.517647 0.137255 0.010294 0.015686
0 0.590441 0.177124 0.011765 0.014379
0 0.511397 0.193464 0.013971 0.018301
0 0.493750 0.168627 0.013971 0.018301
4 0.509926 0.154248 0.008088 0.010458
4 0.480882 0.183007 0.008824 0.010458
1 0.441912 0.220915 0.011765 0.023529
0 0.425000 0.229412 0.019118 0.024837
0 0.475735 0.363399 0.019118 0.028758
0 0.500000 0.359477 0.017647 0.018301
0 0.495588 0.371895 0.026471 0.022222
0 0.481250 0.383660 0.034559 0.024837
0 0.479412 0.398693 0.030882 0.026144
1 0.477206 0.413725 0.026471 0.035294
1 0.442647 0.398039 0.038235 0.037908
3 0.418382 0.376471 0.038235 0.054902
0 0.436029 0.426144 0.033824 0.023529
1 0.458824 0.436601 0.029412 0.033987
0 0.423162 0.448366 0.037500 0.026144
0 0.433456 0.460784 0.038971 0.027451
0 0.415809 0.486275 0.038971 0.031373
0 0.403309 0.513072 0.038971 0.035294
0 0.367647 0.555556 0.042647 0.031373
0 0.392279 0.319608 0.022794 0.024837
1 0.369118 0.276471 0.019118 0.027451
1 0.354044 0.270588 0.018382 0.026144
1 0.351471 0.295425 0.022059 0.026144
1 0.334926 0.307190 0.022794 0.023529
4 0.325735 0.309804 0.007353 0.007843
0 0.332721 0.285621 0.028676 0.019608
4 0.336029 0.260131 0.007353 0.013072
4 0.323529 0.269935 0.007353 0.014379
4 0.331250 0.257516 0.008088 0.013072
4 0.309559 0.283007 0.008824 0.009150
4 0.334926 0.347059 0.008088 0.014379
0 0.325735 0.326797 0.027941 0.028758
0 0.299632 0.341176 0.028676 0.031373
0 0.289706 0.313725 0.026471 0.023529
4 0.259191 0.324183 0.008088 0.015686
0 0.312868 0.396732 0.030147 0.035294
0 0.244118 0.354902 0.032353 0.027451
0 0.228676 0.365359 0.029412 0.024837
1 0.220956 0.375817 0.038971 0.032680
1 0.173529 0.405882 0.041176 0.035294
4 0.143750 0.420261 0.008088 0.016993
4 0.176838 0.431373 0.011029 0.018301
4 0.163971 0.432680 0.011765 0.015686
4 0.121324 0.429412 0.013235 0.016993
0 0.139706 0.441830 0.026471 0.031373
0 0.158824 0.471895 0.032353 0.041830
1 0.155882 0.520261 0.047059 0.054902
0 0.006250 0.671895 0.012500 0.039216
0 0.021324 0.601307 0.042647 0.036601
1 0.051471 0.554902 0.044118 0.053595
0 0.015441 0.549020 0.030882 0.039216
0 0.097794 0.469935 0.044118 0.027451
1 0.069118 0.484967 0.033824 0.041830
