0 0.321324 0.671242 0.132353 0.207843
1 0.044118 0.283007 0.088235 0.105882
1 0.027941 0.250327 0.055882 0.105882
4 0.058456 0.168627 0.028676 0.039216
4 0.087868 0.175163 0.027206 0.036601
4 0.122059 0.179739 0.029412 0.040523
4 0.316544 0.202614 0.015441 0.044444
4 0.338603 0.195425 0.011029 0.045752
0 0.894853 0.470588 0.122059 0.096732
0 0.924632 0.375817 0.115441 0.082353
0 0.975368 0.293464 0.049265 0.077124
0 0.961029 0.255556 0.077941 0.077124
0 0.577206 0.391503 0.092647 0.132026
1 0.428676 0.253595 0.122059 0.128105
0 0.703676 0.271895 0.067647 0.091503
0 0.730882 0.182353 0.050000 0.077124
4 0.609926 0.299346 0.024265 0.044444
4 0.640809 0.241830 0.018382 0.039216
0 0.508824 0.256209 0.076471 0.078431
4 0.500368 0.200654 0.025735 0.045752
4 0.536765 0.181699 0.020588 0.044444
4 0.577941 0.141176 0.022059 0.033987
4 0.574265 0.146405 0.020588 0.033987
4 0.572059 0.190850 0.027941 0.036601
4 0.554412 0.165359 0.020588 0.043137
4 0.573162 0.182353 0.028676 0.043137
0 0.962132 0.062745 0.040441 0.052288
0 0.951471 0.013725 0.038235 0.027451
1 0.916544 0.042484 0.038971 0.066667
0 0.875735 0.092810 0.047059 0.060131
0 0.815074 0.145098 0.050735 0.065359
4 0.780882 0.130065 0.017647 0.037908
4 0.819118 0.091503 0.014706 0.033987
0 0.655147 0.101961 0.061765 0.057516
1 0.677941 0.077124 0.058824 0.067974
0 0.695956 0.055556 0.062500 0.058824
0 0.736765 0.026144 0.060294 0.052288
0 0.759926 0.020915 0.056618 0.041830
0 0.775735 0.014379 0.048529 0.028758
