0 0.679412 0.878431 0.182353 0.243137
0 0.465441 0.593464 0.064706 0.177778
0 0.651103 0.474510 0.074265 0.128105
0 0.465074 0.416993 0.052206 0.125490
4 0.399265 0.449673 0.013235 0.060131
4 0.350000 0.391503 0.025000 0.071895
0 0.260662 0.327451 0.108088 0.105882
4 0.414706 0.356863 0.016176 0.049673
0 0.493382 0.269935 0.041176 0.092810
1 0.398529 0.181046 0.039706 0.105882
0 0.631618 0.345098 0.051471 0.091503
0 0.593750 0.237255 0.044853 0.069281
0 0.559559 0.132680 0.032353 0.056209
4 0.448162 0.109804 0.006618 0.031373
0 0.558088 0.041830 0.029412 0.049673
4 0.584559 0.025490 0.007353 0.027451
0 0.664338 0.034641 0.053676 0.037908
4 0.683456 0.264706 0.019853 0.056209
4 0.709926 0.246405 0.027206 0.035294
4 0.735294 0.296732 0.036765 0.041830
4 0.741544 0.141176 0.031618 0.036601
4 0.711397 0.075163 0.030147 0.032680
0 0.445956 0.017647 0.031618 0.035294
