0 0.847059 0.827451 0.123529 0.120261
4 0.753676 0.624183 0.033824 0.045752
0 0.670221 0.599346 0.063971 0.134641
0 0.640809 0.488235 0.056618 0.108497
0 0.622794 0.390850 0.048529 0.096732
0 0.606985 0.290850 0.040441 0.079739
0 0.588235 0.213072 0.039706 0.060131
0 0.543750 0.126797 0.040441 0.054902
0 0.565809 0.096078 0.031618 0.048366
0 0.542647 0.056863 0.042647 0.048366
0 0.546691 0.022876 0.025735 0.040523
0 0.475000 0.090850 0.027941 0.053595
0 0.465074 0.035294 0.024265 0.041830
0 0.395956 0.020261 0.024265 0.040523
4 0.297059 0.128105 0.023529 0.033987
4 0.262868 0.116993 0.009559 0.032680
0 0.216176 0.915033 0.079412 0.169935
0 0.087500 0.919608 0.136765 0.158170
0 0.138235 0.745098 0.130882 0.175163
4 0.204412 0.504575 0.030882 0.052288
4 0.272059 0.216993 0.017647 0.047059
0 0.297426 0.412418 0.044853 0.113725
0 0.306618 0.316340 0.042647 0.091503
0 0.319118 0.218954 0.038235 0.092810
0 0.327941 0.165359 0.032353 0.069281
0 0.336397 0.101307 0.030147 0.071895
0 0.344853 0.062745 0.025000 0.052288
0 0.350368 0.022222 0.025735 0.044444
4 0.745956 0.543137 0.025735 0.048366
4 0.736397 0.520915 0.030147 0.045752
4 0.708456 0.429412 0.027206 0.040523
4 0.698529 0.411111 0.029412 0.040523
4 0.625735 0.199346 0.023529 0.027451
4 0.606985 0.118954 0.021324 0.023529
4 0.604412 0.102614 0.017647 0.027451
4 0.581985 0.064052 0.016912 0.023529
4 0.504779 0.020261 0.008088 0.030065
