0 0.433073 0.828704 0.050521 0.129630
4 0.620052 0.590278 0.009896 0.036111
4 0.494792 0.704167 0.009375 0.039815
4 0.512500 0.660185 0.012500 0.038889
1 0.537500 0.364815 0.013542 0.025926
0 0.527344 0.338426 0.009896 0.015741
0 0.524219 0.327778 0.010937 0.018519
0 0.422135 0.339352 0.011979 0.021296
0 0.457031 0.413426 0.017188 0.026852
4 0.475260 0.459722 0.005729 0.021296
4 0.490885 0.465741 0.005729 0.022222
4 0.496615 0.411574 0.004687 0.017593
4 0.492448 0.402315 0.003646 0.015741
4 0.478906 0.406944 0.004687 0.017593
4 0.472396 0.399074 0.003125 0.016667
4 0.482812 0.389815 0.004167 0.014815
4 0.490104 0.381944 0.003125 0.013889
4 0.469792 0.386574 0.005208 0.015741
4 0.485156 0.365741 0.003646 0.012963
4 0.480469 0.325000 0.003646 0.011111
0 0.061979 0.743519 0.107292 0.090741
0 0.153646 0.630093 0.069792 0.060185
4 0.354167 0.843981 0.017708 0.071296
4 0.357292 0.634722 0.014583 0.036111
4 0.347917 0.701389 0.012500 0.058333
4 0.289844 0.493981 0.016146 0.021296
