1 0.314323 0.843056 0.111979 0.191667
0 0.257812 0.967593 0.135417 0.064815
0 0.122917 0.620370 0.091667 0.070370
1 0.015625 0.458333 0.031250 0.037037
1 0.032031 0.474537 0.032813 0.036111
4 0.256510 0.631481 0.024479 0.042593
4 0.304948 0.587500 0.024479 0.036111
1 0.365885 0.556019 0.086979 0.071296
1 0.408073 0.472685 0.050521 0.041667
1 0.417969 0.459722 0.045312 0.039815
1 0.447917 0.658333 0.091667 0.072222
1 0.515625 0.836574 0.146875 0.154630
1 0.509115 0.740278 0.133854 0.121296
4 0.619010 0.569907 0.011979 0.036111
1 0.454948 0.481481 0.046354 0.040741
1 0.521615 0.474537 0.050521 0.036111
0 0.521615 0.468519 0.053646 0.033333
0 0.526563 0.460648 0.054167 0.030556
0 0.527083 0.456019 0.042708 0.030556
1 0.657813 0.649537 0.084375 0.075000
4 0.628906 0.539352 0.014063 0.030556
4 0.814844 0.927778 0.069271 0.101852
0 0.967708 0.587500 0.062500 0.056481
0 0.858073 0.471759 0.029687 0.036111
4 0.835938 0.520833 0.011458 0.028704
4 0.832552 0.490741 0.009896 0.027778
4 0.788021 0.475000 0.008333 0.027778
4 0.807812 0.474074 0.009375 0.027778
4 0.799219 0.450000 0.006771 0.020370
0 0.724219 0.502778 0.027604 0.044444
0 0.730990 0.483796 0.024479 0.039815
0 0.723437 0.469444 0.022917 0.033333
1 0.724479 0.455556 0.020833 0.031481
0 0.685677 0.476389 0.023438 0.034259
4 0.701823 0.453241 0.007812 0.019444
0 0.688802 0.434722 0.044271 0.025000
4 0.705990 0.428241 0.004687 0.012037
4 0.699740 0.373611 0.003646 0.008333
4 0.691406 0.368519 0.002604 0.007407
1 0.734115 0.378241 0.010937 0.015741
3 0.715885 0.386574 0.020313 0.041667
0 0.725521 0.359259 0.008333 0.009259
2 0.710417 0.360648 0.015625 0.026852
4 0.735417 0.362037 0.002083 0.007407
4 0.731510 0.360185 0.002604 0.009259
1 0.718750 0.354630 0.005208 0.009259
1 0.723698 0.339815 0.004687 0.007407
4 0.747396 0.376389 0.004167 0.010185
0 0.641667 0.350000 0.012500 0.009259
1 0.633073 0.370370 0.016146 0.012963
