0 0.288021 0.732407 0.038542 0.090741
4 0.112500 0.725000 0.041667 0.050000
4 0.107292 0.666667 0.037500 0.040741
4 0.126562 0.653704 0.040625 0.040741
4 0.554688 0.825926 0.015625 0.059259
4 0.504687 0.786111 0.013542 0.050000
0 0.444271 0.733333 0.040625 0.092593
4 0.485417 0.623148 0.012500 0.042593
0 0.424479 0.649074 0.032292 0.061111
1 0.423437 0.587963 0.032292 0.064815
0 0.351042 0.605556 0.031250 0.066667
4 0.503125 0.550926 0.008333 0.031481
4 0.489583 0.518519 0.008333 0.029630
4 0.445833 0.544444 0.012500 0.033333
1 0.421354 0.534259 0.026042 0.053704
0 0.418750 0.496296 0.022917 0.040741
0 0.417708 0.465741 0.020833 0.038889
4 0.452083 0.472222 0.010417 0.029630
4 0.209896 0.467593 0.019792 0.024074
0 0.232292 0.445370 0.056250 0.038889
0 0.588021 0.376852 0.040625 0.027778
4 0.177083 0.419444 0.018750 0.020370
4 0.223958 0.407407 0.006250 0.022222
4 0.209896 0.395370 0.013542 0.020370
4 0.217188 0.373148 0.005208 0.012963
4 0.213542 0.375000 0.004167 0.012963
4 0.216667 0.380556 0.012500 0.012963
2 0.458333 0.429630 0.018750 0.051852
4 0.409896 0.397222 0.013542 0.020370
4 0.457813 0.396296 0.007292 0.022222
4 0.456250 0.372222 0.016667 0.022222
4 0.438021 0.366667 0.005208 0.018519
4 0.406771 0.373148 0.007292 0.020370
4 0.404167 0.347222 0.012500 0.016667
0 0.407812 0.355556 0.036458 0.022222
4 0.374479 0.343519 0.005208 0.016667
1 0.353125 0.258333 0.010417 0.020370
0 0.378125 0.312963 0.012500 0.022222
0 0.380729 0.302778 0.013542 0.020370
0 0.381771 0.292593 0.011458 0.022222
0 0.399479 0.282407 0.011458 0.020370
4 0.413542 0.284259 0.004167 0.012963
0 0.427083 0.282407 0.012500 0.020370
4 0.428125 0.263889 0.010417 0.012963
0 0.386979 0.162037 0.005208 0.009259
4 0.375521 0.256481 0.003125 0.012963
4 0.381250 0.262963 0.004167 0.011111
4 0.385417 0.255556 0.004167 0.011111
2 0.477083 0.231481 0.016667 0.018519
0 0.473958 0.242593 0.014583 0.011111
0 0.494792 0.262037 0.012500 0.016667
4 0.501563 0.266667 0.007292 0.014815
0 0.480208 0.276852 0.025000 0.020370
4 0.464062 0.327778 0.005208 0.014815
0 0.451562 0.262963 0.021875 0.014815
0 0.448958 0.268519 0.022917 0.018519
0 0.452604 0.275926 0.026042 0.018519
0 0.455208 0.281481 0.027083 0.018519
0 0.463542 0.298148 0.029167 0.018519
0 0.466667 0.300926 0.027083 0.020370
1 0.473438 0.300926 0.023958 0.024074
0 0.478125 0.306481 0.027083 0.020370
1 0.481250 0.312037 0.025000 0.024074
1 0.488021 0.315741 0.028125 0.027778
0 0.578646 0.294444 0.021875 0.018519
0 0.595833 0.298148 0.025000 0.018519
0 0.598437 0.311111 0.030208 0.022222
0 0.589583 0.322222 0.014583 0.029630
0 0.611979 0.324074 0.017708 0.025926
1 0.640625 0.332407 0.029167 0.027778
0 0.638021 0.327778 0.021875 0.025926
0 0.659375 0.325000 0.016667 0.031481
0 0.844792 0.324074 0.014583 0.033333
