0 0.953309 0.477778 0.053676 0.043137
0 0.914706 0.556863 0.032353 0.070588
0 0.927206 0.680392 0.069118 0.066667
4 0.828676 0.456863 0.010294 0.022222
0 0.841544 0.544444 0.030147 0.071895
2 0.782721 0.532680 0.036029 0.079739
0 0.754044 0.516340 0.036029 0.062745
0 0.740441 0.479085 0.050000 0.045752
4 0.726103 0.512418 0.011029 0.026144
0 0.690074 0.383007 0.037500 0.054902
0 0.667647 0.341830 0.025000 0.050980
0 0.665441 0.260131 0.029412 0.041830
0 0.644485 0.238562 0.019853 0.040523
1 0.638235 0.197386 0.016176 0.039216
0 0.623529 0.128105 0.017647 0.031373
4 0.643015 0.093464 0.009559 0.019608
0 0.616176 0.092810 0.017647 0.033987
1 0.544485 0.157516 0.012500 0.032680
0 0.606618 0.059477 0.013235 0.022222
0 0.611765 0.039869 0.029412 0.022222
4 0.531250 0.025490 0.005147 0.019608
3 0.547426 0.404575 0.037500 0.126797
4 0.698897 0.818954 0.022794 0.032680
4 0.629412 0.735948 0.022059 0.026144
0 0.545956 0.734641 0.037500 0.088889
4 0.516544 0.613725 0.006618 0.035294
0 0.501471 0.567974 0.025000 0.079739
0 0.412132 0.918301 0.062500 0.090196
0 0.493015 0.456209 0.022794 0.070588
0 0.456985 0.377124 0.022794 0.061438
0 0.456985 0.258170 0.016912 0.050980
0 0.454044 0.139869 0.015441 0.039216
0 0.462500 0.077778 0.014706 0.032680
0 0.400735 0.378431 0.042647 0.050980
0 0.386029 0.009804 0.017647 0.019608
0 0.392647 0.048366 0.013235 0.028758
0 0.375368 0.077778 0.033088 0.027451
1 0.382721 0.109804 0.016912 0.041830
0 0.381985 0.149020 0.016912 0.036601
0 0.376471 0.186928 0.017647 0.041830
0 0.368750 0.237908 0.019853 0.044444
0 0.363235 0.296078 0.019118 0.053595
4 0.389338 0.769935 0.009559 0.033987
4 0.377206 0.767974 0.010294 0.037908
4 0.341176 0.698039 0.008824 0.041830
0 0.032353 0.814379 0.064706 0.062745
4 0.084191 0.828758 0.025735 0.033987
0 0.086397 0.767320 0.071324 0.057516
0 0.181985 0.680392 0.055147 0.066667
4 0.386029 0.432680 0.008824 0.033987
0 0.351471 0.430065 0.027941 0.067974
4 0.319485 0.486275 0.022794 0.031373
4 0.293750 0.130065 0.006618 0.019608
4 0.266912 0.111111 0.011765 0.015686
4 0.254779 0.354902 0.013971 0.022222
4 0.307721 0.364706 0.015441 0.023529
4 0.305147 0.373203 0.014706 0.019608
4 0.276838 0.490196 0.013971 0.028758
4 0.262868 0.505229 0.022794 0.022222
4 0.265441 0.466013 0.014706 0.024837
4 0.233824 0.495425 0.014706 0.031373
4 0.241176 0.479085 0.014706 0.022222
4 0.246691 0.470588 0.016912 0.026144
4 0.249265 0.459477 0.014706 0.027451
4 0.241912 0.418301 0.014706 0.018301
4 0.251838 0.430065 0.016912 0.018301
4 0.220956 0.513072 0.006618 0.032680
4 0.207721 0.510458 0.008088 0.030065
4 0.213235 0.535948 0.005882 0.031373
4 0.253676 0.520261 0.010294 0.031373
4 0.228676 0.558170 0.019118 0.028758
4 0.178309 0.492810 0.006618 0.031373
4 0.228676 0.452941 0.013235 0.032680
4 0.206985 0.426144 0.009559 0.026144
4 0.205882 0.459477 0.008824 0.030065
4 0.185662 0.479085 0.006618 0.030065
4 0.170221 0.439869 0.006618 0.027451
4 0.176103 0.460131 0.011029 0.033987
4 0.160294 0.443791 0.007353 0.030065
4 0.153309 0.443137 0.006618 0.031373
4 0.145221 0.471895 0.011029 0.028758
4 0.158824 0.475163 0.008824 0.030065
4 0.152574 0.475163 0.009559 0.030065
4 0.040074 0.651634 0.013971 0.027451
4 0.086029 0.624837 0.016176 0.028758
4 0.099265 0.615686 0.013235 0.033987
4 0.111765 0.610458 0.013235 0.033987
4 0.121691 0.605882 0.012500 0.027451
4 0.094853 0.543791 0.011765 0.031373
4 0.104779 0.574510 0.011029 0.037908
4 0.093750 0.591503 0.013971 0.027451
4 0.081985 0.597386 0.011029 0.031373
4 0.073529 0.601307 0.013235 0.036601
4 0.065441 0.607190 0.011765 0.037908
4 0.064338 0.633987 0.006618 0.036601
4 0.055147 0.612418 0.007353 0.040523
4 0.045956 0.616993 0.011029 0.041830
4 0.037500 0.623529 0.010294 0.039216
4 0.030515 0.626797 0.011029 0.035294
4 0.022426 0.628758 0.009559 0.041830
4 0.013971 0.634641 0.008824 0.040523
4 0.007353 0.639216 0.008824 0.044444
4 0.085294 0.549020 0.011765 0.033987
4 0.064706 0.575163 0.011765 0.026144
4 0.077574 0.520915 0.012500 0.030065
4 0.067279 0.522222 0.013971 0.032680
4 0.065809 0.496732 0.009559 0.028758
4 0.058456 0.497386 0.009559 0.032680
4 0.049265 0.497386 0.010294 0.032680
4 0.041176 0.497386 0.010294 0.043137
4 0.035662 0.501961 0.011029 0.044444
4 0.042279 0.455556 0.008088 0.030065
4 0.034926 0.462745 0.011029 0.028758
4 0.027206 0.464706 0.008824 0.027451
4 0.020956 0.466667 0.006618 0.028758
4 0.005882 0.473856 0.005882 0.032680
4 0.006618 0.598039 0.010294 0.032680
4 0.015809 0.595425 0.011029 0.032680
4 0.022059 0.588889 0.008824 0.035294
4 0.029779 0.582353 0.009559 0.035294
4 0.037500 0.578431 0.010294 0.035294
4 0.057721 0.528105 0.011029 0.028758
4 0.050735 0.533333 0.011765 0.028758
4 0.041912 0.536601 0.011765 0.032680
4 0.034559 0.543791 0.013235 0.031373
4 0.027941 0.546405 0.010294 0.031373
4 0.013603 0.554902 0.009559 0.032680
4 0.006618 0.555556 0.010294 0.033987
