0 0.319271 0.523148 0.044792 0.038889
0 0.330729 0.635185 0.046875 0.044444
4 0.241667 0.736111 0.020833 0.027778
4 0.290104 0.696296 0.013542 0.025926
4 0.310417 0.585185 0.014583 0.022222
4 0.423958 0.664815 0.010417 0.029630
4 0.482292 0.730556 0.018750 0.024074
4 0.589583 0.697222 0.022917 0.027778
4 0.365104 0.596296 0.019792 0.022222
4 0.352604 0.554630 0.019792 0.024074
4 0.442708 0.612037 0.014583 0.020370
4 0.382292 0.607407 0.020833 0.022222
4 0.396875 0.625926 0.022917 0.025926
4 0.407292 0.626852 0.027083 0.016667
4 0.411979 0.630556 0.019792 0.016667
4 0.418229 0.635185 0.017708 0.022222
4 0.415104 0.619444 0.021875 0.024074
4 0.438021 0.612963 0.019792 0.014815
0 0.471875 0.612037 0.041667 0.042593
0 0.281771 0.485185 0.030208 0.025926
4 0.341667 0.974074 0.020833 0.044444
4 0.709896 0.708333 0.021875 0.024074
0 0.553646 0.824074 0.071875 0.074074
0 0.556250 0.914815 0.089583 0.100000
0 0.779167 0.789815 0.081250 0.072222
0 0.975521 0.730556 0.048958 0.079630
4 0.946875 0.770370 0.018750 0.037037
4 0.923958 0.747222 0.016667 0.031481
4 0.808854 0.928704 0.046875 0.050000
4 0.631250 0.880556 0.025000 0.031481
4 0.656250 0.862037 0.031250 0.042593
4 0.668229 0.926852 0.026042 0.035185
4 0.712500 0.891667 0.031250 0.053704
4 0.717708 0.943519 0.027083 0.042593
4 0.769792 0.912037 0.018750 0.035185
