1 0.758088 0.857516 0.111765 0.094118
4 0.783456 0.803268 0.016912 0.050980
1 0.718382 0.715686 0.082353 0.077124
0 0.688603 0.645752 0.077206 0.060131
0 0.670588 0.616340 0.055882 0.043137
0 0.627206 0.585621 0.076471 0.057516
4 0.682721 0.554902 0.022794 0.030065
1 0.583824 0.511111 0.033824 0.075817
1 0.586397 0.464706 0.043382 0.043137
0 0.605882 0.444444 0.047059 0.039216
0 0.581618 0.349020 0.041176 0.031373
0 0.569118 0.256863 0.035294 0.030065
1 0.534926 0.213072 0.013971 0.026144
4 0.513971 0.258170 0.005882 0.014379
0 0.529412 0.189542 0.016176 0.018301
0 0.552206 0.188889 0.023529 0.016993
0 0.501471 0.223529 0.016176 0.028758
4 0.518750 0.144444 0.005147 0.011765
4 0.511029 0.136601 0.004412 0.009150
0 0.507721 0.111765 0.008088 0.014379
0 0.494485 0.150980 0.009559 0.019608
0 0.493750 0.120915 0.008088 0.014379
0 0.493015 0.103922 0.008088 0.011765
0 0.474265 0.159477 0.011765 0.018301
0 0.476838 0.143137 0.008088 0.014379
4 0.464338 0.139216 0.003676 0.011765
0 0.457353 0.105882 0.007353 0.013072
0 0.458824 0.095425 0.007353 0.013072
4 0.455515 0.235948 0.003676 0.014379
0 0.443382 0.186928 0.011765 0.023529
1 0.416544 0.341176 0.019853 0.039216
1 0.300735 0.969281 0.051471 0.061438
0 0.355515 0.693464 0.044853 0.087582
0 0.373897 0.601961 0.036029 0.079739
4 0.403309 0.470588 0.006618 0.023529
4 0.418015 0.477124 0.005147 0.018301
4 0.224265 0.428758 0.019118 0.028758
4 0.056618 0.778431 0.038235 0.045752
4 0.014338 0.773203 0.028676 0.037908
4 0.135294 0.624183 0.032353 0.030065
4 0.115809 0.632680 0.033088 0.031373
4 0.092279 0.639216 0.034559 0.031373
4 0.084559 0.651634 0.027941 0.030065
0 0.377206 0.297386 0.038235 0.030065
0 0.383088 0.284314 0.033824 0.024837
0 0.350735 0.256209 0.035294 0.023529
0 0.337132 0.239216 0.031618 0.020915
0 0.398897 0.226797 0.030147 0.022222
0 0.405147 0.209804 0.029412 0.022222
4 0.357721 0.196732 0.013971 0.014379
4 0.366912 0.190850 0.010294 0.013072
0 0.405882 0.150980 0.022059 0.014379
0 0.383456 0.150327 0.019853 0.013072
4 0.261765 0.316340 0.014706 0.020915
