0 0.068382 0.028758 0.042647 0.057516
0 0.377206 0.384314 0.111765 0.107190
0 0.787868 0.090850 0.081618 0.079739
0 0.169118 0.203268 0.094118 0.100654
4 0.569485 0.684967 0.043382 0.086275
0 0.755515 0.383660 0.119853 0.105882
4 0.637500 0.711111 0.054412 0.075817
4 0.152206 0.332680 0.039706 0.045752
4 0.648529 0.928758 0.048529 0.056209
4 0.503676 0.750980 0.045588 0.066667
4 0.387132 0.728105 0.024265 0.086275
4 0.581618 0.267320 0.025000 0.048366
4 0.891176 0.279739 0.032353 0.057516
4 0.942647 0.257516 0.026471 0.052288
0 0.942647 0.159477 0.089706 0.075817
4 0.864706 0.158824 0.030882 0.043137
0 0.896691 0.228105 0.086029 0.126797
4 0.783824 0.224183 0.027941 0.037908
0 0.805515 0.247059 0.088971 0.086275
