4 0.118229 0.834259 0.038542 0.055556
4 0.136458 0.811111 0.026042 0.037037
4 0.187500 0.712500 0.026042 0.028704
1 0.184635 0.316667 0.023438 0.016667
0 0.339583 0.868981 0.036458 0.078704
4 0.469792 0.906481 0.021875 0.079630
0 0.541406 0.928704 0.043229 0.101852
4 0.503125 0.849074 0.013542 0.048148
4 0.589844 0.818981 0.021354 0.030556
4 0.581510 0.734259 0.019271 0.031481
0 0.480208 0.763426 0.033333 0.069444
0 0.357031 0.749074 0.055729 0.092593
4 0.443490 0.622222 0.009896 0.031481
4 0.383854 0.617130 0.014583 0.032407
4 0.396875 0.568519 0.016667 0.022222
4 0.567187 0.575926 0.007292 0.027778
4 0.530990 0.598148 0.006771 0.031481
0 0.540365 0.522222 0.023438 0.035185
0 0.482812 0.464352 0.017708 0.030556
0 0.435937 0.432870 0.015625 0.030556
4 0.512240 0.445833 0.006771 0.019444
4 0.464583 0.401852 0.006250 0.018519
0 0.357552 0.325463 0.021354 0.017593
1 0.361979 0.343056 0.022917 0.023148
0 0.382552 0.350463 0.026562 0.023148
0 0.404687 0.340278 0.026042 0.017593
0 0.381510 0.329167 0.021354 0.017593
4 0.534635 0.449074 0.008854 0.018519
4 0.531250 0.431019 0.012500 0.013889
4 0.524479 0.393981 0.009375 0.012037
4 0.503125 0.391667 0.005208 0.016667
4 0.468750 0.386111 0.005208 0.016667
4 0.495052 0.359259 0.003646 0.014815
4 0.472135 0.357407 0.004687 0.016667
0 0.447396 0.356481 0.014583 0.025926
4 0.453906 0.345370 0.010937 0.012963
4 0.527344 0.355093 0.009896 0.012037
4 0.514323 0.347222 0.003646 0.014815
4 0.503125 0.349074 0.003125 0.014815
0 0.524219 0.330093 0.011979 0.017593
0 0.503385 0.336111 0.011979 0.020370
4 0.517448 0.302778 0.007812 0.011111
4 0.490625 0.347222 0.004167 0.014815
4 0.486979 0.338889 0.004167 0.014815
4 0.489844 0.335185 0.003646 0.012963
4 0.472917 0.335185 0.004167 0.014815
4 0.473698 0.325000 0.003646 0.012963
0 0.458854 0.308796 0.015625 0.017593
4 0.459896 0.317593 0.003125 0.011111
4 0.511979 0.308796 0.004167 0.012037
4 0.490885 0.308333 0.003646 0.012963
0 0.494531 0.300926 0.008854 0.014815
4 0.474740 0.297685 0.002604 0.012037
0 0.460938 0.281481 0.009375 0.014815
0 0.480208 0.253241 0.007292 0.012037
4 0.506250 0.290741 0.003125 0.009259
4 0.486719 0.282407 0.003646 0.011111
4 0.507031 0.264815 0.002604 0.009259
4 0.514062 0.258796 0.003125 0.008333
4 0.511719 0.256019 0.003646 0.010185
4 0.510938 0.244907 0.002083 0.008333
4 0.498958 0.252315 0.003125 0.004630
4 0.492708 0.241204 0.002083 0.006481
0 0.493490 0.233796 0.015104 0.012037
4 0.475260 0.231481 0.002604 0.009259
4 0.480208 0.229167 0.003125 0.008333
4 0.505990 0.187963 0.001563 0.005556
4 0.501302 0.176852 0.001563 0.005556
4 0.509115 0.181944 0.001563 0.004630
