0 0.410662 0.694771 0.061029 0.173856
0 0.631250 0.686275 0.075735 0.177778
0 0.493382 0.449020 0.048529 0.134641
0 0.608824 0.426144 0.052941 0.112418
0 0.512868 0.264706 0.040441 0.069281
0 0.129044 0.510458 0.074265 0.129412
2 0.059191 0.132680 0.050735 0.064052
0 0.456618 0.051634 0.023529 0.050980
0 0.502206 0.090196 0.029412 0.054902
1 0.428309 0.039216 0.028676 0.060131
0 0.311029 0.080392 0.033824 0.061438
0 0.741544 0.157516 0.050735 0.058824
0 0.547426 0.030719 0.022794 0.050980
4 0.525368 0.030065 0.025735 0.026144
0 0.157353 0.125490 0.066176 0.036601
0 0.178676 0.089542 0.055882 0.040523
1 0.173162 0.016993 0.047794 0.033987
0 0.671691 0.038562 0.071324 0.035294
4 0.822794 0.155556 0.019118 0.023529
1 0.787500 0.064052 0.041176 0.054902
0 0.761765 0.025490 0.041176 0.035294
2 0.606618 0.068627 0.014706 0.032680
4 0.693750 0.130719 0.025735 0.041830
0 0.033824 0.823529 0.067647 0.196078
