2 0.558333 0.665741 0.056250 0.120370
4 0.604167 0.750926 0.014583 0.042593
0 0.809375 0.912037 0.054167 0.131481
1 0.890625 0.978704 0.045833 0.042593
2 0.573438 0.496296 0.063542 0.155556
2 0.502604 0.405556 0.046875 0.137037
0 0.465104 0.324074 0.015625 0.029630
0 0.444792 0.288889 0.014583 0.025926
2 0.464583 0.207407 0.014583 0.033333
2 0.435417 0.184259 0.016667 0.053704
2 0.428646 0.142593 0.013542 0.037037
0 0.452083 0.161111 0.010417 0.014815
0 0.342187 0.452778 0.032292 0.046296
4 0.368750 0.268519 0.006250 0.014815
4 0.360417 0.332407 0.004167 0.016667
0 0.418229 0.096296 0.005208 0.007407
0 0.429688 0.095370 0.005208 0.009259
0 0.378125 0.137963 0.008333 0.012963
