4 0.626042 0.650926 0.008333 0.035185
2 0.529687 0.502778 0.053125 0.142593
0 0.568229 0.413889 0.017708 0.027778
2 0.543229 0.367593 0.036458 0.087037
1 0.602604 0.347222 0.015625 0.024074
2 0.614062 0.301852 0.015625 0.037037
0 0.601562 0.276852 0.011458 0.016667
0 0.621354 0.276852 0.013542 0.016667
0 0.584896 0.267593 0.011458 0.016667
0 0.607812 0.262963 0.011458 0.014815
1 0.497917 0.263889 0.014583 0.024074
4 0.513021 0.303704 0.003125 0.014815
4 0.517188 0.303704 0.003125 0.011111
1 0.443229 0.387037 0.015625 0.025926
0 0.456771 0.363889 0.017708 0.024074
1 0.469792 0.270370 0.014583 0.022222
0 0.477604 0.259259 0.015625 0.014815
4 0.400000 0.485185 0.008333 0.022222
4 0.049479 0.387963 0.009375 0.016667
4 0.544792 0.270370 0.004167 0.014815
1 0.524479 0.211111 0.015625 0.018519
1 0.531250 0.217593 0.010417 0.016667
4 0.545312 0.233333 0.003125 0.011111
2 0.612500 0.178704 0.008333 0.012963
0 0.608333 0.185185 0.008333 0.011111
0 0.627083 0.176852 0.008333 0.009259
0 0.683854 0.131481 0.007292 0.007407
0 0.705208 0.186111 0.008333 0.009259
1 0.702604 0.115741 0.007292 0.012963
0 0.707812 0.111111 0.005208 0.007407
2 0.728646 0.106481 0.017708 0.016667
