0 0.320312 0.940741 0.086458 0.096296
0 0.081771 0.896296 0.098958 0.085185
0 0.181771 0.743519 0.076042 0.064815
4 0.072396 0.857407 0.032292 0.044444
4 0.221875 0.831481 0.039583 0.048148
4 0.228125 0.854630 0.029167 0.038889
4 0.165104 0.851852 0.011458 0.037037
4 0.185938 0.842593 0.017708 0.033333
1 0.327083 0.636111 0.035417 0.061111
0 0.476562 0.575000 0.021875 0.042593
4 0.810417 0.876852 0.045833 0.050000
4 0.869792 0.881481 0.033333 0.040741
4 0.806250 0.842593 0.037500 0.040741
4 0.861458 0.845370 0.033333 0.042593
4 0.836458 0.717593 0.020833 0.038889
4 0.398958 0.912963 0.029167 0.051852
0 0.544792 0.524074 0.045833 0.037037
1 0.457813 0.411111 0.011458 0.022222
1 0.482812 0.436111 0.011458 0.027778
4 0.767708 0.770370 0.029167 0.040741
4 0.641146 0.886111 0.032292 0.035185
4 0.636979 0.860185 0.034375 0.038889
4 0.612500 0.836111 0.027083 0.035185
4 0.529687 0.788889 0.009375 0.033333
4 0.502604 0.716667 0.009375 0.025926
4 0.461458 0.706481 0.008333 0.031481
4 0.508854 0.548148 0.009375 0.022222
4 0.292187 0.660185 0.011458 0.027778
4 0.310937 0.667593 0.013542 0.031481
4 0.423437 0.576852 0.021875 0.027778
4 0.422396 0.533333 0.013542 0.025926
