4 0.615104 0.865741 0.059375 0.064815
4 0.648438 0.829630 0.032292 0.096296
4 0.535937 0.853704 0.019792 0.081481
0 0.401562 0.892593 0.067708 0.203704
0 0.479167 0.766667 0.058333 0.148148
4 0.322396 0.944444 0.028125 0.100000
4 0.528646 0.653704 0.021875 0.066667
0 0.578646 0.628704 0.051042 0.101852
0 0.623958 0.490741 0.064583 0.062963
4 0.354167 0.746296 0.020833 0.077778
0 0.251563 0.792593 0.080208 0.162963
4 0.282813 0.662037 0.053125 0.064815
0 0.318750 0.571296 0.052083 0.094444
4 0.421354 0.489815 0.015625 0.050000
0 0.337500 0.456481 0.037500 0.079630
4 0.365625 0.439815 0.012500 0.038889
4 0.396875 0.417593 0.010417 0.038889
4 0.380729 0.409259 0.013542 0.029630
0 0.427083 0.392593 0.029167 0.062963
4 0.455208 0.387963 0.020833 0.027778
4 0.484896 0.395370 0.023958 0.027778
0 0.368750 0.314815 0.029167 0.051852
4 0.829167 0.472222 0.018750 0.044444
