0 0.730882 0.941176 0.089706 0.117647
0 0.731985 0.643137 0.080147 0.091503
0 0.664706 0.680392 0.080882 0.100654
0 0.836397 0.535294 0.071324 0.084967
0 0.540441 0.450327 0.066176 0.064052
0 0.621691 0.415686 0.065441 0.057516
0 0.612132 0.377124 0.065441 0.053595
2 0.711397 0.371895 0.072794 0.066667
0 0.696691 0.341176 0.056618 0.054902
0 0.780147 0.351634 0.057353 0.049673
0 0.837500 0.235948 0.041176 0.037908
0 0.780515 0.232026 0.046324 0.035294
1 0.793750 0.220915 0.036029 0.047059
0 0.809559 0.215033 0.038235 0.040523
0 0.840074 0.204575 0.034559 0.030065
0 0.870588 0.196078 0.033824 0.033987
0 0.892279 0.191503 0.031618 0.030065
0 0.902574 0.215033 0.030147 0.024837
1 0.725368 0.238562 0.038971 0.040523
1 0.619853 0.262092 0.039706 0.045752
0 0.611029 0.301961 0.051471 0.041830
1 0.587132 0.347059 0.050735 0.061438
0 0.555147 0.288235 0.048529 0.040523
0 0.518382 0.289542 0.038235 0.045752
4 0.472059 0.288889 0.010294 0.026144
1 0.482721 0.383007 0.059559 0.067974
4 0.425000 0.321569 0.017647 0.028758
4 0.405147 0.314379 0.017647 0.027451
4 0.414706 0.301961 0.019118 0.023529
4 0.388971 0.337908 0.007353 0.027451
4 0.297059 0.417647 0.020588 0.045752
0 0.377941 0.694118 0.107353 0.096732
4 0.236029 0.532026 0.039706 0.044444
0 0.092647 0.433333 0.064706 0.069281
1 0.009559 0.350980 0.019118 0.066667
1 0.201838 0.307843 0.055147 0.053595
0 0.174632 0.298693 0.043382 0.043137
0 0.146691 0.286275 0.038971 0.047059
0 0.137132 0.209804 0.049265 0.030065
2 0.156618 0.222876 0.039706 0.037908
1 0.137500 0.192810 0.036765 0.035294
3 0.094485 0.158170 0.046324 0.078431
0 0.060294 0.174510 0.032353 0.027451
0 0.071691 0.128105 0.028676 0.020915
2 0.058088 0.097386 0.079412 0.053595
1 0.027941 0.057516 0.026471 0.023529
1 0.017279 0.038562 0.028676 0.019608
4 0.234191 0.317647 0.028676 0.039216
4 0.244118 0.324183 0.026471 0.033987
4 0.707353 0.288235 0.014706 0.022222
4 0.581985 0.225490 0.013971 0.024837
4 0.607353 0.220261 0.011765 0.022222
4 0.194485 0.254248 0.011029 0.024837
