4 0.551562 0.697222 0.033333 0.031481
4 0.469271 0.827315 0.036458 0.036111
4 0.565365 0.968056 0.045312 0.062037
4 0.556771 0.932870 0.045833 0.052778
4 0.558594 0.916667 0.033854 0.035185
4 0.561198 0.859722 0.028646 0.030556
4 0.555469 0.876852 0.045312 0.046296
4 0.412500 0.980556 0.016667 0.038889
4 0.447135 0.983796 0.036979 0.032407
4 0.460677 0.952315 0.039062 0.049074
4 0.325260 0.648611 0.014063 0.045370
0 0.368750 0.626852 0.036458 0.066667
4 0.354948 0.576389 0.011979 0.037963
4 0.336979 0.458333 0.021875 0.025926
0 0.478906 0.228704 0.038021 0.024074
0 0.518229 0.228704 0.026042 0.024074
4 0.405729 0.256944 0.012500 0.021296
4 0.046354 0.564815 0.020833 0.038889
0 0.017969 0.540278 0.035937 0.058333
0 0.034896 0.485648 0.051042 0.058333
2 0.264323 0.178241 0.015104 0.037963
0 0.048177 0.258333 0.045312 0.029630
3 0.041927 0.227315 0.077604 0.050926
0 0.181510 0.232870 0.035937 0.028704
0 0.182031 0.332407 0.021354 0.040741
4 0.253646 0.219907 0.013542 0.015741
0 0.227083 0.240278 0.034375 0.028704
0 0.282031 0.264815 0.017188 0.035185
4 0.205990 0.264815 0.014063 0.016667
4 0.222135 0.283796 0.008854 0.019444
4 0.245573 0.313889 0.008854 0.018519
4 0.561719 0.831944 0.032813 0.028704
4 0.553385 0.786574 0.041146 0.043519
4 0.554688 0.768519 0.041667 0.046296
