0 0.947059 0.930719 0.105882 0.083660
0 0.832721 0.940523 0.090441 0.090196
0 0.974632 0.796732 0.050735 0.071895
1 0.962132 0.702614 0.075735 0.092810
1 0.895221 0.813725 0.080147 0.084967
2 0.781985 0.820915 0.134559 0.138562
1 0.766544 0.745752 0.074265 0.082353
1 0.859559 0.713725 0.097059 0.088889
4 0.967647 0.428758 0.017647 0.028758
4 0.931250 0.435948 0.018382 0.024837
1 0.975000 0.528758 0.050000 0.071895
0 0.959559 0.617647 0.079412 0.058824
0 0.880147 0.554902 0.064706 0.077124
0 0.829779 0.545752 0.046324 0.084967
4 0.691544 0.527451 0.022794 0.032680
4 0.700000 0.571242 0.023529 0.033987
4 0.676838 0.546405 0.021324 0.031373
4 0.653309 0.593464 0.008088 0.041830
4 0.685662 0.735294 0.033088 0.037908
4 0.601838 0.732680 0.028676 0.032680
4 0.527941 0.739869 0.025000 0.041830
4 0.502206 0.576471 0.022059 0.028758
2 0.446691 0.589542 0.041912 0.115033
4 0.495956 0.511765 0.019853 0.027451
4 0.486397 0.495425 0.027206 0.033987
4 0.465074 0.343791 0.006618 0.028758
1 0.456985 0.462092 0.055147 0.053595
0 0.430147 0.427451 0.041176 0.054902
0 0.409191 0.398039 0.040441 0.056209
4 0.477941 0.432680 0.017647 0.023529
4 0.473162 0.394118 0.011029 0.019608
2 0.435294 0.275817 0.039706 0.044444
0 0.420956 0.241176 0.049265 0.035294
1 0.423162 0.216340 0.034559 0.032680
0 0.357721 0.163399 0.025735 0.033987
3 0.390074 0.151634 0.034559 0.099346
1 0.390809 0.126797 0.030147 0.031373
0 0.382721 0.078431 0.033088 0.023529
2 0.351471 0.081046 0.019118 0.047059
2 0.372794 0.035294 0.067647 0.054902
4 0.316912 0.547712 0.008824 0.039216
0 0.259191 0.529412 0.030147 0.075817
4 0.098529 0.813725 0.019118 0.053595
1 0.126838 0.490196 0.046324 0.081046
1 0.134559 0.403922 0.032353 0.083660
1 0.166544 0.418301 0.030147 0.075817
0 0.154779 0.284314 0.025735 0.050980
1 0.224632 0.266667 0.024265 0.057516
1 0.166544 0.224837 0.021324 0.052288
0 0.193015 0.232680 0.024265 0.044444
0 0.176471 0.198039 0.022059 0.037908
0 0.188235 0.146405 0.020588 0.036601
1 0.209191 0.133987 0.018382 0.043137
2 0.199265 0.047059 0.029412 0.088889
1 0.234926 0.037908 0.016912 0.036601
1 0.229412 0.012418 0.023529 0.024837
