1 0.645833 0.948148 0.058333 0.103704
0 0.448958 0.893519 0.041667 0.109259
4 0.552604 0.862963 0.013542 0.055556
4 0.621354 0.803704 0.044792 0.044444
0 0.314063 0.769444 0.065625 0.061111
4 0.558333 0.676852 0.010417 0.024074
4 0.528646 0.705556 0.007292 0.025926
4 0.431250 0.681481 0.006250 0.029630
0 0.315104 0.672222 0.063542 0.048148
4 0.418750 0.582407 0.010417 0.027778
0 0.506771 0.615741 0.026042 0.046296
4 0.564583 0.572222 0.014583 0.025926
0 0.419271 0.553704 0.021875 0.037037
4 0.536458 0.573148 0.004167 0.016667
4 0.526042 0.483333 0.006250 0.014815
0 0.431771 0.485185 0.019792 0.037037
4 0.456771 0.493519 0.005208 0.020370
4 0.509375 0.460185 0.004167 0.012963
0 0.444271 0.439815 0.013542 0.020370
0 0.442708 0.422222 0.014583 0.022222
4 0.539062 0.420370 0.013542 0.018519
4 0.463021 0.420370 0.005208 0.011111
4 0.472917 0.420370 0.004167 0.011111
4 0.482812 0.420370 0.005208 0.011111
4 0.519271 0.393519 0.003125 0.009259
4 0.508854 0.393519 0.003125 0.009259
4 0.472917 0.383333 0.004167 0.011111
0 0.498958 0.358333 0.010417 0.016667
0 0.490625 0.324074 0.006250 0.011111
2 0.496354 0.302778 0.007292 0.020370
0 0.463542 0.330556 0.008333 0.012963
0 0.468750 0.309259 0.008333 0.011111
0 0.474479 0.293519 0.007292 0.009259
4 0.479687 0.317593 0.003125 0.005556
1 0.482812 0.269444 0.005208 0.009259
