0 0.645312 0.925463 0.034375 0.078704
4 0.575781 0.890741 0.013021 0.048148
4 0.588281 0.769444 0.014063 0.044444
4 0.636458 0.773611 0.026042 0.028704
0 0.542188 0.890741 0.041667 0.094444
0 0.558594 0.786111 0.034896 0.075926
0 0.474479 0.910185 0.037500 0.103704
1 0.485417 0.710185 0.029167 0.081481
0 0.523438 0.613889 0.023958 0.048148
0 0.409635 0.802315 0.033854 0.093519
0 0.417969 0.668056 0.024479 0.060185
4 0.453906 0.708796 0.007812 0.032407
4 0.166927 0.846759 0.028646 0.036111
4 0.180208 0.817593 0.032292 0.027778
4 0.197135 0.776389 0.028646 0.030556
4 0.257292 0.657407 0.023958 0.033333
4 0.586979 0.597222 0.014583 0.022222
4 0.541927 0.517593 0.003646 0.016667
0 0.544531 0.463889 0.019271 0.027778
4 0.569531 0.499074 0.005729 0.024074
0 0.370573 0.318056 0.019271 0.015741
1 0.379167 0.329630 0.015625 0.018519
0 0.396094 0.334722 0.021354 0.017593
0 0.393750 0.318981 0.020833 0.013889
0 0.486458 0.237500 0.014583 0.008333
4 0.472396 0.237500 0.005208 0.006481
4 0.498958 0.256019 0.003125 0.010185
4 0.491667 0.249074 0.002083 0.005556
4 0.488021 0.250463 0.002083 0.006481
4 0.483594 0.244444 0.001563 0.007407
4 0.467187 0.263889 0.002083 0.012963
4 0.502865 0.274537 0.003646 0.010185
4 0.508333 0.276389 0.003125 0.008333
4 0.477604 0.486111 0.004167 0.018519
4 0.468750 0.443056 0.004167 0.013889
4 0.506771 0.434722 0.004167 0.013889
0 0.451823 0.399537 0.011979 0.025000
4 0.517188 0.410185 0.004167 0.016667
0 0.519271 0.318056 0.009375 0.013889
4 0.499740 0.400926 0.003646 0.014815
4 0.497917 0.379167 0.003125 0.012037
4 0.500260 0.367593 0.004687 0.012963
4 0.506250 0.361574 0.003125 0.010185
4 0.510417 0.369907 0.005208 0.019444
0 0.507552 0.340278 0.011979 0.019444
0 0.490104 0.334722 0.009375 0.015741
4 0.483594 0.341667 0.004687 0.016667
4 0.483854 0.330556 0.005208 0.009259
0 0.454948 0.340278 0.009896 0.019444
0 0.467708 0.322222 0.010417 0.016667
4 0.467969 0.289352 0.002604 0.010185
4 0.471094 0.293519 0.002604 0.007407
4 0.485937 0.284722 0.003125 0.008333
4 0.492448 0.286111 0.002604 0.009259
4 0.496615 0.294907 0.001563 0.008333
4 0.503385 0.290741 0.003646 0.009259
4 0.497135 0.314815 0.002604 0.009259
4 0.478906 0.319907 0.003646 0.010185
4 0.481250 0.312500 0.004167 0.008333
4 0.474219 0.312037 0.002604 0.009259
