0 0.697059 0.624183 0.061765 0.118954
0 0.655515 0.516340 0.069853 0.088889
0 0.587132 0.420915 0.034559 0.086275
0 0.651471 0.384967 0.070588 0.069281
0 0.550368 0.300654 0.043382 0.052288
0 0.517647 0.243791 0.035294 0.053595
0 0.483088 0.162745 0.026471 0.032680
0 0.408088 0.111111 0.020588 0.033987
0 0.256985 0.070588 0.034559 0.026144
0 0.432353 0.054902 0.017647 0.026144
0 0.419853 0.026797 0.016176 0.022222
0 0.266544 0.043791 0.034559 0.024837
0 0.342279 0.204575 0.041912 0.050980
0 0.335662 0.181046 0.025735 0.048366
0 0.332353 0.154248 0.022059 0.049673
0 0.331250 0.124183 0.019853 0.044444
0 0.318015 0.088235 0.034559 0.035294
0 0.333088 0.076471 0.016176 0.035294
0 0.461765 0.041176 0.035294 0.024837
0 0.288603 0.428758 0.088971 0.091503
2 0.211029 0.232680 0.067647 0.054902
2 0.838971 0.909804 0.127941 0.180392
4 0.886029 0.812418 0.048529 0.071895
4 0.840074 0.711765 0.044853 0.053595
4 0.606985 0.314379 0.018382 0.043137
4 0.222426 0.277124 0.015441 0.036601
4 0.194853 0.264052 0.026471 0.033987
4 0.226838 0.178431 0.009559 0.027451
4 0.222794 0.149020 0.017647 0.026144
4 0.233824 0.096078 0.016176 0.022222
4 0.238603 0.090850 0.015441 0.019608
4 0.291176 0.130719 0.014706 0.018301
4 0.799265 0.946405 0.038235 0.086275
4 0.586765 0.255556 0.023529 0.024837
4 0.575368 0.243791 0.013971 0.030065
4 0.685294 0.292157 0.022059 0.022222
4 0.684926 0.452288 0.030147 0.036601
0 0.359191 0.011111 0.015441 0.022222
0 0.411765 0.011111 0.016176 0.019608
4 0.345956 0.020915 0.005147 0.018301
0 0.437500 0.009150 0.026471 0.018301
