0 0.818750 0.584314 0.119853 0.094118
4 0.761765 0.473856 0.032353 0.050980
2 0.568750 0.538562 0.108088 0.104575
1 0.552206 0.385621 0.100000 0.091503
1 0.454779 0.388235 0.091912 0.088889
4 0.337868 0.488235 0.034559 0.045752
4 0.120588 0.447059 0.047059 0.060131
0 0.050735 0.177124 0.091176 0.069281
0 0.183088 0.171895 0.069118 0.071895
0 0.489338 0.143137 0.069853 0.053595
0 0.846691 0.130065 0.065441 0.053595
4 0.326103 0.074510 0.024265 0.031373
0 0.308456 0.011111 0.063971 0.022222
0 0.929779 0.024837 0.044853 0.047059
