4 0.296354 0.886111 0.051042 0.072222
4 0.320833 0.845370 0.022917 0.068519
0 0.778646 0.949074 0.126042 0.101852
0 0.927604 0.888889 0.144792 0.125926
4 0.980729 0.683333 0.028125 0.055556
0 0.853125 0.634259 0.070833 0.068519
0 0.796875 0.640741 0.068750 0.070370
4 0.756771 0.690741 0.023958 0.055556
4 0.660937 0.555556 0.023958 0.033333
0 0.441667 0.729630 0.058333 0.103704
2 0.506250 0.733333 0.056250 0.129630
4 0.566667 0.708333 0.022917 0.061111
4 0.542708 0.675000 0.020833 0.064815
4 0.532292 0.703704 0.025000 0.066667
4 0.543229 0.636111 0.026042 0.038889
4 0.533333 0.610185 0.016667 0.046296
4 0.363542 0.746296 0.045833 0.051852
4 0.364583 0.688889 0.018750 0.055556
4 0.450000 0.666667 0.016667 0.048148
4 0.442708 0.634259 0.012500 0.046296
4 0.504687 0.556481 0.009375 0.035185
4 0.441667 0.515741 0.010417 0.031481
4 0.435937 0.499074 0.007292 0.027778
4 0.502083 0.521296 0.010417 0.027778
4 0.509375 0.486111 0.020833 0.027778
4 0.494792 0.432407 0.006250 0.024074
4 0.497396 0.395370 0.007292 0.020370
4 0.483854 0.390741 0.007292 0.014815
4 0.467187 0.399074 0.007292 0.020370
4 0.460938 0.387037 0.005208 0.014815
4 0.478646 0.372222 0.005208 0.014815
4 0.457813 0.362037 0.003125 0.012963
4 0.445312 0.454630 0.015625 0.020370
1 0.518750 0.363889 0.025000 0.016667
0 0.436979 0.378704 0.013542 0.024074
2 0.641667 0.452778 0.089583 0.098148
4 0.725000 0.500926 0.020833 0.027778
