1 0.024479 0.364352 0.048958 0.039815
4 0.043750 0.320370 0.013542 0.018519
4 0.029167 0.306944 0.014583 0.015741
0 0.154688 0.259259 0.020833 0.025926
0 0.098958 0.394907 0.057292 0.036111
2 0.214844 0.268056 0.021354 0.049074
0 0.225260 0.256944 0.016146 0.030556
0 0.231250 0.238889 0.016667 0.027778
0 0.240104 0.219907 0.014583 0.021296
0 0.246875 0.206481 0.015625 0.022222
0 0.251302 0.192593 0.014063 0.018519
0 0.259635 0.179167 0.013021 0.023148
4 0.275260 0.190741 0.004687 0.018519
0 0.258333 0.125926 0.008333 0.014815
0 0.314063 0.071759 0.008333 0.012037
0 0.284635 0.087500 0.008854 0.013889
0 0.342448 0.199074 0.011979 0.024074
0 0.339583 0.214352 0.015625 0.025000
0 0.400781 0.183333 0.024479 0.020370
4 0.410417 0.269444 0.009375 0.018519
4 0.373177 0.330093 0.016146 0.017593
4 0.411198 0.387037 0.020313 0.022222
4 0.426563 0.375463 0.014583 0.019444
4 0.457292 0.378704 0.016667 0.018519
4 0.043750 0.425000 0.019792 0.024074
4 0.057031 0.417593 0.014063 0.018519
4 0.066927 0.454630 0.027604 0.025926
0 0.490104 0.350463 0.037500 0.030556
4 0.489063 0.380093 0.017708 0.019444
4 0.622656 0.343519 0.017188 0.018519
4 0.643229 0.318519 0.011458 0.018519
4 0.483333 0.456944 0.007292 0.026852
4 0.477083 0.409259 0.018750 0.022222
4 0.501302 0.427315 0.006771 0.025000
4 0.514583 0.423611 0.014583 0.036111
4 0.524479 0.428704 0.010417 0.027778
4 0.533854 0.427778 0.011458 0.025926
4 0.543750 0.428704 0.009375 0.024074
4 0.497135 0.456019 0.007812 0.030556
4 0.503906 0.470370 0.008854 0.029630
4 0.514062 0.469444 0.006250 0.027778
4 0.453125 0.501389 0.008333 0.021296
4 0.466927 0.498148 0.010937 0.022222
4 0.481510 0.496296 0.006771 0.022222
4 0.527865 0.468056 0.008854 0.030556
4 0.525521 0.458333 0.014583 0.025926
4 0.572656 0.453704 0.005729 0.024074
4 0.580990 0.453704 0.006771 0.027778
4 0.611979 0.464352 0.011458 0.030556
4 0.620052 0.425926 0.017188 0.020370
4 0.545312 0.494907 0.011458 0.021296
4 0.560677 0.493056 0.009896 0.036111
4 0.357812 0.516667 0.020833 0.020370
4 0.357292 0.548148 0.020833 0.027778
4 0.384115 0.565278 0.007812 0.030556
4 0.362500 0.893056 0.033333 0.041667
4 0.373177 0.872222 0.035937 0.040741
4 0.391927 0.711111 0.028646 0.035185
4 0.389323 0.733796 0.029687 0.036111
4 0.408854 0.983333 0.044792 0.027778
4 0.405469 0.959722 0.038021 0.039815
4 0.412240 0.914815 0.033854 0.048148
4 0.409635 0.935185 0.035937 0.029630
4 0.439844 0.650000 0.029687 0.027778
4 0.503125 0.980093 0.047917 0.039815
4 0.070052 0.617130 0.018229 0.049074
4 0.050521 0.584722 0.015625 0.039815
0 0.179948 0.544907 0.039062 0.060185
4 0.153646 0.382407 0.007292 0.022222
4 0.187500 0.443519 0.013542 0.024074
4 0.167448 0.418056 0.023438 0.025000
4 0.184896 0.398611 0.016667 0.019444
4 0.223958 0.318056 0.008333 0.019444
4 0.239844 0.337963 0.016146 0.020370
4 0.235417 0.376852 0.014583 0.020370
4 0.220573 0.418981 0.013021 0.025000
4 0.202604 0.412963 0.021875 0.022222
0 0.210156 0.451389 0.033854 0.043519
4 0.250260 0.391667 0.019271 0.018519
4 0.261458 0.299537 0.010417 0.021296
4 0.263542 0.341204 0.014583 0.019444
4 0.272917 0.346296 0.008333 0.024074
4 0.350000 0.415741 0.018750 0.022222
0 0.353646 0.360648 0.045833 0.043519
4 0.331510 0.315741 0.008854 0.020370
