4 0.178646 0.776852 0.021875 0.072222
4 0.279687 0.574074 0.011458 0.037037
4 0.413542 0.585185 0.010417 0.037037
4 0.459375 0.583333 0.014583 0.044444
4 0.497917 0.536111 0.012500 0.038889
4 0.159375 0.562963 0.018750 0.044444
4 0.293229 0.453704 0.011458 0.029630
4 0.351562 0.405556 0.009375 0.018519
4 0.376563 0.396296 0.017708 0.018519
4 0.405729 0.376852 0.011458 0.020370
4 0.371875 0.418519 0.010417 0.022222
4 0.365104 0.378704 0.009375 0.024074
4 0.345313 0.383333 0.019792 0.022222
4 0.313542 0.370370 0.016667 0.018519
4 0.459375 0.353704 0.012500 0.018519
4 0.492708 0.347222 0.012500 0.012963
4 0.857812 0.454630 0.021875 0.027778
4 0.907813 0.460185 0.026042 0.031481
4 0.895312 0.453704 0.023958 0.029630
4 0.851042 0.412963 0.022917 0.025926
4 0.955729 0.488889 0.023958 0.029630
4 0.781250 0.336111 0.012500 0.016667
0 0.824479 0.399074 0.055208 0.035185
0 0.821875 0.383333 0.052083 0.029630
0 0.827083 0.379630 0.047917 0.033333
0 0.832812 0.375000 0.046875 0.031481
2 0.833333 0.361111 0.060417 0.044444
0 0.793750 0.329630 0.035417 0.033333
0 0.422396 0.483333 0.028125 0.062963
0 0.425521 0.416667 0.021875 0.025926
1 0.467187 0.400926 0.026042 0.050000
1 0.500521 0.378704 0.023958 0.046296
0 0.510417 0.455556 0.020833 0.044444
1 0.814063 0.326852 0.028125 0.031481
0 0.833333 0.327778 0.031250 0.025926
0 0.848958 0.325926 0.029167 0.025926
0 0.861458 0.322222 0.029167 0.025926
0 0.882812 0.319444 0.023958 0.027778
1 0.816667 0.287963 0.027083 0.024074
1 0.851562 0.289815 0.028125 0.020370
0 0.183854 0.415741 0.057292 0.035185
0 0.220312 0.331481 0.019792 0.029630
0 0.195833 0.338889 0.016667 0.029630
0 0.390104 0.299074 0.015625 0.024074
0 0.394792 0.291667 0.014583 0.024074
1 0.558333 0.280556 0.025000 0.024074
4 0.556771 0.313889 0.011458 0.016667
4 0.361458 0.324074 0.004167 0.018519
4 0.318229 0.328704 0.007292 0.016667
4 0.352604 0.323148 0.005208 0.016667
4 0.366146 0.299074 0.005208 0.016667
4 0.373958 0.299074 0.004167 0.016667
4 0.316146 0.347222 0.011458 0.016667
4 0.422396 0.319444 0.011458 0.016667
4 0.466146 0.318519 0.011458 0.014815
4 0.455729 0.330556 0.011458 0.012963
4 0.471875 0.336111 0.014583 0.016667
4 0.516667 0.337963 0.012500 0.016667
4 0.524479 0.329630 0.011458 0.011111
1 0.386458 0.261111 0.012500 0.022222
4 0.474479 0.256481 0.003125 0.012963
