0 0.100735 0.192810 0.027941 0.019608
1 0.558456 0.941830 0.131618 0.116340
1 0.575000 0.155556 0.017647 0.015686
0 0.898162 0.220915 0.025735 0.018301
0 0.915809 0.230065 0.034559 0.023529
0 0.942647 0.222876 0.033824 0.019608
0 0.982721 0.213072 0.033088 0.020915
0 0.930147 0.307190 0.019118 0.036601
2 0.932721 0.370588 0.025735 0.037908
0 0.886765 0.402614 0.030882 0.047059
1 0.893382 0.420261 0.020588 0.053595
0 0.928309 0.525490 0.040441 0.062745
0 0.819118 0.492157 0.044118 0.066667
1 0.799265 0.559477 0.050000 0.088889
1 0.945588 0.624837 0.047059 0.109804
4 0.890441 0.674510 0.016176 0.039216
