4 0.015074 0.756863 0.028676 0.047059
4 0.703309 0.767320 0.046324 0.067974
4 0.619118 0.469935 0.039706 0.043137
4 0.627206 0.447712 0.038235 0.043137
4 0.875368 0.383007 0.033088 0.039216
4 0.882721 0.092810 0.005147 0.020915
4 0.850000 0.167974 0.008824 0.032680
4 0.915441 0.179739 0.023529 0.022222
4 0.911029 0.152941 0.022059 0.023529
4 0.228309 0.569935 0.044853 0.060131
4 0.238603 0.535948 0.033088 0.047059
4 0.022426 0.207843 0.022794 0.036601
4 0.068750 0.222876 0.019853 0.035294
4 0.090809 0.235294 0.024265 0.039216
4 0.168382 0.254902 0.022059 0.039216
4 0.188603 0.264052 0.019853 0.036601
4 0.203676 0.266013 0.020588 0.030065
4 0.367647 0.305229 0.014706 0.043137
4 0.381250 0.305229 0.012500 0.048366
4 0.578676 0.240523 0.022059 0.033987
4 0.618750 0.216993 0.021324 0.033987
4 0.609926 0.199346 0.009559 0.030065
4 0.654412 0.160784 0.016176 0.026144
4 0.682353 0.157516 0.017647 0.030065
4 0.693015 0.143137 0.018382 0.024837
0 0.657353 0.126797 0.050000 0.033987
1 0.690074 0.081699 0.050735 0.050980
4 0.959191 0.152941 0.024265 0.026144
4 0.969118 0.191503 0.025000 0.027451
4 0.907353 0.226144 0.029412 0.023529
4 0.913235 0.235948 0.027941 0.024837
4 0.975735 0.428758 0.042647 0.044444
4 0.894853 0.060131 0.007353 0.020915
4 0.886029 0.016993 0.004412 0.018301
4 0.956618 0.354248 0.032353 0.031373
0 0.054044 0.260131 0.069853 0.057516
0 0.177941 0.424183 0.088235 0.084967
0 0.386397 0.437908 0.096324 0.091503
0 0.445956 0.534641 0.119853 0.104575
0 0.917279 0.531373 0.115441 0.103268
0 0.958824 0.494118 0.082353 0.094118
0 0.754044 0.164052 0.031618 0.058824
0 0.863603 0.076471 0.022794 0.035294
0 0.836029 0.038562 0.017647 0.027451
0 0.844118 0.018301 0.017647 0.026144
4 0.472794 0.977124 0.061765 0.045752
0 0.197059 0.301307 0.079412 0.064052
0 0.414338 0.303268 0.038971 0.067974
0 0.473897 0.292810 0.046324 0.065359
