0 0.781985 0.874510 0.138971 0.219608
0 0.530147 0.671242 0.082353 0.155556
0 0.736765 0.584967 0.060294 0.113725
0 0.476838 0.450327 0.041912 0.079739
0 0.376103 0.709804 0.066912 0.167320
0 0.476838 0.328105 0.033088 0.065359
0 0.484191 0.275817 0.027206 0.049673
0 0.479412 0.201307 0.019118 0.026144
0 0.476471 0.177778 0.019118 0.026144
0 0.477574 0.163399 0.015441 0.026144
0 0.475368 0.152288 0.015441 0.024837
0 0.472059 0.135948 0.016176 0.026144
0 0.502574 0.121569 0.013971 0.020915
0 0.508456 0.101961 0.013971 0.020915
0 0.526838 0.138562 0.013971 0.020915
0 0.536765 0.193464 0.017647 0.028758
0 0.304044 0.286275 0.038971 0.047059
0 0.494485 0.084967 0.008088 0.015686
1 0.146324 0.431373 0.088235 0.099346
1 0.474632 0.075163 0.008088 0.016993
1 0.476103 0.062092 0.008088 0.016993
0 0.451471 0.081046 0.008824 0.013072
0 0.453309 0.061438 0.009559 0.015686
0 0.467279 0.058170 0.009559 0.011765
0 0.320956 0.231373 0.025735 0.041830
0 0.343750 0.182353 0.037500 0.024837
0 0.368382 0.147059 0.022059 0.024837
1 0.038971 0.482353 0.044118 0.073203
4 0.063235 0.409150 0.017647 0.052288
4 0.090074 0.376471 0.022794 0.033987
4 0.050000 0.369281 0.027941 0.027451
4 0.040074 0.395425 0.022794 0.035294
4 0.016912 0.391503 0.014706 0.040523
4 0.008824 0.345098 0.014706 0.039216
4 0.127941 0.311765 0.020588 0.027451
4 0.224632 0.406536 0.025735 0.031373
4 0.273897 0.244444 0.012500 0.028758
4 0.334926 0.299346 0.011029 0.023529
4 0.229779 0.205882 0.008088 0.024837
4 0.760294 0.435948 0.026471 0.037908
4 0.708088 0.373203 0.011765 0.032680
4 0.893750 0.445752 0.019853 0.039216
4 0.893750 0.389542 0.019853 0.039216
1 0.800735 0.401307 0.054412 0.078431
0 0.485294 0.054248 0.007353 0.009150
0 0.501471 0.055556 0.007353 0.011765
4 0.298162 0.742484 0.025735 0.112418
