4 0.522426 0.982353 0.027206 0.035294
4 0.125735 0.673203 0.027941 0.033987
4 0.174265 0.611765 0.032353 0.033987
4 0.146324 0.888235 0.023529 0.058824
4 0.272059 0.821569 0.032353 0.043137
4 0.405147 0.851634 0.039706 0.048366
4 0.580147 0.680392 0.029412 0.030065
4 0.529044 0.649673 0.025735 0.028758
4 0.668750 0.337255 0.009559 0.020915
4 0.468015 0.440523 0.019853 0.023529
4 0.415809 0.411111 0.008088 0.027451
4 0.824265 0.271242 0.007353 0.019608
4 0.837132 0.273203 0.006618 0.018301
4 0.789338 0.213725 0.005147 0.011765
4 0.166912 0.398693 0.008824 0.026144
0 0.050368 0.405882 0.053676 0.032680
0 0.217647 0.424183 0.057353 0.037908
0 0.483456 0.388889 0.044853 0.032680
1 0.569118 0.426144 0.038235 0.054902
0 0.685662 0.441830 0.043382 0.044444
0 0.747059 0.367320 0.020588 0.039216
0 0.893382 0.581699 0.047059 0.078431
0 0.984559 0.576471 0.030882 0.065359
0 0.969853 0.354248 0.033824 0.036601
1 0.975000 0.323529 0.036765 0.037908
0 0.741912 0.231373 0.014706 0.023529
0 0.724632 0.139869 0.011029 0.013072
0 0.725735 0.123529 0.010294 0.011765
0 0.709559 0.118301 0.008824 0.014379
0 0.690441 0.088235 0.007353 0.014379
0 0.714338 0.092157 0.008088 0.014379
0 0.772426 0.145098 0.011029 0.015686
0 0.818382 0.151634 0.022059 0.018301
0 0.818382 0.166013 0.022059 0.018301
0 0.897426 0.224837 0.027206 0.020915
0 0.909559 0.318954 0.027941 0.031373
0 0.887132 0.206536 0.024265 0.018301
0 0.765074 0.091503 0.019853 0.015686
0 0.204779 0.883007 0.081618 0.134641
1 0.298529 0.937255 0.080882 0.125490
0 0.409191 0.969281 0.047794 0.061438
0 0.512500 0.375163 0.044118 0.033987
