0 0.048438 0.932407 0.096875 0.127778
4 0.052083 0.781481 0.045833 0.051852
4 0.063021 0.758333 0.048958 0.050000
4 0.108333 0.682407 0.035417 0.057407
4 0.245312 0.613889 0.013542 0.046296
4 0.261458 0.610185 0.016667 0.053704
4 0.252604 0.437963 0.026042 0.038889
4 0.272396 0.409259 0.026042 0.029630
0 0.304688 0.349074 0.021875 0.035185
2 0.320833 0.318519 0.031250 0.029630
0 0.360938 0.260185 0.013542 0.027778
4 0.346354 0.346296 0.007292 0.022222
0 0.465625 0.571296 0.039583 0.068519
4 0.583854 0.590741 0.015625 0.055556
0 0.424479 0.286111 0.015625 0.024074
1 0.437500 0.237963 0.010417 0.024074
0 0.438021 0.225000 0.009375 0.016667
4 0.384375 0.272222 0.004167 0.011111
0 0.475521 0.295370 0.017708 0.024074
0 0.472917 0.240741 0.012500 0.018519
0 0.492708 0.227778 0.010417 0.018519
1 0.430208 0.186111 0.008333 0.020370
4 0.502083 0.299074 0.004167 0.020370
4 0.504687 0.296296 0.005208 0.014815
4 0.492188 0.243519 0.003125 0.012963
4 0.546875 0.425000 0.010417 0.031481
0 0.600521 0.440741 0.030208 0.051852
