0 0.347059 0.956863 0.079412 0.086275
1 0.371324 0.516340 0.029412 0.112418
0 0.583456 0.486928 0.034559 0.095425
4 0.604044 0.301961 0.024265 0.023529
4 0.602574 0.293464 0.021324 0.027451
4 0.506618 0.131373 0.008824 0.035294
4 0.581985 0.052941 0.025735 0.030065
0 0.382721 0.028105 0.031618 0.056209
4 0.556985 0.769281 0.015441 0.056209
4 0.657721 0.784314 0.027206 0.026144
4 0.696324 0.975163 0.013235 0.049673
0 0.205882 0.517647 0.072059 0.073203
0 0.228309 0.317647 0.059559 0.054902
0 0.228676 0.269935 0.057353 0.043137
4 0.634926 0.483007 0.009559 0.048366
