0 0.895956 0.832026 0.158088 0.126797
4 0.724265 0.948366 0.055882 0.071895
0 0.601103 0.665359 0.121324 0.117647
0 0.447794 0.416340 0.048529 0.111111
0 0.024632 0.468627 0.049265 0.082353
0 0.204044 0.640523 0.080147 0.169935
1 0.276103 0.640523 0.075735 0.193464
0 0.136765 0.288235 0.035294 0.071895
1 0.374265 0.216993 0.045588 0.107190
0 0.345221 0.128105 0.043382 0.075817
0 0.400368 0.116340 0.036029 0.078431
0 0.414706 0.050980 0.032353 0.060131
4 0.310294 0.034641 0.016176 0.032680
4 0.354412 0.040523 0.017647 0.039216
