0 0.425000 0.599074 0.029167 0.068519
4 0.303646 0.715741 0.017708 0.072222
4 0.347917 0.605556 0.010417 0.025926
4 0.401042 0.564815 0.008333 0.029630
4 0.533854 0.855556 0.013542 0.033333
4 0.606250 0.761111 0.012500 0.066667
4 0.620313 0.893519 0.009375 0.024074
4 0.419271 0.406481 0.007292 0.016667
0 0.459375 0.285185 0.010417 0.022222
0 0.676042 0.763889 0.047917 0.098148
1 0.315625 0.924074 0.047917 0.122222
4 0.526042 0.435185 0.006250 0.025926
3 0.159896 0.198148 0.030208 0.025926
4 0.389062 0.403704 0.007292 0.014815
4 0.403646 0.382407 0.007292 0.005556
4 0.427604 0.360185 0.005208 0.012963
4 0.522917 0.350926 0.010417 0.012963
4 0.517708 0.462963 0.010417 0.022222
4 0.521354 0.387037 0.007292 0.011111
