1 0.584375 0.564815 0.072917 0.074074
0 0.477604 0.231481 0.009375 0.018519
0 0.468750 0.271296 0.008333 0.016667
1 0.251042 0.444444 0.035417 0.040741
1 0.302604 0.437037 0.017708 0.033333
1 0.314063 0.406481 0.019792 0.042593
2 0.127604 0.354630 0.055208 0.031481
0 0.156250 0.364815 0.029167 0.025926
0 0.201042 0.359259 0.022917 0.022222
0 0.221875 0.363889 0.039583 0.024074
4 0.275521 0.556481 0.013542 0.042593
4 0.464062 0.624074 0.023958 0.018519
4 0.528646 0.497222 0.009375 0.038889
4 0.539062 0.527778 0.009375 0.048148
0 0.531771 0.257407 0.009375 0.022222
4 0.535937 0.330556 0.005208 0.020370
4 0.555208 0.382407 0.006250 0.024074
4 0.409375 0.386111 0.008333 0.001852
