1 0.466667 0.420370 0.027083 0.066667
4 0.426042 0.839815 0.033333 0.131481
4 0.553646 0.940741 0.046875 0.111111
1 0.555208 0.310185 0.039583 0.038889
1 0.575521 0.302778 0.038542 0.038889
1 0.413542 0.343519 0.022917 0.042593
2 0.479687 0.308333 0.017708 0.038889
2 0.569792 0.275926 0.050000 0.044444
1 0.370833 0.400000 0.062500 0.048148
0 0.315625 0.371296 0.054167 0.046296
4 0.619792 0.758333 0.050000 0.053704
4 0.802083 0.515741 0.050000 0.053704
4 0.616146 0.346296 0.032292 0.025926
4 0.357292 0.716667 0.035417 0.055556
4 0.131771 0.951852 0.061458 0.096296
4 0.326562 0.785185 0.044792 0.070370
4 0.131771 0.574074 0.032292 0.044444
4 0.214062 0.620370 0.040625 0.040741
4 0.605729 0.359259 0.032292 0.025926
4 0.599479 0.372222 0.023958 0.022222
2 0.882292 0.752778 0.137500 0.238889
4 0.728646 0.497222 0.021875 0.027778
