4 0.091544 0.088889 0.019853 0.047059
4 0.237868 0.095425 0.024265 0.033987
0 0.179044 0.116993 0.068382 0.116340
0 0.197426 0.192157 0.062500 0.109804
0 0.019118 0.288889 0.038235 0.122876
0 0.088235 0.330719 0.055882 0.135948
0 0.221691 0.270588 0.069853 0.117647
0 0.195956 0.424183 0.047794 0.134641
0 0.249632 0.331373 0.055147 0.121569
0 0.053309 0.505882 0.055147 0.133333
0 0.258088 0.425490 0.055882 0.124183
4 0.306618 0.479085 0.027941 0.043137
4 0.316176 0.520261 0.027941 0.031373
4 0.038603 0.653595 0.021324 0.044444
1 0.103309 0.755556 0.056618 0.122876
0 0.073529 0.932026 0.060294 0.135948
1 0.132721 0.921569 0.068382 0.154248
4 0.034559 0.832680 0.020588 0.047059
0 0.537132 0.824183 0.077206 0.087582
0 0.611029 0.939869 0.073529 0.088889
0 0.631618 0.758824 0.073529 0.084967
0 0.783088 0.792810 0.082353 0.111111
4 0.835662 0.579085 0.019853 0.041830
0 0.867647 0.559477 0.077941 0.122876
1 0.921691 0.539216 0.066912 0.116340
0 0.936397 0.788235 0.080147 0.104575
0 0.658824 0.148366 0.055882 0.126797
0 0.670956 0.033987 0.074265 0.067974
4 0.906618 0.403268 0.052941 0.048366
