3 0.288603 0.746405 0.130147 0.138562
0 0.308824 0.856863 0.063235 0.074510
4 0.219853 0.701961 0.023529 0.018301
1 0.040809 0.596078 0.040441 0.088889
4 0.009559 0.553595 0.016176 0.040523
4 0.062868 0.403922 0.024265 0.026144
4 0.089338 0.376471 0.021324 0.015686
4 0.043750 0.352941 0.022794 0.018301
4 0.041544 0.324183 0.022794 0.018301
4 0.100000 0.297386 0.017647 0.032680
4 0.086029 0.161438 0.011765 0.037908
4 0.074632 0.161438 0.012500 0.032680
0 0.140441 0.125490 0.039706 0.112418
0 0.209559 0.520261 0.029412 0.104575
4 0.236765 0.475817 0.010294 0.036601
1 0.233088 0.369281 0.047059 0.132026
0 0.034559 0.926144 0.064706 0.077124
4 0.230515 0.630719 0.012500 0.037908
4 0.195956 0.659477 0.019853 0.043137
0 0.425735 0.581699 0.064706 0.083660
4 0.372794 0.535294 0.022059 0.014379
4 0.386397 0.464706 0.018382 0.022222
1 0.209191 0.229412 0.038971 0.095425
0 0.168015 0.024837 0.034559 0.049673
4 0.380147 0.018954 0.019118 0.027451
4 0.430147 0.173203 0.008824 0.040523
0 0.506250 0.713072 0.062500 0.077124
0 0.608456 0.629412 0.063971 0.074510
0 0.586765 0.878431 0.051471 0.067974
1 0.553309 0.464706 0.065441 0.074510
4 0.604044 0.385621 0.019853 0.023529
1 0.563235 0.307843 0.060294 0.058824
1 0.645221 0.261438 0.059559 0.065359
0 0.823897 0.277124 0.062500 0.070588
4 0.700000 0.345752 0.022059 0.024837
0 0.690809 0.556863 0.062500 0.075817
1 0.647794 0.843791 0.050000 0.064052
1 0.693382 0.767974 0.058824 0.111111
0 0.757721 0.737255 0.058088 0.099346
4 0.825735 0.823529 0.019118 0.018301
1 0.795221 0.484967 0.059559 0.086275
0 0.825000 0.594118 0.063235 0.061438
0 0.865809 0.507843 0.061029 0.061438
4 0.858824 0.469281 0.022059 0.023529
1 0.901471 0.394771 0.055882 0.065359
1 0.975000 0.481046 0.050000 0.086275
4 0.957721 0.110458 0.027206 0.024837
0 0.955882 0.167320 0.064706 0.073203
1 0.893015 0.098039 0.050735 0.086275
0 0.844485 0.113072 0.062500 0.098039
4 0.817279 0.128105 0.013971 0.036601
1 0.961765 0.040523 0.052941 0.081046
