4 0.506250 0.071242 0.005147 0.022222
4 0.594485 0.162745 0.018382 0.019608
4 0.407721 0.067974 0.005147 0.023529
0 0.526103 0.049673 0.015441 0.026144
0 0.518382 0.018954 0.011765 0.019608
0 0.425735 0.042484 0.016176 0.030065
0 0.451471 0.080392 0.016176 0.035294
0 0.498897 0.145098 0.018382 0.033987
0 0.469485 0.215686 0.037500 0.049673
0 0.434191 0.250980 0.027206 0.065359
0 0.398897 0.210458 0.030147 0.062745
2 0.431618 0.009804 0.014706 0.019608
0 0.396691 0.007190 0.013971 0.014379
4 0.598162 0.109150 0.013971 0.016993
4 0.556618 0.073203 0.013235 0.018301
4 0.573897 0.074510 0.012500 0.018301
4 0.574265 0.305229 0.008824 0.043137
0 0.493750 0.410458 0.031618 0.073203
0 0.425368 0.400000 0.036029 0.086275
4 0.294118 0.357516 0.026471 0.032680
4 0.283456 0.407190 0.033088 0.030065
4 0.349632 0.412418 0.011029 0.045752
4 0.287500 0.520915 0.016176 0.053595
4 0.362132 0.556209 0.013971 0.066667
0 0.495956 0.632680 0.041912 0.107190
4 0.260294 0.627451 0.023529 0.057516
4 0.122059 0.593464 0.038235 0.036601
4 0.151103 0.556209 0.040441 0.037908
0 0.244118 0.256863 0.070588 0.064052
0 0.187500 0.167974 0.061765 0.040523
0 0.178309 0.116340 0.041912 0.033987
4 0.287132 0.073856 0.013971 0.019608
4 0.294485 0.101307 0.015441 0.016993
4 0.308456 0.109804 0.016912 0.015686
4 0.327206 0.087582 0.013235 0.015686
4 0.324632 0.079739 0.015441 0.018301
4 0.576838 0.751634 0.016912 0.078431
4 0.720221 0.683007 0.050735 0.045752
