0 0.372794 0.683660 0.045588 0.130719
0 0.040809 0.382353 0.081618 0.066667
0 0.056250 0.342484 0.077206 0.049673
1 0.083456 0.301961 0.086029 0.075817
0 0.211765 0.084314 0.048529 0.037908
0 0.260662 0.009150 0.041912 0.018301
4 0.529412 0.829412 0.014706 0.061438
1 0.611397 0.928105 0.049265 0.135948
4 0.570956 0.430719 0.012500 0.037908
0 0.544853 0.369281 0.029412 0.074510
0 0.489706 0.316993 0.027941 0.056209
4 0.547426 0.250980 0.011029 0.057516
4 0.454044 0.087582 0.006618 0.020915
4 0.456985 0.134641 0.006618 0.023529
2 0.419853 0.046405 0.025000 0.056209
1 0.525000 0.098039 0.019118 0.047059
4 0.724632 0.869935 0.037500 0.040523
4 0.959191 0.545752 0.012500 0.037908
