4 0.283088 0.244444 0.011765 0.041830
4 0.297059 0.243137 0.011765 0.041830
4 0.309926 0.234641 0.015441 0.043137
4 0.838971 0.177778 0.022059 0.028758
1 0.336029 0.026144 0.038235 0.036601
1 0.371691 0.020261 0.037500 0.035294
0 0.404044 0.018954 0.034559 0.022222
0 0.447059 0.013072 0.042647 0.026144
0 0.498529 0.011111 0.042647 0.022222
1 0.526838 0.039216 0.036029 0.033987
0 0.506985 0.053595 0.044853 0.031373
0 0.505147 0.069935 0.033824 0.030065
0 0.448529 0.072549 0.032353 0.032680
1 0.388603 0.063399 0.041912 0.043137
4 0.419118 0.079739 0.005882 0.023529
0 0.297059 0.082353 0.042647 0.033987
0 0.361029 0.090196 0.032353 0.044444
1 0.649632 0.022876 0.036029 0.030065
1 0.628309 0.049673 0.037500 0.041830
1 0.719118 0.029412 0.032353 0.048366
0 0.757721 0.020915 0.038971 0.031373
0 0.794485 0.012418 0.037500 0.024837
0 0.671691 0.039869 0.027206 0.030065
2 0.544485 0.064706 0.041912 0.030065
4 0.120588 0.160784 0.011765 0.028758
0 0.126103 0.126797 0.052206 0.044444
0 0.032353 0.096078 0.063235 0.032680
0 0.058456 0.060131 0.050735 0.031373
0 0.117647 0.046405 0.026471 0.032680
0 0.162868 0.043137 0.049265 0.036601
0 0.216544 0.056863 0.043382 0.035294
0 0.234926 0.034641 0.046324 0.035294
0 0.286029 0.025490 0.025000 0.032680
4 0.176103 0.015686 0.013971 0.015686
4 0.204044 0.010458 0.015441 0.015686
4 0.337868 0.113725 0.015441 0.015686
4 0.166544 0.096732 0.019853 0.020915
4 0.024632 0.041176 0.013971 0.022222
4 0.318015 0.122222 0.021324 0.016993
