0 0.329688 0.950000 0.069792 0.096296
0 0.316667 0.830556 0.047917 0.112963
4 0.339583 0.581481 0.033333 0.029630
4 0.395313 0.548148 0.007292 0.029630
4 0.405729 0.550000 0.007292 0.029630
0 0.477083 0.370370 0.014583 0.025926
0 0.505208 0.281481 0.010417 0.018519
0 0.504167 0.576852 0.029167 0.053704
0 0.506250 0.531481 0.025000 0.040741
0 0.508333 0.480556 0.018750 0.035185
4 0.479687 0.402778 0.017708 0.016667
4 0.452083 0.412963 0.006250 0.022222
4 0.535937 0.531481 0.009375 0.029630
0 0.317708 0.387963 0.010417 0.031481
0 0.301042 0.390741 0.018750 0.029630
