0 0.453676 0.613072 0.070588 0.112418
4 0.649265 0.720261 0.025000 0.067974
0 0.804779 0.521569 0.106618 0.075817
0 0.961029 0.525490 0.077941 0.067974
0 0.900735 0.450980 0.101471 0.067974
4 0.809559 0.411111 0.014706 0.045752
4 0.816544 0.410458 0.015441 0.047059
4 0.775000 0.410458 0.011765 0.041830
4 0.768750 0.410458 0.011029 0.044444
4 0.761397 0.409804 0.011029 0.045752
4 0.772794 0.449020 0.007353 0.040523
4 0.779779 0.449020 0.009559 0.043137
4 0.788235 0.450980 0.010294 0.041830
4 0.795956 0.452288 0.012500 0.041830
4 0.803676 0.454248 0.011765 0.043137
4 0.811029 0.454248 0.013235 0.040523
4 0.323529 0.441830 0.022059 0.052288
0 0.370221 0.347059 0.043382 0.061438
0 0.401838 0.301307 0.037500 0.056209
0 0.435294 0.294118 0.036765 0.049673
4 0.469118 0.284314 0.008824 0.035294
4 0.444853 0.247059 0.020588 0.023529
4 0.413971 0.235948 0.017647 0.027451
0 0.384559 0.203922 0.033824 0.036601
1 0.419853 0.177778 0.048529 0.049673
0 0.409559 0.168627 0.047059 0.039216
4 0.385294 0.152941 0.014706 0.020915
0 0.093015 0.271242 0.034559 0.050980
0 0.177206 0.242484 0.042647 0.056209
0 0.190809 0.208497 0.055147 0.037908
1 0.194853 0.186928 0.050000 0.041830
0 0.297794 0.227451 0.026471 0.047059
0 0.245588 0.183660 0.025000 0.040523
4 0.250368 0.132026 0.016912 0.023529
4 0.191544 0.146405 0.011029 0.023529
0 0.297426 0.123529 0.022794 0.048366
1 0.358824 0.120915 0.019118 0.035294
0 0.384191 0.137255 0.022794 0.033987
0 0.379412 0.115033 0.016176 0.023529
0 0.380147 0.103268 0.033824 0.026144
1 0.258088 0.095425 0.016176 0.036601
0 0.304412 0.063399 0.016176 0.027451
0 0.349265 0.066013 0.022059 0.027451
0 0.274632 0.054902 0.015441 0.026144
1 0.384191 0.088889 0.021324 0.028758
0 0.369853 0.084967 0.014706 0.026144
0 0.376471 0.052288 0.027941 0.023529
0 0.372794 0.044444 0.025000 0.018301
4 0.290074 0.034641 0.005147 0.016993
4 0.336765 0.026144 0.004412 0.015686
0 0.307721 0.011111 0.013971 0.022222
0 0.275000 0.035294 0.016176 0.020915
1 0.273529 0.019608 0.011765 0.026144
0 0.355147 0.018954 0.011765 0.019608
4 0.294118 0.023529 0.004412 0.013072
