4 0.022396 0.911111 0.038542 0.100000
4 0.696354 0.751852 0.063542 0.070370
4 0.530208 0.711111 0.022917 0.074074
0 0.320312 0.471296 0.040625 0.064815
0 0.135417 0.413889 0.062500 0.042593
4 0.506250 0.444444 0.010417 0.033333
4 0.522396 0.433333 0.009375 0.033333
0 0.508333 0.399074 0.025000 0.042593
0 0.509375 0.350926 0.018750 0.035185
0 0.065104 0.267593 0.028125 0.024074
4 0.303646 0.305556 0.019792 0.018519
4 0.487500 0.310185 0.006250 0.020370
0 0.290625 0.232407 0.025000 0.020370
1 0.311458 0.236111 0.012500 0.024074
4 0.335938 0.243519 0.005208 0.012963
1 0.352604 0.237037 0.009375 0.022222
4 0.350521 0.261111 0.011458 0.014815
4 0.369792 0.265741 0.006250 0.020370
4 0.430729 0.270370 0.011458 0.018519
4 0.469271 0.294444 0.011458 0.022222
0 0.472396 0.273148 0.034375 0.024074
4 0.473958 0.266667 0.012500 0.014815
0 0.396354 0.247222 0.013542 0.020370
0 0.399479 0.238889 0.013542 0.022222
0 0.403125 0.229630 0.010417 0.025926
0 0.411979 0.212037 0.011458 0.016667
4 0.402604 0.210185 0.003125 0.012963
0 0.433333 0.165741 0.006250 0.009259
2 0.438542 0.158333 0.006250 0.016667
3 0.457292 0.168519 0.006250 0.018519
