0 0.736397 0.154902 0.025735 0.024837
0 0.708088 0.183007 0.038235 0.028758
2 0.668750 0.179085 0.038971 0.036601
0 0.680882 0.227451 0.029412 0.047059
0 0.659191 0.273856 0.040441 0.045752
4 0.634191 0.232026 0.012500 0.024837
4 0.625000 0.177778 0.008824 0.020915
4 0.577206 0.154902 0.011765 0.019608
0 0.897794 0.079739 0.008824 0.013072
0 0.893382 0.098039 0.010294 0.018301
0 0.852574 0.121569 0.013971 0.018301
0 0.887132 0.140523 0.015441 0.019608
0 0.848529 0.160784 0.016176 0.023529
0 0.852206 0.169281 0.017647 0.030065
0 0.855515 0.181046 0.019853 0.035294
0 0.699632 0.362092 0.062500 0.065359
0 0.851471 0.194118 0.019118 0.027451
0 0.852941 0.211111 0.022059 0.035294
0 0.853309 0.230065 0.024265 0.044444
0 0.852941 0.252288 0.025000 0.039216
0 0.844118 0.273203 0.029412 0.052288
0 0.840809 0.309804 0.034559 0.054902
0 0.843382 0.345098 0.038235 0.067974
0 0.834559 0.394771 0.041176 0.067974
0 0.846691 0.454902 0.047794 0.086275
0 0.780515 0.361438 0.036029 0.066667
0 0.765809 0.398039 0.043382 0.084967
0 0.748529 0.464052 0.050000 0.096732
1 0.823897 0.498039 0.050735 0.128105
4 0.950000 0.730065 0.080882 0.087582
0 0.659559 0.451634 0.051471 0.084967
4 0.687500 0.560784 0.044118 0.060131
4 0.427206 0.883007 0.039706 0.118954
4 0.697426 0.296078 0.011029 0.032680
4 0.601471 0.352288 0.014706 0.037908
4 0.577206 0.366667 0.025000 0.037908
4 0.557721 0.261438 0.016912 0.026144
4 0.590441 0.462745 0.014706 0.052288
4 0.506618 0.487582 0.025000 0.049673
4 0.101103 0.366013 0.018382 0.044444
4 0.126471 0.369281 0.016176 0.037908
4 0.140441 0.367320 0.019118 0.047059
4 0.161397 0.364052 0.016912 0.045752
4 0.193750 0.367320 0.011029 0.044444
4 0.182353 0.348366 0.008824 0.040523
4 0.203676 0.344444 0.007353 0.043137
4 0.214338 0.364052 0.012500 0.040523
4 0.223897 0.343791 0.011029 0.044444
0 0.081250 0.464052 0.084559 0.088889
0 0.194853 0.468627 0.085294 0.087582
0 0.261397 0.450327 0.072794 0.077124
1 0.508088 0.376471 0.079412 0.081046
4 0.484191 0.328105 0.025735 0.036601
4 0.466176 0.320915 0.020588 0.037908
4 0.466544 0.301307 0.012500 0.035294
4 0.406250 0.284967 0.011029 0.031373
4 0.395956 0.304575 0.009559 0.031373
4 0.409191 0.321569 0.011029 0.031373
4 0.435294 0.307190 0.022059 0.033987
4 0.443750 0.343791 0.012500 0.039216
4 0.433088 0.346405 0.008824 0.039216
4 0.347426 0.433987 0.016912 0.054902
4 0.296324 0.349673 0.011765 0.045752
4 0.330515 0.381699 0.013971 0.044444
4 0.341912 0.384314 0.013235 0.047059
4 0.331250 0.290196 0.011029 0.036601
4 0.340441 0.309150 0.011765 0.037908
4 0.359191 0.318954 0.009559 0.036601
4 0.241176 0.305229 0.010294 0.032680
4 0.240809 0.357516 0.016912 0.043137
4 0.245956 0.335294 0.009559 0.048366
4 0.253676 0.320261 0.011765 0.036601
4 0.258456 0.370588 0.015441 0.048366
