0 0.422426 0.506536 0.043382 0.105882
0 0.499265 0.444444 0.038235 0.073203
0 0.311029 0.369935 0.055882 0.070588
0 0.383088 0.307843 0.029412 0.066667
0 0.405882 0.237255 0.029412 0.045752
0 0.404779 0.208497 0.022794 0.032680
0 0.037500 0.617647 0.075000 0.087582
0 0.068750 0.488889 0.106618 0.070588
0 0.087132 0.454902 0.096324 0.067974
0 0.111397 0.420261 0.074265 0.079739
0 0.142279 0.384314 0.075735 0.065359
0 0.155882 0.358170 0.072059 0.070588
0 0.181618 0.325490 0.073529 0.060131
0 0.187868 0.306536 0.063971 0.050980
0 0.187500 0.277778 0.066176 0.056209
0 0.213603 0.261438 0.063971 0.049673
1 0.042647 0.247059 0.058824 0.049673
0 0.069118 0.220261 0.063235 0.040523
0 0.103309 0.204575 0.052206 0.035294
0 0.111029 0.195425 0.036765 0.037908
1 0.130882 0.165359 0.048529 0.040523
0 0.147794 0.156863 0.041176 0.036601
0 0.153309 0.139216 0.044853 0.032680
1 0.186765 0.072549 0.020588 0.032680
0 0.222794 0.077778 0.023529 0.030065
1 0.242647 0.122876 0.019118 0.039216
0 0.436029 0.101961 0.017647 0.026144
2 0.436029 0.075163 0.014706 0.027451
0 0.490074 0.033987 0.011029 0.018301
0 0.509559 0.040523 0.013235 0.015686
1 0.488603 0.014379 0.009559 0.020915
0 0.451838 0.015033 0.011029 0.016993
0 0.512868 0.024183 0.009559 0.016993
4 0.887868 0.518954 0.024265 0.039216
4 0.873529 0.505882 0.027941 0.033987
4 0.866544 0.478431 0.030147 0.036601
4 0.875735 0.492157 0.030882 0.037908
4 0.839338 0.434641 0.011029 0.040523
4 0.783824 0.341830 0.026471 0.032680
4 0.791544 0.361438 0.009559 0.037908
4 0.803309 0.360131 0.011029 0.037908
4 0.110294 0.256209 0.023529 0.026144
4 0.970956 0.658170 0.024265 0.066667
4 0.988603 0.663399 0.022794 0.071895
4 0.505147 0.233987 0.007353 0.026144
4 0.062132 0.288889 0.018382 0.031373
4 0.479044 0.141176 0.008088 0.020915
4 0.453676 0.115033 0.005882 0.018301
4 0.474265 0.081699 0.007353 0.014379
