4 0.987500 0.092593 0.025000 0.040741
4 0.937500 0.083333 0.018750 0.037037
4 0.847396 0.084259 0.011458 0.035185
4 0.901562 0.087037 0.017708 0.033333
4 0.803125 0.077778 0.016667 0.044444
4 0.720833 0.077778 0.012500 0.037037
4 0.725521 0.053704 0.032292 0.033333
4 0.697396 0.073148 0.013542 0.038889
4 0.685417 0.053704 0.029167 0.033333
4 0.681250 0.075926 0.008333 0.029630
4 0.639583 0.071296 0.010417 0.035185
4 0.630729 0.073148 0.009375 0.031481
4 0.621354 0.072222 0.011458 0.033333
4 0.608854 0.071296 0.013542 0.027778
4 0.586458 0.067593 0.016667 0.031481
4 0.566146 0.066667 0.017708 0.033333
