0 0.972396 0.922222 0.055208 0.077778
2 0.940625 0.761111 0.118750 0.118519
4 0.394792 0.818519 0.012500 0.040741
4 0.416667 0.831481 0.012500 0.048148
4 0.502083 0.825926 0.014583 0.048148
4 0.538021 0.669444 0.009375 0.035185
4 0.429688 0.672222 0.017708 0.029630
4 0.535937 0.410185 0.005208 0.016667
4 0.497396 0.454630 0.005208 0.012963
4 0.523958 0.348148 0.004167 0.011111
0 0.515104 0.578704 0.023958 0.038889
0 0.309896 0.788889 0.055208 0.051852
0 0.464583 0.501852 0.018750 0.037037
0 0.442188 0.462037 0.030208 0.027778
0 0.525000 0.456481 0.016667 0.027778
0 0.520833 0.387037 0.010417 0.018519
4 0.516667 0.345370 0.002083 0.009259
