0 0.691406 0.909722 0.153646 0.180556
0 0.195573 0.699537 0.107812 0.076852
4 0.482812 0.898148 0.047917 0.148148
0 0.440625 0.733333 0.069792 0.105556
0 0.453125 0.574074 0.020833 0.031481
0 0.444010 0.616204 0.034896 0.052778
0 0.502083 0.616667 0.032292 0.048148
0 0.494531 0.552315 0.013021 0.019444
0 0.500000 0.547685 0.009375 0.017593
0 0.504167 0.538889 0.009375 0.012963
0 0.508333 0.536574 0.007292 0.012037
0 0.503646 0.587037 0.023958 0.025926
0 0.515365 0.556019 0.015104 0.023148
0 0.523958 0.539815 0.010417 0.016667
4 0.536198 0.554630 0.003646 0.012963
4 0.548958 0.597685 0.006250 0.021296
4 0.542448 0.671296 0.008854 0.037037
0 0.648698 0.781019 0.086979 0.112037
0 0.633594 0.714815 0.063021 0.075926
0 0.608073 0.677778 0.052604 0.066667
0 0.596094 0.642593 0.042188 0.051852
0 0.588542 0.619444 0.037500 0.044444
0 0.579948 0.609722 0.027604 0.039815
0 0.575000 0.599074 0.023958 0.037037
0 0.571875 0.592593 0.020833 0.037037
0 0.565365 0.584259 0.018229 0.027778
0 0.564323 0.579167 0.016146 0.032407
0 0.564323 0.570370 0.017188 0.033333
1 0.562760 0.559259 0.014063 0.025926
1 0.557552 0.557407 0.014063 0.020370
0 0.551823 0.552778 0.011979 0.014815
0 0.552604 0.547222 0.012500 0.014815
0 0.549479 0.543056 0.010417 0.012037
0 0.548438 0.538426 0.009375 0.015741
