0 0.416406 0.918981 0.110937 0.162037
0 0.461198 0.805093 0.072396 0.121296
0 0.471875 0.734259 0.058333 0.079630
0 0.501042 0.647685 0.051042 0.058333
4 0.553385 0.827778 0.030729 0.077778
4 0.653385 0.756481 0.018229 0.055556
4 0.563542 0.700463 0.017708 0.056481
4 0.586458 0.649537 0.026042 0.030556
4 0.629687 0.656944 0.027083 0.032407
4 0.637760 0.650463 0.021354 0.032407
1 0.608333 0.606019 0.021875 0.041667
0 0.548177 0.608796 0.024479 0.036111
1 0.564583 0.597685 0.017708 0.030556
0 0.556250 0.583796 0.014583 0.021296
4 0.474479 0.590278 0.007292 0.032407
1 0.384375 0.608796 0.056250 0.052778
