0 0.063235 0.145752 0.094118 0.056209
1 0.148897 0.199346 0.100735 0.082353
0 0.039338 0.242484 0.078676 0.069281
0 0.226103 0.243137 0.108088 0.070588
1 0.300000 0.209150 0.086765 0.067974
0 0.278676 0.160131 0.088235 0.061438
4 0.119118 0.639869 0.026471 0.098039
0 0.446324 0.183660 0.085294 0.069281
4 0.545221 0.235948 0.030147 0.045752
4 0.751103 0.446405 0.049265 0.058824
0 0.586029 0.130065 0.082353 0.050980
0 0.693382 0.241830 0.083824 0.088889
0 0.811765 0.124183 0.075000 0.047059
1 0.946324 0.115686 0.070588 0.056209
1 0.834191 0.183007 0.062500 0.065359
1 0.981985 0.135294 0.036029 0.053595
0 0.491912 0.018301 0.025000 0.036601
4 0.460662 0.057516 0.009559 0.031373
0 0.930147 0.722222 0.139706 0.239216
1 0.978676 0.063399 0.042647 0.045752
1 0.979779 0.041176 0.040441 0.037908
