4 0.607353 0.554902 0.027941 0.030065
4 0.601471 0.535294 0.036765 0.032680
4 0.591176 0.517647 0.035294 0.033987
4 0.580882 0.506536 0.025000 0.040523
4 0.339706 0.830065 0.033824 0.041830
4 0.343382 0.779085 0.038235 0.047059
4 0.132353 0.979739 0.047059 0.040523
4 0.176103 0.907190 0.041912 0.044444
4 0.200000 0.884967 0.032353 0.049673
4 0.111029 0.901961 0.022059 0.065359
4 0.220956 0.832680 0.022794 0.047059
4 0.195956 0.847712 0.041912 0.040523
0 0.057353 0.927451 0.091176 0.142484
4 0.177206 0.584314 0.016176 0.049673
4 0.205515 0.528758 0.013971 0.053595
4 0.199632 0.493464 0.011029 0.043137
0 0.141544 0.452288 0.083088 0.083660
1 0.073529 0.395425 0.070588 0.092810
4 0.124265 0.367974 0.020588 0.032680
0 0.149265 0.324183 0.072059 0.070588
0 0.161765 0.256863 0.066176 0.048366
1 0.099265 0.215686 0.047059 0.060131
4 0.156618 0.175817 0.019118 0.024837
1 0.186765 0.131373 0.054412 0.050980
0 0.172794 0.113072 0.051471 0.043137
0 0.191176 0.081699 0.058824 0.050980
1 0.186765 0.041176 0.060294 0.043137
0 0.169485 0.011111 0.052206 0.022222
4 0.216176 0.026144 0.011765 0.023529
4 0.201103 0.014379 0.005147 0.020915
0 0.082353 0.008497 0.023529 0.016993
0 0.053676 0.035294 0.025000 0.041830
0 0.012132 0.013725 0.024265 0.027451
0 0.006985 0.039869 0.013971 0.043137
0 0.005515 0.086275 0.011029 0.041830
