4 0.183824 0.950327 0.044118 0.047059
2 0.305882 0.915033 0.116176 0.112418
1 0.327206 0.849020 0.095588 0.087582
0 0.358824 0.732680 0.100000 0.079739
0 0.320956 0.542484 0.063971 0.133333
4 0.374265 0.522222 0.019118 0.035294
0 0.401471 0.505229 0.070588 0.069281
0 0.408824 0.456209 0.057353 0.049673
0 0.440809 0.418301 0.052206 0.062745
4 0.398897 0.422876 0.016912 0.024837
0 0.418750 0.374510 0.059559 0.040523
2 0.397794 0.333333 0.079412 0.062745
0 0.440441 0.293464 0.047059 0.048366
1 0.441176 0.264052 0.041176 0.049673
0 0.444853 0.240523 0.038235 0.039216
0 0.454412 0.173856 0.025000 0.036601
0 0.467279 0.149020 0.030147 0.026144
4 0.455147 0.156863 0.013235 0.015686
0 0.485294 0.133333 0.016176 0.031373
0 0.463603 0.126797 0.015441 0.026144
2 0.459559 0.111765 0.038235 0.027451
0 0.475368 0.103922 0.025735 0.024837
0 0.469853 0.087582 0.014706 0.023529
0 0.442647 0.079739 0.029412 0.020915
0 0.450000 0.060784 0.025000 0.016993
0 0.473897 0.056863 0.025735 0.022222
1 0.479779 0.043137 0.012500 0.026144
0 0.499265 0.054248 0.013235 0.024837
0 0.483456 0.038562 0.022794 0.019608
0 0.458088 0.032026 0.023529 0.022222
0 0.484926 0.026797 0.012500 0.016993
0 0.485662 0.019608 0.009559 0.015686
0 0.494853 0.015686 0.016176 0.018301
0 0.496691 0.006536 0.018382 0.013072
0 0.746324 0.902614 0.063235 0.147712
4 0.775735 0.792810 0.023529 0.045752
0 0.812500 0.639869 0.060294 0.066667
0 0.619118 0.513725 0.033824 0.073203
0 0.613603 0.443137 0.031618 0.060131
4 0.697059 0.422876 0.008824 0.035294
4 0.605515 0.385621 0.031618 0.057516
0 0.595588 0.256209 0.019118 0.036601
0 0.545956 0.298693 0.022794 0.040523
0 0.592279 0.223529 0.021324 0.033987
2 0.508824 0.237908 0.030882 0.075817
4 0.616912 0.222876 0.017647 0.019608
4 0.625368 0.179085 0.015441 0.023529
0 0.588971 0.192157 0.017647 0.031373
0 0.580515 0.153595 0.018382 0.027451
0 0.538603 0.161438 0.016912 0.032680
4 0.623529 0.158170 0.011765 0.018301
0 0.582721 0.133987 0.015441 0.024837
0 0.582353 0.116340 0.014706 0.020915
0 0.589338 0.101307 0.030147 0.027451
0 0.565441 0.109150 0.013235 0.024837
0 0.573162 0.081046 0.025735 0.026144
0 0.578309 0.064706 0.028676 0.022222
0 0.562132 0.041830 0.025735 0.018301
0 0.587132 0.050327 0.024265 0.014379
0 0.566176 0.030719 0.020588 0.014379
0 0.562500 0.024837 0.022059 0.015686
0 0.553309 0.020915 0.021324 0.018301
0 0.562132 0.016340 0.027206 0.019608
0 0.595956 0.047712 0.019853 0.016993
0 0.594485 0.041176 0.021324 0.014379
4 0.665809 0.247712 0.013971 0.016993
4 0.615441 0.108497 0.011765 0.013072
4 0.626471 0.134641 0.002941 0.015686
4 0.616544 0.130065 0.011029 0.014379
