0 0.319010 0.983333 0.038021 0.033333
0 0.278125 0.965278 0.044792 0.069444
0 0.302083 0.858333 0.034375 0.079630
0 0.340365 0.918519 0.041146 0.094444
0 0.348698 0.837037 0.036979 0.072222
0 0.382031 0.697222 0.025521 0.048148
0 0.340625 0.747222 0.044792 0.064815
1 0.356510 0.652315 0.022396 0.052778
0 0.454427 0.733796 0.023438 0.049074
0 0.400521 0.604167 0.019792 0.036111
4 0.027865 0.768056 0.018229 0.019444
4 0.029948 0.756481 0.018229 0.018519
4 0.171875 0.902778 0.022917 0.024074
4 0.094792 0.706481 0.017708 0.022222
4 0.123177 0.621759 0.009896 0.026852
0 0.078125 0.689352 0.014583 0.019444
4 0.084635 0.601389 0.007812 0.021296
4 0.149219 0.637037 0.008854 0.022222
4 0.253125 0.713426 0.017708 0.015741
4 0.194010 0.668056 0.008854 0.017593
4 0.189062 0.652778 0.009375 0.016667
4 0.186458 0.609722 0.008333 0.017593
4 0.113542 0.539815 0.013542 0.016667
4 0.208854 0.594907 0.007292 0.017593
4 0.173437 0.539815 0.013542 0.014815
0 0.159375 0.518519 0.015625 0.012963
4 0.227604 0.536111 0.008333 0.016667
4 0.340625 0.578241 0.014583 0.017593
4 0.327083 0.551389 0.014583 0.017593
4 0.351823 0.556481 0.019271 0.022222
4 0.301042 0.770370 0.017708 0.020370
0 0.501823 0.624074 0.035937 0.051852
4 0.413542 0.693981 0.008333 0.026852
4 0.451562 0.512500 0.006250 0.015741
4 0.466667 0.519907 0.006250 0.013889
4 0.470312 0.644444 0.007292 0.018519
4 0.069271 0.756481 0.014583 0.027778
