2 0.446354 0.929630 0.061458 0.140741
2 0.445833 0.491667 0.027083 0.053704
0 0.456250 0.857407 0.039583 0.103704
0 0.460938 0.778704 0.036458 0.094444
0 0.468229 0.700926 0.030208 0.075926
0 0.472396 0.643519 0.028125 0.064815
0 0.479167 0.596296 0.025000 0.055556
0 0.478125 0.562963 0.022917 0.051852
0 0.530729 0.554630 0.030208 0.035185
1 0.511979 0.574074 0.030208 0.051852
0 0.478646 0.505556 0.015625 0.037037
0 0.510938 0.449074 0.017708 0.031481
1 0.483333 0.450000 0.014583 0.044444
0 0.503646 0.390741 0.013542 0.022222
0 0.460938 0.411111 0.011458 0.025926
4 0.064583 0.944444 0.025000 0.074074
4 0.032292 0.950000 0.027083 0.085185
4 0.357292 0.975000 0.018750 0.050000
4 0.401562 0.777778 0.013542 0.040741
4 0.380729 0.736111 0.028125 0.024074
4 0.388542 0.705556 0.025000 0.022222
4 0.533333 0.796296 0.012500 0.040741
4 0.477083 0.385185 0.004167 0.014815
4 0.525000 0.366667 0.010417 0.011111
4 0.493750 0.330556 0.004167 0.012963
0 0.509375 0.281481 0.006250 0.011111
