0 0.896324 0.679739 0.101471 0.214379
1 0.975735 0.166013 0.048529 0.101961
0 0.826471 0.226797 0.102941 0.082353
0 0.350000 0.451634 0.117647 0.134641
0 0.217647 0.350327 0.098529 0.117647
0 0.374632 0.254248 0.094853 0.090196
0 0.191176 0.143137 0.045588 0.066667
0 0.101103 0.091503 0.061029 0.060131
0 0.048162 0.093464 0.055147 0.074510
4 0.585294 0.267974 0.017647 0.057516
4 0.483456 0.334641 0.034559 0.052288
4 0.521324 0.374510 0.033824 0.053595
4 0.466912 0.716340 0.048529 0.091503
4 0.492279 0.605229 0.053676 0.083660
4 0.479412 0.233987 0.032353 0.044444
4 0.504044 0.248366 0.027206 0.044444
4 0.345956 0.184314 0.021324 0.044444
4 0.362500 0.199346 0.025000 0.050980
4 0.228309 0.126144 0.024265 0.040523
4 0.277574 0.145752 0.025735 0.040523
4 0.263971 0.141176 0.027941 0.044444
4 0.163235 0.082353 0.025000 0.036601
4 0.159559 0.071242 0.016176 0.037908
4 0.104044 0.044444 0.022794 0.039216
4 0.120221 0.041176 0.015441 0.035294
4 0.563971 0.258824 0.029412 0.054902
4 0.541912 0.254902 0.016176 0.057516
4 0.900368 0.305882 0.034559 0.060131
