0 0.508073 0.754167 0.044271 0.075000
2 0.440104 0.745370 0.033333 0.075926
0 0.448958 0.648611 0.020833 0.034259
0 0.325260 0.741204 0.040104 0.067593
0 0.296354 0.685185 0.036458 0.038889
0 0.511719 0.666204 0.031771 0.032407
0 0.598958 0.694907 0.038542 0.043519
0 0.777865 0.915741 0.111979 0.131481
0 0.709115 0.827315 0.063021 0.080556
1 0.033333 0.740741 0.066667 0.070370
0 0.113542 0.709259 0.082292 0.044444
0 0.233594 0.697685 0.043229 0.045370
0 0.225000 0.643056 0.022917 0.032407
4 0.117969 0.960185 0.028646 0.079630
0 0.032813 0.872685 0.065625 0.102778
4 0.373437 0.631019 0.004167 0.015741
0 0.144792 0.700463 0.057292 0.041667
0 0.256510 0.625463 0.032813 0.023148
0 0.282813 0.621759 0.025000 0.023148
1 0.369531 0.612963 0.017188 0.022222
0 0.451562 0.606019 0.013542 0.021296
0 0.487760 0.593056 0.010937 0.013889
0 0.473438 0.619444 0.014583 0.020370
0 0.520833 0.641204 0.020833 0.026852
0 0.510417 0.633796 0.016667 0.023148
0 0.499479 0.609259 0.012500 0.016667
1 0.505990 0.623148 0.015104 0.025926
4 0.482031 0.647685 0.006771 0.019444
0 0.456250 0.574074 0.007292 0.014815
0 0.578125 0.677778 0.028125 0.033333
0 0.537240 0.626389 0.014063 0.019444
0 0.955469 0.870833 0.089063 0.082407
0 0.918750 0.840741 0.136458 0.074074
0 0.865104 0.793981 0.110417 0.097222
0 0.779948 0.732870 0.091146 0.054630
0 0.598698 0.637500 0.033854 0.025000
0 0.590885 0.623611 0.033854 0.025000
4 0.698698 0.782870 0.017188 0.037963
4 0.666667 0.897685 0.026042 0.069444
0 0.552344 0.599537 0.033854 0.025000
0 0.537760 0.592130 0.033854 0.025000
4 0.496354 0.681019 0.007292 0.025000
4 0.492188 0.637500 0.006250 0.017593
4 0.423177 0.601852 0.008854 0.009259
4 0.386719 0.624074 0.003646 0.012963
4 0.390625 0.625463 0.003125 0.012037
4 0.389062 0.602315 0.003125 0.012037
4 0.415625 0.593519 0.003125 0.011111
4 0.410677 0.584259 0.002604 0.011111
4 0.421094 0.579630 0.002604 0.007407
0 0.416667 0.582870 0.007292 0.013889
4 0.446615 0.582870 0.002604 0.010185
4 0.438281 0.578704 0.002604 0.007407
4 0.466146 0.584259 0.003125 0.007407
4 0.388802 0.650463 0.006771 0.021296
