1 0.863235 0.873856 0.098529 0.252288
4 0.662868 0.652941 0.015441 0.061438
0 0.970588 0.647059 0.058824 0.115033
0 0.825000 0.337255 0.051471 0.067974
1 0.658456 0.255556 0.036029 0.064052
1 0.772059 0.259477 0.057353 0.066667
1 0.693382 0.098039 0.038235 0.041830
0 0.703309 0.034641 0.041912 0.024837
0 0.522794 0.123529 0.019118 0.032680
0 0.401471 0.097386 0.022059 0.037908
0 0.455147 0.218954 0.027941 0.066667
1 0.441176 0.428758 0.038235 0.107190
1 0.056985 0.369935 0.065441 0.081046
4 0.081250 0.328758 0.024265 0.037908
0 0.109559 0.286275 0.048529 0.062745
0 0.198897 0.241830 0.068382 0.049673
0 0.267647 0.104575 0.048529 0.031373
4 0.351471 0.033987 0.005882 0.026144
4 0.104412 0.148366 0.020588 0.027451
4 0.117647 0.128105 0.020588 0.023529
0 0.124265 0.083007 0.052941 0.035294
4 0.044485 0.217647 0.024265 0.030065
4 0.035662 0.228105 0.022794 0.027451
0 0.044485 0.236601 0.025735 0.023529
