0 0.338603 0.826797 0.094853 0.079739
0 0.776103 0.950327 0.071324 0.099346
0 0.864338 0.944444 0.071324 0.111111
4 0.972794 0.956209 0.025000 0.050980
0 0.079044 0.871895 0.106618 0.083660
4 0.247059 0.766667 0.023529 0.043137
4 0.015074 0.600654 0.030147 0.037908
1 0.069118 0.521569 0.075000 0.065359
0 0.290441 0.346405 0.025000 0.054902
1 0.225368 0.326144 0.025735 0.064052
1 0.181985 0.320261 0.036029 0.062745
1 0.209559 0.271895 0.022059 0.057516
1 0.182721 0.262092 0.025735 0.066667
0 0.193750 0.179085 0.021324 0.039216
1 0.200368 0.133987 0.016912 0.043137
0 0.222426 0.141830 0.018382 0.035294
0 0.207353 0.112418 0.016176 0.028758
0 0.214338 0.074510 0.016912 0.028758
1 0.234191 0.064706 0.013971 0.035294
4 0.323529 0.077778 0.005882 0.019608
0 0.386029 0.022876 0.029412 0.022222
2 0.358088 0.022222 0.016176 0.036601
0 0.364706 0.088889 0.023529 0.028758
3 0.393382 0.077778 0.032353 0.082353
1 0.422059 0.127451 0.032353 0.027451
0 0.420221 0.147059 0.041912 0.030065
2 0.433088 0.171895 0.032353 0.035294
4 0.458088 0.220261 0.005882 0.024837
1 0.410294 0.257516 0.033824 0.044444
0 0.429412 0.279739 0.033824 0.041830
1 0.450368 0.301961 0.046324 0.047059
4 0.469118 0.284314 0.016176 0.024837
4 0.483088 0.337908 0.019118 0.024837
4 0.473529 0.325490 0.020588 0.023529
4 0.487132 0.379739 0.018382 0.027451
4 0.468750 0.478431 0.022794 0.026144
2 0.443015 0.384967 0.033088 0.079739
4 0.505882 0.479085 0.019118 0.030065
2 0.464706 0.555556 0.101471 0.104575
1 0.615074 0.547059 0.059559 0.066667
1 0.622426 0.487582 0.058088 0.062745
0 0.729044 0.590196 0.066912 0.061438
0 0.752574 0.526797 0.068382 0.054902
1 0.715074 0.467974 0.074265 0.070588
0 0.752206 0.357516 0.033824 0.058824
4 0.704412 0.339869 0.008824 0.031373
4 0.646691 0.373856 0.018382 0.026144
4 0.628309 0.358824 0.018382 0.024837
4 0.641176 0.345098 0.019118 0.028758
4 0.608088 0.388889 0.007353 0.030065
4 0.573529 0.388235 0.016176 0.026144
0 0.793015 0.364052 0.049265 0.050980
1 0.808456 0.462745 0.072794 0.070588
0 0.851471 0.401961 0.061765 0.043137
0 0.817647 0.584314 0.077941 0.057516
1 0.901103 0.562745 0.065441 0.066667
0 0.895588 0.511111 0.067647 0.052288
1 0.902206 0.457516 0.067647 0.065359
0 0.970588 0.555556 0.058824 0.057516
0 0.982353 0.494118 0.035294 0.054902
0 0.987868 0.449020 0.024265 0.045752
0 0.921324 0.407190 0.054412 0.064052
1 0.879779 0.343791 0.053676 0.054902
4 0.842279 0.283007 0.016912 0.022222
