0 0.472426 0.671242 0.044853 0.108497
0 0.468015 0.515686 0.031618 0.066667
0 0.472059 0.419608 0.026471 0.060131
0 0.472059 0.364706 0.019118 0.047059
0 0.469118 0.334641 0.020588 0.039216
0 0.440441 0.295425 0.016176 0.026144
0 0.525735 0.287582 0.016176 0.023529
1 0.470588 0.207190 0.010294 0.016993
0 0.485294 0.193464 0.007353 0.013072
0 0.483088 0.175163 0.004412 0.007843
0 0.469118 0.172549 0.007353 0.007843
0 0.498162 0.232680 0.011029 0.018301
0 0.482721 0.161438 0.005147 0.009150
0 0.444118 0.197386 0.007353 0.013072
0 0.448162 0.182353 0.011029 0.009150
0 0.449265 0.168627 0.005882 0.010458
0 0.459191 0.169281 0.006618 0.009150
1 0.467647 0.287582 0.013235 0.028758
0 0.467279 0.311111 0.016912 0.023529
0 0.454779 0.209150 0.008088 0.013072
3 0.448897 0.232026 0.016912 0.040523
0 0.609926 0.275163 0.019853 0.022222
0 0.694853 0.420915 0.032353 0.044444
0 0.634926 0.337255 0.022794 0.031373
1 0.618015 0.313072 0.012500 0.024837
1 0.782353 0.545098 0.052941 0.075817
4 0.612500 0.458170 0.008824 0.030065
4 0.528676 0.261438 0.004412 0.013072
1 0.148897 0.577778 0.091912 0.096732
0 0.301103 0.422222 0.038971 0.044444
0 0.319118 0.366667 0.027941 0.043137
0 0.338603 0.342484 0.022794 0.031373
0 0.346691 0.328105 0.022794 0.031373
0 0.339338 0.309150 0.036029 0.024837
0 0.363971 0.292157 0.019118 0.024837
0 0.364706 0.271895 0.023529 0.026144
4 0.117647 0.523529 0.032353 0.037908
4 0.094853 0.516993 0.026471 0.030065
4 0.054412 0.511111 0.027941 0.031373
4 0.068015 0.556863 0.018382 0.044444
4 0.075368 0.488889 0.018382 0.044444
4 0.130882 0.449020 0.020588 0.032680
4 0.093015 0.443791 0.016912 0.027451
4 0.105515 0.439216 0.018382 0.026144
4 0.109191 0.430719 0.019853 0.027451
4 0.022794 0.532026 0.016176 0.044444
4 0.206250 0.292157 0.011029 0.019608
4 0.189338 0.310458 0.011029 0.019608
4 0.016176 0.478431 0.014706 0.041830
4 0.005515 0.566013 0.011029 0.047059
4 0.009926 0.519608 0.013971 0.040523
4 0.054044 0.564706 0.018382 0.044444
4 0.179044 0.317647 0.015441 0.018301
4 0.271324 0.376471 0.013235 0.026144
4 0.220221 0.605229 0.019853 0.047059
4 0.226471 0.549020 0.022059 0.036601
4 0.093382 0.492810 0.013235 0.026144
4 0.324632 0.433987 0.011029 0.020915
1 0.579779 0.937908 0.109559 0.121569
4 0.874265 0.594118 0.020588 0.045752
4 0.976838 0.573856 0.016912 0.039216
4 0.990809 0.542484 0.012500 0.039216
4 0.869485 0.534641 0.016912 0.039216
