0 0.706618 0.656209 0.142647 0.164706
0 0.472426 0.577124 0.074265 0.111111
0 0.688603 0.830065 0.190441 0.154248
0 0.674265 0.527451 0.060294 0.111111
0 0.689706 0.391503 0.085294 0.069281
1 0.512500 0.445752 0.051471 0.112418
4 0.607353 0.484967 0.022059 0.052288
4 0.614706 0.454248 0.019118 0.048366
0 0.691176 0.334641 0.075000 0.060131
0 0.693015 0.292157 0.066912 0.058824
1 0.763603 0.341830 0.033088 0.077124
4 0.797059 0.589542 0.038235 0.054902
4 0.798529 0.467974 0.019118 0.054902
0 0.585294 0.249020 0.041176 0.066667
0 0.650735 0.260784 0.033824 0.061438
1 0.611765 0.192157 0.029412 0.060131
1 0.622426 0.156863 0.028676 0.060131
0 0.086765 0.271895 0.055882 0.060131
0 0.043015 0.281699 0.056618 0.061438
0 0.177206 0.224183 0.054412 0.056209
0 0.205515 0.157516 0.040441 0.043137
4 0.127941 0.162745 0.019118 0.024837
4 0.091544 0.185621 0.015441 0.031373
4 0.060662 0.193464 0.009559 0.031373
2 0.277574 0.103268 0.038971 0.047059
0 0.270221 0.111765 0.041912 0.032680
2 0.375000 0.155556 0.032353 0.049673
1 0.468015 0.209150 0.037500 0.054902
1 0.514706 0.137255 0.027941 0.047059
0 0.413235 0.124183 0.030882 0.039216
0 0.441912 0.105882 0.026471 0.033987
4 0.428676 0.093464 0.008824 0.011765
0 0.493015 0.105229 0.030147 0.040523
0 0.493015 0.055556 0.024265 0.027451
0 0.644118 0.093464 0.029412 0.064052
3 0.572059 0.087582 0.036765 0.057516
2 0.561397 0.064052 0.021324 0.033987
0 0.586397 0.051634 0.015441 0.019608
0 0.588235 0.029412 0.013235 0.016993
0 0.512868 0.038562 0.018382 0.024837
0 0.526103 0.025490 0.016912 0.019608
0 0.537500 0.017647 0.016176 0.019608
0 0.541912 0.009804 0.016176 0.019608
0 0.556985 0.005882 0.011029 0.011765
