0 0.320573 0.955556 0.052604 0.088889
4 0.329427 0.907870 0.019271 0.023148
1 0.339844 0.863889 0.036979 0.074074
0 0.365625 0.800000 0.036458 0.062963
4 0.442969 0.858333 0.010937 0.037037
4 0.466667 0.848148 0.011458 0.040741
0 0.387500 0.727778 0.032292 0.068519
4 0.416927 0.696759 0.007812 0.028704
4 0.008073 0.837037 0.016146 0.024074
4 0.095833 0.752778 0.028125 0.027778
4 0.154948 0.768519 0.030729 0.031481
4 0.150260 0.784722 0.020313 0.028704
4 0.197396 0.713889 0.025000 0.029630
4 0.214062 0.618981 0.018750 0.025000
1 0.170052 0.652778 0.042188 0.062963
4 0.247396 0.589815 0.013542 0.022222
4 0.250260 0.584722 0.015104 0.023148
4 0.266406 0.566204 0.017188 0.021296
4 0.288021 0.540278 0.007292 0.021296
0 0.384375 0.596759 0.026042 0.034259
4 0.365104 0.469907 0.015625 0.017593
0 0.560677 0.646296 0.024479 0.040741
0 0.551042 0.575463 0.019792 0.036111
0 0.561198 0.533333 0.018229 0.033333
4 0.518750 0.663889 0.007292 0.027778
0 0.419792 0.607407 0.023958 0.051852
4 0.455990 0.646296 0.006771 0.027778
4 0.496094 0.623148 0.006771 0.022222
4 0.537760 0.613426 0.008854 0.026852
0 0.517448 0.593981 0.020313 0.041667
4 0.525521 0.568056 0.006250 0.021296
0 0.435677 0.574537 0.022396 0.036111
0 0.444792 0.547222 0.021875 0.035185
4 0.508333 0.546296 0.008333 0.022222
4 0.457552 0.604630 0.005729 0.022222
4 0.472396 0.584722 0.006250 0.023148
4 0.474740 0.553704 0.005729 0.022222
4 0.485417 0.525926 0.006250 0.022222
4 0.486719 0.507407 0.004687 0.014815
0 0.514323 0.503704 0.017188 0.031481
0 0.459375 0.493056 0.019792 0.034259
0 0.470052 0.456019 0.013021 0.026852
0 0.477604 0.434259 0.014583 0.022222
2 0.524479 0.436574 0.026042 0.028704
4 0.545573 0.449074 0.005729 0.016667
4 0.545312 0.417130 0.005208 0.015741
4 0.501563 0.404630 0.004167 0.014815
4 0.488281 0.388889 0.008854 0.012963
4 0.520833 0.369444 0.004167 0.012963
4 0.522917 0.354630 0.004167 0.012963
4 0.525781 0.343981 0.003646 0.012037
4 0.545312 0.349074 0.003125 0.011111
0 0.507292 0.359259 0.010417 0.022222
0 0.509375 0.339815 0.009375 0.014815
0 0.458854 0.287500 0.013542 0.012037
1 0.463281 0.296296 0.015104 0.014815
0 0.476042 0.300000 0.014583 0.012963
0 0.475260 0.289352 0.015104 0.012037
4 0.553125 0.330556 0.003125 0.011111
0 0.517188 0.304630 0.011458 0.014815
4 0.516406 0.317130 0.003646 0.010185
4 0.534115 0.319907 0.002604 0.010185
4 0.527083 0.318519 0.003125 0.011111
0 0.557292 0.309722 0.010417 0.013889
4 0.532813 0.311111 0.003125 0.009259
4 0.548958 0.311111 0.003125 0.009259
4 0.566146 0.325463 0.007292 0.008333
4 0.569531 0.314815 0.007812 0.009259
4 0.546615 0.295833 0.002604 0.008333
0 0.524479 0.274074 0.010417 0.009259
0 0.529687 0.263889 0.006250 0.009259
4 0.552344 0.296296 0.002604 0.009259
4 0.550000 0.289815 0.002083 0.007407
4 0.558073 0.292130 0.002604 0.008333
4 0.555990 0.288889 0.002604 0.009259
4 0.548438 0.282407 0.002083 0.009259
4 0.554167 0.279167 0.002083 0.008333
4 0.563802 0.281481 0.002604 0.009259
4 0.565104 0.269907 0.002083 0.008333
4 0.555990 0.271296 0.002604 0.007407
4 0.560156 0.272222 0.002604 0.007407
0 0.545573 0.257870 0.006771 0.010185
4 0.539062 0.253241 0.002083 0.006481
0 0.555990 0.262963 0.006771 0.011111
4 0.551562 0.258796 0.003125 0.008333
0 0.557292 0.251852 0.006250 0.009259
0 0.559635 0.249537 0.004687 0.008333
0 0.561458 0.246296 0.005208 0.007407
4 0.552865 0.244444 0.002604 0.007407
4 0.566667 0.238889 0.002083 0.005556
1 0.566146 0.233333 0.010417 0.011111
0 0.540104 0.232407 0.009375 0.007407
0 0.547917 0.231481 0.011458 0.009259
1 0.542969 0.222222 0.004687 0.009259
0 0.546615 0.217593 0.004687 0.007407
