0 0.244118 0.628105 0.073529 0.118954
0 0.207353 0.492157 0.094118 0.082353
0 0.300368 0.482353 0.041912 0.107190
0 0.315074 0.286928 0.028676 0.056209
0 0.294853 0.237255 0.069118 0.045752
0 0.629412 0.822222 0.080882 0.172549
0 0.708456 0.684314 0.122794 0.100654
0 0.688235 0.615686 0.098529 0.078431
0 0.558456 0.502614 0.050735 0.095425
0 0.529779 0.394118 0.038971 0.074510
0 0.518750 0.336601 0.034559 0.058824
0 0.379412 0.166013 0.026471 0.047059
0 0.414706 0.154248 0.020588 0.041830
0 0.471324 0.147059 0.023529 0.035294
0 0.491912 0.239216 0.032353 0.049673
0 0.483824 0.203922 0.025000 0.039216
0 0.604412 0.313072 0.051471 0.053595
0 0.596691 0.362092 0.074265 0.065359
1 0.323529 0.188889 0.022059 0.064052
0 0.335294 0.168627 0.019118 0.039216
0 0.403676 0.928758 0.067647 0.142484
0 0.617647 0.424837 0.069118 0.049673
0 0.331618 0.093464 0.014706 0.030065
1 0.341544 0.075817 0.011029 0.031373
1 0.413235 0.060784 0.013235 0.030065
1 0.441544 0.065359 0.015441 0.023529
1 0.450000 0.049020 0.023529 0.027451
1 0.459191 0.097386 0.013971 0.032680
1 0.487868 0.100000 0.030147 0.032680
1 0.483824 0.058824 0.032353 0.026144
4 0.901103 0.883660 0.033088 0.088889
4 0.932721 0.900000 0.025735 0.084967
4 0.672059 0.516340 0.029412 0.036601
4 0.702574 0.418954 0.018382 0.045752
4 0.714706 0.439216 0.014706 0.049673
4 0.457721 0.267320 0.009559 0.022222
