0 0.498437 0.385185 0.009375 0.014815
4 0.521354 0.404630 0.005208 0.009259
0 0.463021 0.400926 0.013542 0.020370
0 0.460417 0.420370 0.012500 0.018519
0 0.453646 0.443519 0.013542 0.020370
4 0.472917 0.419444 0.004167 0.009259
0 0.541667 0.472222 0.016667 0.029630
4 0.482292 0.486111 0.006250 0.016667
0 0.548958 0.515741 0.016667 0.031481
0 0.546354 0.499074 0.017708 0.027778
4 0.514062 0.527778 0.007292 0.018519
4 0.176042 0.863889 0.031250 0.053704
4 0.205208 0.800926 0.031250 0.035185
4 0.385937 0.671296 0.011458 0.027778
0 0.566146 0.585185 0.036458 0.081481
0 0.541146 0.920370 0.048958 0.100000
0 0.621354 0.892593 0.046875 0.088889
4 0.413542 0.704630 0.008333 0.035185
4 0.486458 0.715741 0.010417 0.038889
4 0.530208 0.694444 0.010417 0.033333
4 0.588021 0.783333 0.013542 0.040741
