0 0.429167 0.876852 0.068750 0.220370
0 0.632812 0.729630 0.057292 0.107407
0 0.679167 0.924074 0.091667 0.151852
1 0.422917 0.615741 0.043750 0.142593
0 0.339583 0.921296 0.020833 0.083333
0 0.355729 0.875926 0.019792 0.081481
0 0.336979 0.830556 0.019792 0.075926
4 0.246875 0.855556 0.052083 0.048148
4 0.236458 0.812037 0.041667 0.057407
4 0.260417 0.736111 0.031250 0.064815
4 0.366667 0.761111 0.020833 0.088889
4 0.509375 0.761111 0.025000 0.074074
4 0.516146 0.688889 0.019792 0.074074
4 0.370833 0.663889 0.014583 0.075926
4 0.384375 0.525000 0.014583 0.061111
4 0.387500 0.425000 0.012500 0.042593
4 0.372917 0.395370 0.012500 0.038889
4 0.336979 0.446296 0.013542 0.044444
4 0.372396 0.299074 0.011458 0.038889
4 0.382812 0.267593 0.009375 0.031481
4 0.385417 0.227778 0.010417 0.033333
4 0.179688 0.403704 0.030208 0.040741
4 0.359375 0.421296 0.012500 0.042593
4 0.356771 0.609259 0.011458 0.048148
0 0.879167 0.606481 0.104167 0.090741
0 0.791667 0.560185 0.110417 0.075926
0 0.968229 0.558333 0.063542 0.075926
0 0.833333 0.443519 0.089583 0.068519
0 0.730729 0.450000 0.092708 0.062963
2 0.909896 0.376852 0.117708 0.098148
2 0.619792 0.400926 0.093750 0.061111
0 0.581771 0.369444 0.057292 0.061111
0 0.569792 0.322222 0.066667 0.055556
0 0.510417 0.316667 0.037500 0.062963
0 0.448437 0.350000 0.040625 0.062963
0 0.561458 0.288889 0.050000 0.040741
0 0.548958 0.269444 0.064583 0.053704
4 0.343229 0.376852 0.009375 0.038889
4 0.459896 0.299074 0.009375 0.031481
4 0.398438 0.263889 0.009375 0.031481
0 0.342187 0.179630 0.038542 0.055556
0 0.423437 0.170370 0.021875 0.044444
4 0.457813 0.211111 0.007292 0.025926
4 0.356771 0.221296 0.007292 0.027778
0 0.395833 0.137037 0.020833 0.044444
4 0.381250 0.186111 0.006250 0.024074
4 0.443750 0.156481 0.006250 0.027778
0 0.447396 0.079630 0.017708 0.029630
4 0.427604 0.085185 0.007292 0.022222
0 0.399479 0.068519 0.019792 0.029630
4 0.369792 0.146296 0.006250 0.022222
4 0.378125 0.102778 0.006250 0.020370
4 0.365625 0.100000 0.006250 0.018519
4 0.377083 0.159259 0.006250 0.018519
