0 0.580147 0.931373 0.114706 0.116340
4 0.575368 0.776471 0.022794 0.075817
0 0.183456 0.849020 0.063971 0.189542
0 0.060662 0.424183 0.043382 0.103268
4 0.431985 0.493464 0.024265 0.043137
4 0.395588 0.328758 0.026471 0.032680
2 0.337868 0.352288 0.050735 0.124183
4 0.385294 0.261438 0.023529 0.028758
4 0.373897 0.245752 0.031618 0.033987
1 0.340074 0.213072 0.061029 0.067974
0 0.310294 0.179085 0.044118 0.062745
1 0.284559 0.150980 0.044118 0.064052
4 0.340441 0.077778 0.010294 0.030065
1 0.015809 0.209150 0.031618 0.088889
0 0.914338 0.768627 0.078676 0.083660
0 0.725735 0.628105 0.080882 0.090196
4 0.581985 0.527451 0.036029 0.040523
4 0.505882 0.332026 0.020588 0.031373
4 0.548529 0.327451 0.008824 0.032680
4 0.594853 0.292810 0.025000 0.033987
4 0.569853 0.272549 0.022059 0.032680
4 0.584191 0.249020 0.022794 0.032680
4 0.657721 0.228105 0.012500 0.037908
0 0.717279 0.247059 0.044853 0.083660
0 0.763603 0.249020 0.062500 0.071895
0 0.836397 0.299346 0.071324 0.062745
1 0.861397 0.207843 0.066912 0.070588
4 0.810294 0.121569 0.019118 0.033987
4 0.844853 0.110458 0.019118 0.024837
4 0.819118 0.358170 0.025000 0.031373
2 0.675735 0.527451 0.126471 0.147712
1 0.661029 0.456863 0.070588 0.087582
1 0.746691 0.411111 0.088971 0.095425
1 0.779044 0.498693 0.072794 0.087582
1 0.847426 0.380392 0.086029 0.094118
0 0.825735 0.595425 0.092647 0.084967
0 0.886397 0.458170 0.078676 0.071895
0 0.975000 0.422876 0.050000 0.069281
1 0.919853 0.544444 0.077941 0.087582
0 0.980147 0.516993 0.039706 0.071895
1 0.930147 0.277124 0.067647 0.070588
