4 0.333854 0.571296 0.019792 0.016667
4 0.342187 0.559259 0.017708 0.018519
0 0.315625 0.739815 0.062500 0.057407
4 0.577604 0.830556 0.017708 0.057407
4 0.190625 0.778704 0.012500 0.046296
4 0.191667 0.827778 0.025000 0.040741
0 0.475521 0.586111 0.026042 0.042593
1 0.471354 0.506481 0.019792 0.038889
0 0.463021 0.316667 0.007292 0.014815
4 0.511979 0.461111 0.007292 0.014815
0 0.558333 0.455556 0.016667 0.022222
4 0.484896 0.422222 0.007292 0.014815
4 0.344792 0.490741 0.006250 0.018519
0 0.505729 0.412037 0.013542 0.024074
0 0.490625 0.403704 0.012500 0.018519
0 0.438021 0.336111 0.013542 0.024074
