1 0.050000 0.281699 0.039706 0.053595
0 0.053309 0.637908 0.044853 0.044444
0 0.206985 0.583660 0.044853 0.043137
0 0.430515 0.522876 0.040441 0.044444
4 0.313235 0.724837 0.020588 0.016993
4 0.400368 0.788235 0.018382 0.018301
0 0.729044 0.705882 0.041912 0.054902
0 0.977206 0.420915 0.045588 0.044444
0 0.894118 0.498039 0.045588 0.044444
0 0.875368 0.331373 0.041912 0.035294
1 0.906985 0.669281 0.040441 0.039216
1 0.962868 0.635948 0.038971 0.027451
4 0.896324 0.758824 0.010294 0.024837
4 0.886397 0.773856 0.009559 0.026144
4 0.875735 0.771895 0.011765 0.024837
0 0.400735 0.041830 0.022059 0.083660
4 0.473529 0.291503 0.014706 0.020915
4 0.563235 0.111765 0.011765 0.030065
4 0.780515 0.166013 0.015441 0.015686
4 0.959191 0.508497 0.018382 0.015686
0 0.547794 0.986275 0.027941 0.024837
