0 0.500000 0.243056 0.007292 0.012037
0 0.492448 0.270370 0.007812 0.012963
0 0.501302 0.258333 0.006771 0.011111
0 0.503906 0.262500 0.006771 0.008333
0 0.504687 0.273148 0.007292 0.012963
2 0.484115 0.283333 0.007812 0.014815
0 0.507552 0.286111 0.006771 0.012963
0 0.509115 0.302778 0.009896 0.012963
4 0.498698 0.299074 0.002604 0.009259
4 0.493229 0.302315 0.003125 0.010185
0 0.514583 0.321296 0.011458 0.016667
0 0.477865 0.313889 0.009896 0.014815
0 0.499219 0.395370 0.013021 0.025926
0 0.486458 0.413889 0.014583 0.024074
4 0.438802 0.421759 0.011979 0.010185
4 0.438281 0.429630 0.011979 0.012963
0 0.555469 0.411111 0.020313 0.016667
0 0.560677 0.420370 0.022396 0.014815
0 0.565365 0.428704 0.026562 0.020370
0 0.571094 0.442130 0.023438 0.021296
0 0.571875 0.460648 0.029167 0.025000
0 0.537760 0.443981 0.017188 0.028704
4 0.556250 0.490741 0.010417 0.012963
0 0.548438 0.510648 0.021875 0.043519
4 0.525521 0.453241 0.005208 0.017593
4 0.522135 0.460185 0.005729 0.016667
4 0.514062 0.464352 0.007292 0.019444
4 0.505990 0.450463 0.006771 0.017593
4 0.498958 0.453241 0.005208 0.019444
4 0.451562 0.458333 0.006250 0.020370
4 0.445052 0.456019 0.005729 0.021296
4 0.424219 0.494907 0.010937 0.019444
4 0.485156 0.500000 0.013021 0.018519
4 0.545573 0.553704 0.015104 0.016667
4 0.577344 0.562963 0.011979 0.020370
4 0.544271 0.610185 0.006250 0.025926
0 0.500260 0.600463 0.026562 0.050926
4 0.446354 0.561111 0.011458 0.018519
4 0.425781 0.582870 0.016146 0.021296
0 0.425260 0.611111 0.021354 0.048148
4 0.465104 0.583796 0.006250 0.023148
4 0.475521 0.618056 0.006250 0.028704
4 0.463802 0.618056 0.006771 0.023148
0 0.590104 0.647222 0.028125 0.062963
4 0.603125 0.687037 0.023958 0.025926
0 0.605729 0.731481 0.035417 0.061111
0 0.628385 0.796296 0.039062 0.077778
4 0.647656 0.862037 0.011979 0.040741
0 0.621615 0.878241 0.043229 0.087963
4 0.550260 0.793981 0.007812 0.037963
4 0.579167 0.816204 0.007292 0.041667
4 0.414583 0.645370 0.016667 0.014815
4 0.413542 0.655093 0.021875 0.019444
0 0.410938 0.679167 0.023958 0.043519
4 0.390104 0.620833 0.016667 0.019444
0 0.406510 0.731481 0.025521 0.027778
0 0.398958 0.803241 0.036458 0.073148
0 0.381771 0.986574 0.032292 0.026852
4 0.864323 0.940278 0.031771 0.041667
4 0.910417 0.895833 0.032292 0.043519
4 0.850781 0.718981 0.027604 0.036111
4 0.824219 0.676389 0.024479 0.023148
4 0.788281 0.633796 0.019271 0.026852
4 0.817187 0.637037 0.018750 0.022222
4 0.814844 0.621759 0.016146 0.019444
0 0.683594 0.508333 0.039062 0.031481
0 0.745052 0.502778 0.044271 0.031481
0 0.695833 0.499537 0.042708 0.032407
0 0.671875 0.471759 0.029167 0.026852
1 0.622917 0.474537 0.030208 0.036111
0 0.808594 0.497685 0.017188 0.032407
4 0.807031 0.440741 0.009896 0.020370
4 0.793490 0.425000 0.008854 0.016667
4 0.777865 0.408333 0.009896 0.011111
