1 0.189844 0.909722 0.118229 0.180556
0 0.318490 0.747222 0.057812 0.079630
0 0.380990 0.737037 0.055729 0.079630
0 0.360677 0.696759 0.051562 0.071296
0 0.489063 0.690278 0.042708 0.062037
0 0.545052 0.660185 0.032813 0.059259
4 0.481510 0.610185 0.009896 0.031481
0 0.600521 0.779167 0.060417 0.089815
0 0.619010 0.736574 0.049479 0.069444
0 0.648958 0.620833 0.031250 0.047222
4 0.704427 0.656481 0.023438 0.031481
4 0.739062 0.652315 0.023958 0.032407
4 0.881510 0.680093 0.033854 0.032407
0 0.704427 0.588889 0.027604 0.038889
0 0.684115 0.568056 0.026562 0.030556
0 0.646615 0.518056 0.018229 0.025000
4 0.488021 0.556019 0.015625 0.021296
4 0.516667 0.542593 0.006250 0.020370
0 0.554427 0.537500 0.017188 0.028704
0 0.560937 0.525926 0.015625 0.025926
0 0.558594 0.506944 0.014063 0.021296
4 0.320052 0.626389 0.024479 0.034259
0 0.261719 0.610648 0.051562 0.045370
4 0.160938 0.599074 0.017708 0.025926
4 0.178646 0.613426 0.023958 0.026852
0 0.077083 0.612037 0.057292 0.037037
0 0.337240 0.571296 0.053646 0.044444
0 0.065885 0.545370 0.030729 0.029630
0 0.041667 0.538426 0.029167 0.028704
0 0.360156 0.696759 0.051562 0.071296
0 0.365365 0.653241 0.038021 0.063889
0 0.423177 0.527315 0.034896 0.023148
0 0.426823 0.523611 0.034896 0.023148
0 0.378906 0.529630 0.036979 0.025926
0 0.344271 0.528241 0.041667 0.025000
1 0.354948 0.522222 0.032813 0.031481
0 0.524740 0.501852 0.028646 0.018519
4 0.545833 0.506944 0.005208 0.015741
0 0.562240 0.489815 0.011979 0.018519
4 0.550260 0.497685 0.005729 0.013889
4 0.539844 0.499074 0.004687 0.016667
