4 0.597396 0.889815 0.051042 0.090741
4 0.491146 0.877778 0.021875 0.085185
4 0.890625 0.827778 0.052083 0.062963
4 0.803646 0.668519 0.017708 0.059259
0 0.736979 0.566667 0.073958 0.066667
0 0.767188 0.507407 0.080208 0.059259
4 0.839583 0.678704 0.018750 0.046296
0 0.845313 0.975000 0.151042 0.050000
4 0.107812 0.827778 0.067708 0.088889
4 0.186458 0.738889 0.045833 0.044444
4 0.354687 0.711111 0.038542 0.044444
4 0.381771 0.735185 0.015625 0.055556
4 0.393229 0.631481 0.038542 0.048148
4 0.269271 0.609259 0.030208 0.040741
4 0.578125 0.506481 0.014583 0.031481
4 0.559375 0.525000 0.018750 0.042593
4 0.469271 0.485185 0.009375 0.037037
4 0.495312 0.450926 0.011458 0.035185
2 0.386458 0.493519 0.027083 0.075926
0 0.421875 0.439815 0.025000 0.053704
4 0.522396 0.381481 0.007292 0.025926
4 0.458854 0.354630 0.009375 0.024074
4 0.505208 0.312037 0.006250 0.016667
4 0.491146 0.312037 0.005208 0.016667
2 0.446875 0.298148 0.035417 0.037037
4 0.496875 0.274074 0.004167 0.014815
4 0.064062 0.904630 0.017708 0.057407
