4 0.240104 0.416667 0.011458 0.011111
4 0.360417 0.904630 0.031250 0.035185
4 0.400000 0.834259 0.031250 0.035185
0 0.424479 0.900926 0.076042 0.101852
0 0.438021 0.779630 0.080208 0.070370
4 0.411979 0.753704 0.013542 0.051852
4 0.443750 0.743519 0.027083 0.031481
4 0.524479 0.871296 0.015625 0.050000
0 0.536979 0.789815 0.036458 0.075926
4 0.594271 0.594444 0.011458 0.025926
4 0.467187 0.677778 0.023958 0.033333
4 0.468750 0.671296 0.020833 0.031481
4 0.471354 0.661111 0.021875 0.025926
4 0.443229 0.687037 0.017708 0.029630
4 0.448958 0.685185 0.018750 0.025926
4 0.467708 0.642593 0.014583 0.022222
4 0.519792 0.539815 0.018750 0.024074
4 0.518229 0.536111 0.019792 0.020370
0 0.565625 0.476852 0.041667 0.038889
0 0.603125 0.508333 0.020833 0.038889
0 0.559375 0.398148 0.012500 0.018519
0 0.590625 0.391667 0.010417 0.024074
0 0.588021 0.370370 0.009375 0.014815
0 0.537500 0.343519 0.008333 0.012963
2 0.533854 0.353704 0.011458 0.022222
0 0.584375 0.316667 0.006250 0.014815
0 0.567708 0.297222 0.008333 0.009259
0 0.556771 0.290741 0.005208 0.007407
4 0.487500 0.619444 0.014583 0.031481
4 0.566146 0.383333 0.005208 0.011111
4 0.580208 0.368519 0.004167 0.011111
4 0.581771 0.326852 0.003125 0.009259
4 0.539583 0.453704 0.006250 0.018519
0 0.525521 0.403704 0.015625 0.025926
4 0.541146 0.411111 0.005208 0.014815
4 0.548438 0.413889 0.005208 0.012963
