1 0.217647 0.703268 0.138235 0.154248
1 0.291912 0.567974 0.051471 0.132026
4 0.225368 0.528105 0.047794 0.049673
1 0.272059 0.468627 0.080882 0.079739
4 0.340441 0.305229 0.010294 0.035294
0 0.365074 0.177778 0.024265 0.041830
0 0.137132 0.273203 0.061029 0.057516
0 0.155147 0.284314 0.047059 0.053595
0 0.168750 0.188235 0.040441 0.044444
1 0.362868 0.132026 0.024265 0.049673
0 0.388603 0.154902 0.021324 0.037908
0 0.387132 0.115033 0.019853 0.033987
1 0.368015 0.101307 0.019853 0.035294
1 0.372059 0.079739 0.017647 0.033987
0 0.373529 0.066013 0.017647 0.027451
0 0.375000 0.052941 0.017647 0.030065
4 0.396324 0.045752 0.005882 0.015686
1 0.379779 0.022876 0.015441 0.024837
1 0.382721 0.007843 0.013971 0.015686
4 0.442647 0.097386 0.005882 0.022222
4 0.467279 0.017647 0.005147 0.014379
1 0.474265 0.043791 0.013235 0.022222
1 0.477206 0.055556 0.016176 0.027451
0 0.472426 0.069935 0.016912 0.022222
4 0.473162 0.085621 0.012500 0.014379
1 0.461765 0.102614 0.017647 0.030065
1 0.484559 0.094771 0.019118 0.032680
4 0.467647 0.205882 0.007353 0.027451
0 0.510294 0.056863 0.029412 0.027451
0 0.526471 0.090196 0.019118 0.033987
0 0.528309 0.123529 0.036029 0.024837
4 0.524632 0.249020 0.009559 0.032680
0 0.561029 0.396732 0.066176 0.079739
0 0.552206 0.477778 0.050000 0.087582
0 0.642647 0.418301 0.079412 0.065359
4 0.677941 0.466013 0.027941 0.056209
0 0.665809 0.194118 0.027206 0.037908
2 0.741176 0.168627 0.064706 0.073203
4 0.709191 0.333333 0.024265 0.026144
4 0.740441 0.416993 0.029412 0.039216
4 0.747794 0.411765 0.019118 0.036601
0 0.622794 0.671242 0.063235 0.124183
0 0.722426 0.696732 0.077206 0.138562
4 0.777941 0.833333 0.051471 0.058824
4 0.614338 0.868627 0.021324 0.090196
4 0.056985 0.920915 0.025735 0.095425
