0 0.284375 0.375000 0.033333 0.022222
0 0.334635 0.412037 0.033854 0.029630
0 0.321875 0.375463 0.023958 0.026852
0 0.381771 0.645833 0.027083 0.058333
4 0.251823 0.384259 0.010937 0.012963
0 0.237500 0.371759 0.033333 0.019444
0 0.266667 0.364815 0.019792 0.016667
0 0.540365 0.322222 0.010937 0.016667
4 0.395052 0.979630 0.015104 0.040741
1 0.620313 0.984259 0.043750 0.031481
4 0.599219 0.961111 0.025521 0.044444
4 0.572917 0.844907 0.022917 0.039815
4 0.601562 0.847685 0.033333 0.039815
4 0.598698 0.837963 0.030729 0.037037
4 0.569531 0.694444 0.011979 0.042593
4 0.566406 0.665741 0.019271 0.024074
4 0.565625 0.646759 0.020833 0.037963
0 0.491146 0.646296 0.025000 0.048148
0 0.501823 0.582407 0.024479 0.046296
4 0.619271 0.520833 0.007292 0.026852
4 0.542969 0.599074 0.007812 0.027778
4 0.603385 0.489352 0.019271 0.025000
0 0.599479 0.344444 0.012500 0.018519
0 0.581250 0.343519 0.012500 0.018519
0 0.479948 0.460185 0.017188 0.029630
4 0.424740 0.533796 0.007812 0.025000
4 0.500781 0.517130 0.005729 0.021296
4 0.433854 0.511111 0.007292 0.022222
4 0.420312 0.630556 0.007292 0.031481
4 0.432812 0.631481 0.010417 0.033333
