0 0.526103 0.724183 0.063971 0.159477
0 0.331618 0.525490 0.051471 0.096732
0 0.398529 0.460784 0.035294 0.079739
0 0.441544 0.335294 0.033088 0.064052
0 0.475735 0.211765 0.032353 0.036601
0 0.404044 0.296732 0.028676 0.052288
0 0.511029 0.084314 0.014706 0.024837
0 0.505147 0.043137 0.013235 0.015686
4 0.228309 0.909804 0.033088 0.067974
0 0.085294 0.660784 0.076471 0.134641
2 0.150735 0.464052 0.079412 0.091503
4 0.025000 0.600000 0.048529 0.033987
0 0.203676 0.418954 0.050000 0.061438
4 0.172426 0.370588 0.043382 0.050980
0 0.211765 0.338562 0.064706 0.062745
0 0.684926 0.091503 0.021324 0.023529
0 0.675000 0.071895 0.016176 0.020915
0 0.654044 0.050327 0.015441 0.016993
0 0.689706 0.050327 0.017647 0.016993
0 0.691912 0.071242 0.016176 0.019608
0 0.637132 0.047059 0.013971 0.020915
1 0.671324 0.047059 0.013235 0.020915
4 0.526838 0.241176 0.008088 0.019608
4 0.552574 0.190850 0.006618 0.018301
4 0.426103 0.107843 0.006618 0.014379
4 0.423162 0.081699 0.005147 0.011765
0 0.565809 0.073203 0.013971 0.023529
0 0.485294 0.039216 0.010294 0.015686
0 0.459926 0.014379 0.011029 0.015686
0 0.495588 0.019608 0.010294 0.013072
4 0.441544 0.009150 0.005147 0.007843
0 0.536029 0.006536 0.008824 0.013072
0 0.016176 0.866667 0.030882 0.122876
