2 0.037868 0.764706 0.075735 0.141176
0 0.594118 0.845752 0.082353 0.143791
0 0.696324 0.930065 0.082353 0.139869
4 0.657721 0.823529 0.040441 0.049673
4 0.622059 0.790850 0.016176 0.060131
1 0.635662 0.737255 0.044853 0.101961
4 0.864706 0.934641 0.032353 0.073203
2 0.060294 0.541830 0.120588 0.105882
0 0.024632 0.472549 0.049265 0.048366
0 0.153309 0.488889 0.075735 0.049673
0 0.172794 0.462092 0.069118 0.043137
0 0.152941 0.322222 0.035294 0.037908
0 0.295956 0.400000 0.031618 0.047059
0 0.329412 0.337255 0.026471 0.039216
0 0.444853 0.364706 0.020588 0.039216
0 0.490074 0.399346 0.033088 0.045752
0 0.609191 0.539216 0.036029 0.056209
0 0.586029 0.429412 0.027941 0.043137
2 0.571324 0.352941 0.027941 0.065359
0 0.686765 0.386928 0.032353 0.041830
4 0.785294 0.626797 0.008824 0.043137
0 0.258456 0.294771 0.024265 0.030065
0 0.288603 0.320915 0.044853 0.027451
0 0.364706 0.274510 0.017647 0.023529
1 0.377941 0.239869 0.014706 0.027451
0 0.561765 0.301961 0.016176 0.028758
0 0.548162 0.237255 0.012500 0.019608
2 0.656618 0.297386 0.022059 0.050980
0 0.595588 0.224183 0.016176 0.024837
1 0.609559 0.249673 0.013235 0.026144
0 0.607353 0.237255 0.017647 0.019608
4 0.258456 0.227451 0.003676 0.013072
2 0.284559 0.263399 0.020588 0.030065
1 0.298529 0.239216 0.014706 0.026144
1 0.294853 0.190850 0.013235 0.020915
4 0.283088 0.204575 0.007353 0.011765
4 0.309559 0.182353 0.007353 0.014379
0 0.310662 0.171242 0.022794 0.013072
0 0.367279 0.160784 0.024265 0.013072
0 0.371691 0.158170 0.027206 0.013072
1 0.376103 0.149673 0.022794 0.014379
1 0.366176 0.133987 0.016176 0.014379
0 0.400735 0.124837 0.013235 0.009150
0 0.402941 0.120915 0.011765 0.006536
0 0.513603 0.156863 0.008088 0.010458
4 0.470588 0.152288 0.002941 0.006536
4 0.478676 0.143791 0.002941 0.007843
4 0.472794 0.165359 0.002941 0.009150
4 0.524265 0.154248 0.002941 0.010458
1 0.504412 0.151634 0.007353 0.015686
0 0.438971 0.126144 0.007353 0.011765
0 0.468382 0.125490 0.007353 0.010458
0 0.503309 0.123529 0.006618 0.009150
0 0.489706 0.120261 0.005882 0.007843
0 0.472426 0.107843 0.005147 0.006536
0 0.482353 0.103268 0.005882 0.005229
0 0.491544 0.109804 0.005147 0.007843
0 0.501838 0.098039 0.005147 0.010458
0 0.517279 0.103268 0.003676 0.007843
1 0.588235 0.111111 0.016176 0.013072
