1 0.061765 0.766013 0.079412 0.180392
4 0.302206 0.585621 0.057353 0.062745
1 0.528309 0.544444 0.112500 0.118954
0 0.810294 0.425490 0.088235 0.084967
0 0.261765 0.320261 0.100000 0.062745
1 0.081250 0.114379 0.021324 0.043137
0 0.006985 0.104575 0.013971 0.044444
0 0.006985 0.062745 0.013971 0.036601
1 0.006985 0.027451 0.013971 0.039216
1 0.068015 0.007843 0.027206 0.015686
4 0.158088 0.248366 0.027941 0.031373
1 0.233088 0.169281 0.057353 0.069281
1 0.227206 0.152941 0.050000 0.057516
1 0.219118 0.144444 0.052941 0.061438
0 0.653676 0.317647 0.082353 0.062745
2 0.394853 0.261438 0.070588 0.070588
0 0.733456 0.216340 0.043382 0.053595
0 0.772794 0.221569 0.042647 0.050980
1 0.689706 0.211111 0.050000 0.056209
0 0.867279 0.205229 0.061029 0.052288
4 0.764706 0.143791 0.011765 0.028758
4 0.829412 0.132026 0.016176 0.028758
4 0.849632 0.097386 0.011029 0.027451
1 0.907353 0.147059 0.038235 0.040523
