2 0.367188 0.509259 0.082292 0.085185
2 0.688021 0.522222 0.080208 0.066667
2 0.762500 0.810185 0.075000 0.157407
2 0.631250 0.475000 0.058333 0.046296
4 0.534375 0.453704 0.012500 0.044444
4 0.475000 0.462037 0.006250 0.020370
4 0.459896 0.459259 0.005208 0.025926
4 0.364063 0.426852 0.021875 0.024074
4 0.318750 0.500926 0.006250 0.038889
4 0.322917 0.942593 0.041667 0.107407
4 0.833854 0.677778 0.048958 0.051852
4 0.900521 0.674074 0.055208 0.051852
4 0.753646 0.573148 0.034375 0.038889
4 0.790625 0.612037 0.043750 0.050000
4 0.481771 0.362963 0.003125 0.014815
4 0.471354 0.336111 0.019792 0.012963
4 0.705729 0.565741 0.034375 0.046296
0 0.605729 0.296296 0.038542 0.025926
4 0.568750 0.345370 0.018750 0.016667
4 0.586979 0.340741 0.021875 0.018519
4 0.493750 0.295370 0.006250 0.012963
4 0.518750 0.333333 0.010417 0.018519
