0 0.103309 0.740523 0.130147 0.330719
0 0.194853 0.488889 0.175000 0.224837
1 0.743015 0.932680 0.205147 0.134641
0 0.878309 0.552288 0.208088 0.218301
0 0.820956 0.369281 0.174265 0.173856
0 0.672794 0.327451 0.170588 0.184314
0 0.950735 0.276471 0.098529 0.150327
4 0.814338 0.203922 0.056618 0.073203
1 0.650000 0.169281 0.136765 0.166013
4 0.623162 0.081699 0.050735 0.053595
4 0.704779 0.047059 0.027206 0.081046
0 0.957721 0.071895 0.084559 0.115033
4 0.747426 0.025490 0.037500 0.050980
4 0.228309 0.043137 0.036029 0.078431
