0 0.358333 0.549074 0.043750 0.061111
4 0.343750 0.441667 0.010417 0.027778
4 0.439062 0.452778 0.015625 0.035185
4 0.456771 0.498148 0.015625 0.037037
0 0.389062 0.332407 0.036458 0.031481
0 0.323958 0.385185 0.043750 0.037037
0 0.225521 0.383333 0.048958 0.044444
4 0.188542 0.394444 0.018750 0.029630
1 0.128125 0.413889 0.060417 0.053704
0 0.022917 0.456481 0.045833 0.038889
0 0.160938 0.132407 0.015625 0.012963
0 0.138021 0.161111 0.011458 0.014815
0 0.171875 0.219444 0.016667 0.020370
0 0.900000 0.931481 0.083333 0.111111
