0 0.653906 0.976852 0.046354 0.046296
0 0.644531 0.916667 0.042188 0.087037
4 0.867448 0.581944 0.015104 0.019444
4 0.944010 0.606019 0.008854 0.025000
4 0.959375 0.606481 0.012500 0.029630
4 0.579427 0.801389 0.011979 0.039815
0 0.540625 0.742593 0.032292 0.083333
0 0.502083 0.649537 0.026042 0.060185
0 0.462500 0.570833 0.020833 0.045370
4 0.473698 0.616204 0.010937 0.026852
4 0.466667 0.532870 0.011458 0.021296
4 0.559896 0.656481 0.008333 0.031481
0 0.567969 0.528704 0.018229 0.033333
0 0.550000 0.422685 0.015625 0.028704
0 0.541927 0.410185 0.019271 0.024074
4 0.498177 0.417593 0.007812 0.018519
4 0.524740 0.412500 0.004687 0.017593
4 0.515104 0.415278 0.006250 0.015741
4 0.493750 0.473148 0.005208 0.020370
4 0.502083 0.439815 0.005208 0.018519
4 0.509635 0.424074 0.006771 0.014815
4 0.526823 0.443519 0.005729 0.018519
4 0.544792 0.505093 0.005208 0.023148
4 0.538281 0.490278 0.007812 0.021296
4 0.490885 0.517130 0.010937 0.028704
4 0.480469 0.537037 0.003646 0.018519
4 0.542969 0.567593 0.014063 0.027778
4 0.495052 0.590741 0.007812 0.025926
4 0.496094 0.568981 0.008854 0.023148
4 0.484375 0.553241 0.007292 0.026852
4 0.550000 0.617130 0.011458 0.034259
