0 0.510938 0.837963 0.040625 0.135185
1 0.078646 0.947222 0.092708 0.105556
1 0.160417 0.754630 0.087500 0.190741
0 0.346354 0.560185 0.042708 0.098148
0 0.094792 0.708333 0.079167 0.194444
0 0.434375 0.492593 0.045833 0.085185
0 0.138542 0.447222 0.045833 0.101852
1 0.170833 0.442593 0.070833 0.151852
1 0.216146 0.444444 0.048958 0.122222
0 0.316667 0.395370 0.035417 0.072222
0 0.366146 0.327778 0.026042 0.059259
0 0.337500 0.319444 0.029167 0.064815
0 0.222917 0.258333 0.035417 0.053704
0 0.198958 0.250000 0.027083 0.059259
0 0.246354 0.167593 0.036458 0.027778
0 0.187500 0.182407 0.029167 0.035185
0 0.172917 0.197222 0.025000 0.027778
0 0.252604 0.150926 0.038542 0.024074
0 0.268750 0.128704 0.029167 0.024074
0 0.275521 0.120370 0.028125 0.025926
0 0.377083 0.163889 0.006250 0.027778
0 0.483333 0.197222 0.020833 0.038889
0 0.512500 0.399074 0.029167 0.064815
0 0.285417 0.109259 0.029167 0.025926
0 0.269271 0.100926 0.030208 0.024074
0 0.274479 0.088889 0.028125 0.018519
0 0.273958 0.081481 0.031250 0.018519
0 0.275000 0.078704 0.027083 0.020370
0 0.289583 0.069444 0.020833 0.016667
0 0.295833 0.065741 0.025000 0.016667
0 0.305208 0.056481 0.029167 0.016667
0 0.381771 0.212037 0.021875 0.050000
0 0.391667 0.175926 0.018750 0.029630
3 0.425000 0.157407 0.027083 0.066667
0 0.537500 0.191667 0.018750 0.038889
1 0.414062 0.110185 0.015625 0.031481
0 0.467187 0.093519 0.015625 0.027778
0 0.484375 0.119444 0.014583 0.024074
0 0.419271 0.087037 0.013542 0.025926
0 0.500000 0.090741 0.014583 0.022222
3 0.516667 0.064815 0.016667 0.044444
0 0.492708 0.070370 0.014583 0.022222
0 0.482292 0.049074 0.018750 0.020370
0 0.429688 0.069444 0.017708 0.020370
1 0.430729 0.055556 0.013542 0.022222
4 0.456771 0.038889 0.009375 0.011111
4 0.471875 0.039815 0.006250 0.009259
0 0.506771 0.048148 0.009375 0.018519
0 0.482292 0.017593 0.010417 0.016667
0 0.450521 0.022222 0.009375 0.014815
0 0.448437 0.011111 0.011458 0.018519
3 0.563021 0.646296 0.042708 0.181481
1 0.555208 0.525000 0.031250 0.064815
1 0.553646 0.417593 0.034375 0.090741
0 0.553125 0.337963 0.029167 0.064815
0 0.550521 0.285185 0.034375 0.062963
0 0.537500 0.056481 0.012500 0.020370
0 0.539583 0.045370 0.012500 0.016667
0 0.534896 0.032407 0.011458 0.016667
0 0.538021 0.024074 0.011458 0.014815
0 0.651042 0.675000 0.083333 0.068519
4 0.781250 0.613889 0.014583 0.050000
4 0.795833 0.608333 0.018750 0.050000
0 0.617708 0.272222 0.029167 0.051852
4 0.668750 0.199074 0.010417 0.027778
0 0.582292 0.194444 0.039583 0.025926
0 0.599479 0.168519 0.028125 0.033333
0 0.570312 0.176852 0.032292 0.024074
0 0.563542 0.163889 0.033333 0.031481
0 0.570312 0.149074 0.034375 0.027778
0 0.598958 0.138889 0.020833 0.025926
0 0.641667 0.128704 0.020833 0.035185
0 0.565625 0.135185 0.037500 0.022222
0 0.595833 0.113889 0.018750 0.031481
0 0.608854 0.046296 0.013542 0.025926
1 0.561979 0.092593 0.034375 0.025926
1 0.561458 0.084259 0.033333 0.024074
0 0.564063 0.076852 0.032292 0.020370
2 0.560417 0.071296 0.029167 0.020370
2 0.570312 0.050000 0.032292 0.025926
1 0.561458 0.032407 0.022917 0.020370
1 0.556771 0.027778 0.017708 0.022222
0 0.597917 0.012037 0.008333 0.020370
