0 0.214706 0.926797 0.070588 0.060131
0 0.123529 0.932680 0.075000 0.066667
0 0.114338 0.772549 0.034559 0.067974
0 0.025368 0.880392 0.050735 0.061438
0 0.030515 0.716993 0.038971 0.071895
0 0.079412 0.460131 0.036765 0.039216
0 0.052574 0.371895 0.019853 0.043137
0 0.062868 0.337255 0.019853 0.031373
0 0.076471 0.303268 0.022059 0.028758
0 0.140074 0.342484 0.021324 0.031373
0 0.025000 0.360784 0.025000 0.033987
0 0.034559 0.333333 0.020588 0.031373
4 0.011397 0.341830 0.008088 0.019608
0 0.010294 0.252288 0.020588 0.020915
0 0.010294 0.237255 0.020588 0.024837
1 0.014706 0.216993 0.026471 0.028758
0 0.079044 0.245752 0.019853 0.033987
1 0.036765 0.236601 0.019118 0.031373
0 0.063971 0.201307 0.017647 0.023529
0 0.025000 0.207190 0.030882 0.019608
0 0.036765 0.195425 0.026471 0.019608
1 0.043750 0.179739 0.028676 0.024837
0 0.060662 0.164706 0.030147 0.023529
0 0.066176 0.158170 0.022059 0.018301
0 0.076838 0.136601 0.021324 0.016993
0 0.095221 0.121569 0.025735 0.015686
0 0.098162 0.145098 0.016912 0.020915
0 0.111029 0.137255 0.016176 0.015686
1 0.107721 0.126797 0.011029 0.015686
1 0.113603 0.120261 0.015441 0.018301
1 0.116176 0.113072 0.011765 0.016993
1 0.103676 0.110458 0.011765 0.016993
0 0.132721 0.086928 0.012500 0.019608
0 0.141912 0.081699 0.011765 0.019608
0 0.156618 0.054248 0.011765 0.016993
0 0.189706 0.114379 0.011765 0.014379
0 0.176103 0.145098 0.012500 0.015686
0 0.156985 0.190196 0.013971 0.016993
0 0.175368 0.169281 0.012500 0.022222
1 0.196324 0.165359 0.016176 0.027451
0 0.209926 0.063399 0.009559 0.014379
0 0.223897 0.063399 0.009559 0.014379
0 0.225000 0.098693 0.013235 0.014379
0 0.215441 0.153595 0.019118 0.016993
0 0.214706 0.160784 0.016176 0.013072
0 0.221324 0.171242 0.016176 0.015686
0 0.236029 0.020261 0.008824 0.011765
0 0.245221 0.005229 0.006618 0.010458
0 0.161029 0.036601 0.008824 0.010458
0 0.176838 0.025490 0.006618 0.011765
0 0.183824 0.015686 0.007353 0.010458
1 0.158088 0.006536 0.007353 0.013072
0 0.205882 0.018301 0.008824 0.013072
4 0.183088 0.040523 0.002941 0.007843
4 0.109926 0.160131 0.005147 0.011765
2 0.226471 0.039869 0.017647 0.040523
4 0.250000 0.026144 0.002941 0.007843
0 0.266544 0.019608 0.006618 0.013072
0 0.266912 0.011765 0.005882 0.013072
1 0.292279 0.017647 0.011029 0.011765
1 0.217279 0.194771 0.019853 0.020915
0 0.211765 0.206536 0.026471 0.018301
0 0.213971 0.215686 0.025000 0.020915
1 0.214338 0.225490 0.025735 0.024837
0 0.198897 0.233987 0.025735 0.020915
1 0.217279 0.237255 0.025735 0.019608
1 0.217647 0.246405 0.023529 0.022222
0 0.182353 0.242484 0.013235 0.022222
0 0.188971 0.259477 0.027941 0.019608
0 0.188603 0.267974 0.027206 0.018301
0 0.187132 0.277778 0.025735 0.016993
0 0.160294 0.268627 0.017647 0.019608
0 0.130515 0.249020 0.015441 0.022222
3 0.148529 0.239869 0.023529 0.043137
0 0.159559 0.288889 0.017647 0.023529
4 0.172794 0.225490 0.004412 0.011765
0 0.177206 0.292810 0.017647 0.023529
0 0.187500 0.305882 0.019118 0.023529
0 0.183824 0.322876 0.033824 0.023529
0 0.170956 0.346405 0.025735 0.020915
0 0.249632 0.384967 0.037500 0.032680
4 0.147426 0.437255 0.016912 0.019608
4 0.173162 0.421569 0.016912 0.011765
4 0.248897 0.430065 0.021324 0.015686
0 0.274265 0.461438 0.045588 0.028758
0 0.263603 0.436601 0.043382 0.031373
0 0.267647 0.413725 0.038235 0.022222
0 0.285662 0.388889 0.025735 0.032680
0 0.294485 0.490196 0.038971 0.033987
0 0.310662 0.513725 0.021324 0.047059
0 0.324265 0.410458 0.033824 0.028758
0 0.312868 0.378431 0.016912 0.035294
0 0.372794 0.393464 0.033824 0.031373
0 0.375735 0.428758 0.039706 0.036601
0 0.427206 0.420915 0.032353 0.036601
0 0.475000 0.418301 0.033824 0.031373
1 0.424265 0.373856 0.016176 0.036601
4 0.401471 0.401961 0.016176 0.019608
4 0.383088 0.360131 0.005882 0.022222
0 0.472059 0.369281 0.017647 0.030065
0 0.516176 0.341176 0.032353 0.026144
1 0.531618 0.362745 0.023529 0.037908
0 0.561029 0.395425 0.027941 0.027451
0 0.551838 0.365359 0.022794 0.032680
0 0.568382 0.358824 0.025000 0.032680
0 0.634926 0.401307 0.041912 0.036601
0 0.605147 0.354248 0.022059 0.028758
0 0.620588 0.348366 0.019118 0.030065
0 0.607353 0.321569 0.027941 0.020915
1 0.734191 0.384967 0.030147 0.037908
4 0.738603 0.439869 0.012500 0.019608
4 0.706618 0.418954 0.011765 0.014379
0 0.670221 0.356209 0.031618 0.030065
0 0.677206 0.347712 0.027941 0.026144
0 0.691912 0.345752 0.026471 0.030065
0 0.724265 0.344444 0.020588 0.032680
0 0.724265 0.328105 0.030882 0.028758
1 0.761397 0.337255 0.021324 0.033987
1 0.782353 0.370588 0.030882 0.035294
4 0.730515 0.303268 0.009559 0.013072
4 0.640441 0.359477 0.007353 0.018301
4 0.570956 0.318954 0.008088 0.015686
4 0.556618 0.317647 0.005882 0.018301
0 0.537868 0.332680 0.027206 0.024837
4 0.516912 0.319608 0.007353 0.014379
4 0.500735 0.325490 0.005882 0.013072
4 0.479412 0.326797 0.004412 0.015686
4 0.482353 0.326797 0.005882 0.015686
0 0.450368 0.332680 0.019853 0.030065
4 0.361029 0.358170 0.011765 0.018301
4 0.330515 0.365359 0.006618 0.019608
4 0.361397 0.367974 0.008088 0.019608
4 0.353309 0.373856 0.009559 0.020915
4 0.345588 0.394118 0.017647 0.019608
4 0.215441 0.500654 0.010294 0.018301
2 0.176838 0.761438 0.052206 0.168627
0 0.373897 0.789542 0.031618 0.078431
0 0.416912 0.779085 0.032353 0.081046
0 0.519853 0.757516 0.033824 0.071895
0 0.555515 0.757516 0.033088 0.074510
1 0.611029 0.747712 0.030882 0.067974
0 0.877206 0.787582 0.052941 0.082353
0 0.902574 0.695425 0.059559 0.047059
1 0.916912 0.669935 0.048529 0.043137
0 0.935294 0.870588 0.061765 0.062745
1 0.970588 0.909150 0.055882 0.061438
0 0.982353 0.767320 0.035294 0.073203
4 0.951471 0.658170 0.017647 0.032680
4 0.961397 0.654902 0.016912 0.023529
4 0.967279 0.655556 0.018382 0.032680
