0 0.741912 0.081046 0.083824 0.070588
0 0.758456 0.143137 0.094853 0.090196
1 0.872059 0.194118 0.088235 0.118954
0 0.850735 0.247059 0.111765 0.101961
4 0.880515 0.355556 0.049265 0.065359
4 0.849265 0.630065 0.064706 0.083660
4 0.850368 0.729412 0.038971 0.115033
4 0.662132 0.830719 0.072794 0.118954
4 0.040074 0.671895 0.080147 0.109804
0 0.632721 0.469281 0.124265 0.162092
4 0.677941 0.579739 0.057353 0.074510
0 0.412868 0.223529 0.096324 0.107190
0 0.509926 0.232680 0.094853 0.128105
4 0.579412 0.313725 0.039706 0.052288
