0 0.279412 0.913725 0.085294 0.172549
0 0.389338 0.411111 0.036029 0.092810
0 0.562868 0.422222 0.044853 0.065359
0 0.406618 0.292157 0.026471 0.064052
0 0.415809 0.211765 0.019853 0.065359
0 0.475000 0.079739 0.016176 0.036601
0 0.475368 0.049020 0.013971 0.030065
0 0.164706 0.186928 0.058824 0.041830
0 0.173897 0.154902 0.056618 0.032680
0 0.197059 0.132026 0.045588 0.033987
0 0.237132 0.083660 0.024265 0.039216
0 0.252574 0.062092 0.018382 0.030065
0 0.778309 0.348366 0.050735 0.064052
0 0.672794 0.155556 0.019118 0.036601
0 0.640074 0.074510 0.016912 0.031373
0 0.623529 0.052288 0.019118 0.031373
0 0.591176 0.189542 0.025000 0.044444
4 0.085294 0.171242 0.010294 0.026144
4 0.245221 0.281699 0.008088 0.037908
4 0.229779 0.247712 0.012500 0.032680
4 0.353309 0.184314 0.006618 0.028758
4 0.531618 0.165359 0.007353 0.030065
0 0.297426 0.047059 0.036029 0.020915
4 0.227941 0.016340 0.013235 0.014379
4 0.743015 0.592810 0.013971 0.053595
4 0.706250 0.456209 0.011029 0.039216
2 0.656618 0.420261 0.051471 0.098039
4 0.674265 0.479739 0.027941 0.033987
0 0.596691 0.233333 0.025735 0.053595
4 0.669118 0.300000 0.010294 0.032680
2 0.673529 0.201961 0.026471 0.053595
4 0.634926 0.269935 0.006618 0.035294
