0 0.505515 0.743137 0.125735 0.210458
0 0.809559 0.560131 0.105882 0.113725
0 0.814338 0.426797 0.096324 0.103268
1 0.615074 0.292157 0.122794 0.137255
0 0.695588 0.307843 0.085294 0.084967
1 0.918015 0.325490 0.065441 0.117647
0 0.872059 0.182353 0.069118 0.064052
1 0.900000 0.160784 0.070588 0.075817
1 0.926838 0.139869 0.068382 0.062745
0 0.970588 0.114379 0.058824 0.064052
1 0.261765 0.245752 0.080882 0.078431
1 0.238603 0.215033 0.077206 0.098039
0 0.213235 0.198693 0.079412 0.075817
0 0.161765 0.276471 0.061765 0.087582
0 0.094118 0.197386 0.052941 0.078431
0 0.162132 0.153595 0.091912 0.069281
0 0.067279 0.022222 0.071324 0.044444
4 0.026471 0.050327 0.017647 0.032680
