4 0.131250 0.599346 0.033088 0.030065
4 0.115809 0.650327 0.033088 0.024837
4 0.047794 0.771242 0.029412 0.047059
0 0.079779 0.967974 0.102206 0.064052
0 0.087868 0.877124 0.088971 0.088889
0 0.127941 0.769935 0.095588 0.101961
0 0.106250 0.047059 0.083088 0.091503
4 0.479412 0.277778 0.016176 0.048366
0 0.517647 0.573856 0.057353 0.149020
0 0.442647 0.630065 0.061765 0.164706
0 0.293015 0.853595 0.068382 0.175163
4 0.613603 0.759477 0.027206 0.036601
4 0.655515 0.771895 0.022794 0.069281
4 0.634926 0.896732 0.022794 0.044444
0 0.932721 0.943137 0.086029 0.108497
4 0.977206 0.876471 0.035294 0.045752
4 0.902941 0.833333 0.013235 0.056209
4 0.915441 0.832680 0.013235 0.049673
4 0.868750 0.791503 0.022794 0.053595
4 0.856618 0.788235 0.017647 0.057516
4 0.844118 0.769281 0.020588 0.050980
4 0.816544 0.727451 0.018382 0.045752
4 0.803309 0.727451 0.012500 0.056209
4 0.782353 0.696732 0.020588 0.054902
4 0.791912 0.718301 0.014706 0.056209
4 0.849265 0.674510 0.020588 0.052288
4 0.910662 0.666013 0.024265 0.048366
4 0.982721 0.622222 0.021324 0.057516
4 0.959191 0.585621 0.024265 0.041830
1 0.767647 0.599346 0.050000 0.132026
0 0.802206 0.272549 0.083824 0.082353
1 0.905882 0.116340 0.088235 0.091503
0 0.929412 0.040523 0.083824 0.081046
0 0.980515 0.179739 0.038971 0.074510
4 0.649265 0.860784 0.029412 0.024837
