0 0.300368 0.514379 0.081618 0.155556
0 0.345956 0.365359 0.066912 0.121569
0 0.301838 0.277778 0.062500 0.095425
0 0.384191 0.284314 0.052206 0.087582
2 0.410294 0.213072 0.047059 0.075817
0 0.467647 0.048366 0.022059 0.036601
0 0.516912 0.109150 0.027941 0.050980
0 0.298897 0.132680 0.075735 0.048366
1 0.323162 0.102614 0.062500 0.050980
1 0.220588 0.244444 0.073529 0.070588
0 0.088235 0.397386 0.107353 0.104575
0 0.106985 0.178431 0.061029 0.069281
4 0.355515 0.218954 0.008088 0.040523
4 0.336765 0.161438 0.010294 0.030065
4 0.102574 0.647059 0.046324 0.075817
4 0.172794 0.635294 0.027941 0.115033
4 0.130515 0.562745 0.030147 0.084967
0 0.029779 0.500000 0.055147 0.160784
0 0.368750 0.037908 0.041912 0.041830
0 0.690809 0.406536 0.086029 0.062745
