4 0.438235 0.415033 0.019118 0.048366
0 0.646691 0.317647 0.061029 0.065359
1 0.698897 0.296078 0.066912 0.092810
0 0.759191 0.317647 0.059559 0.062745
0 0.808456 0.313725 0.072794 0.065359
1 0.865441 0.312418 0.073529 0.073203
0 0.954412 0.316340 0.085294 0.062745
0 0.127941 0.284314 0.033824 0.064052
1 0.023162 0.276471 0.041912 0.079739
0 0.080515 0.224837 0.065441 0.044444
0 0.126103 0.226144 0.052206 0.041830
0 0.029044 0.219608 0.058088 0.049673
0 0.185662 0.212418 0.041912 0.043137
0 0.222426 0.218301 0.047794 0.039216
0 0.283456 0.217647 0.038971 0.040523
0 0.320221 0.220261 0.046324 0.045752
0 0.367279 0.227451 0.047794 0.049673
0 0.405882 0.229412 0.052941 0.043137
0 0.468750 0.228758 0.050735 0.044444
0 0.522059 0.237908 0.052941 0.049673
0 0.581618 0.233333 0.027941 0.043137
1 0.619118 0.230065 0.036765 0.054902
1 0.663971 0.228105 0.032353 0.048366
0 0.708824 0.233333 0.039706 0.050980
0 0.858456 0.240523 0.033088 0.044444
0 0.928676 0.241176 0.041176 0.050980
0 0.974632 0.237908 0.037500 0.049673
0 0.059926 0.103922 0.053676 0.032680
1 0.167647 0.107843 0.052941 0.032680
1 0.513971 0.071895 0.016176 0.031373
0 0.754412 0.121569 0.045588 0.031373
0 0.848162 0.126144 0.052206 0.030065
0 0.763235 0.050980 0.029412 0.020915
1 0.845588 0.037908 0.020588 0.018301
0 0.865441 0.041176 0.020588 0.016993
0 0.881618 0.039869 0.019118 0.019608
