4 0.920588 0.503922 0.052941 0.061438
4 0.637132 0.475817 0.047794 0.052288
0 0.682353 0.333987 0.057353 0.092810
0 0.632721 0.292810 0.053676 0.091503
0 0.739706 0.233987 0.038235 0.057516
0 0.753676 0.168627 0.029412 0.049673
0 0.511029 0.115686 0.052941 0.032680
0 0.523162 0.101961 0.050735 0.031373
0 0.545956 0.093464 0.041912 0.037908
0 0.585662 0.069281 0.021324 0.031373
0 0.602941 0.063399 0.019118 0.030065
4 0.563603 0.163399 0.011029 0.028758
0 0.594853 0.021569 0.020588 0.019608
0 0.862132 0.075163 0.018382 0.024837
0 0.844118 0.034641 0.011765 0.019608
0 0.841176 0.020915 0.010294 0.015686
0 0.846324 0.007843 0.010294 0.015686
4 0.783456 0.096078 0.006618 0.022222
4 0.776471 0.029412 0.004412 0.011765
4 0.786765 0.024837 0.004412 0.013072
4 0.885294 0.090196 0.007353 0.026144
4 0.887500 0.060784 0.005882 0.019608
0 0.984559 0.035294 0.013235 0.026144
