0 0.333088 0.668627 0.091176 0.084967
1 0.425735 0.550327 0.035294 0.075817
0 0.853676 0.941176 0.119118 0.115033
0 0.740074 0.574510 0.078676 0.064052
4 0.791176 0.661438 0.029412 0.041830
4 0.806618 0.680392 0.011765 0.048366
4 0.820221 0.675817 0.012500 0.049673
0 0.679412 0.347712 0.052941 0.041830
0 0.641544 0.222876 0.034559 0.024837
0 0.609926 0.224837 0.024265 0.026144
1 0.622794 0.261438 0.020588 0.039216
0 0.539338 0.304575 0.021324 0.039216
4 0.162132 0.475163 0.027206 0.032680
4 0.158088 0.463399 0.026471 0.030065
4 0.150735 0.452941 0.025000 0.024837
0 0.326838 0.311111 0.050735 0.033987
0 0.341912 0.339216 0.055882 0.037908
0 0.370956 0.432680 0.065441 0.052288
0 0.384191 0.406536 0.058088 0.047059
4 0.374265 0.233333 0.013235 0.014379
4 0.370221 0.230719 0.013971 0.016993
4 0.386397 0.223529 0.013971 0.018301
0 0.415809 0.162092 0.027206 0.018301
0 0.423897 0.286928 0.044853 0.030065
0 0.429412 0.270588 0.039706 0.031373
0 0.430882 0.254902 0.035294 0.026144
1 0.451103 0.162092 0.038971 0.026144
0 0.491544 0.217647 0.016912 0.032680
4 0.505882 0.332026 0.005882 0.023529
0 0.513971 0.105882 0.008824 0.013072
0 0.531250 0.138562 0.009559 0.015686
2 0.601471 0.176471 0.014706 0.031373
0 0.613971 0.155556 0.020588 0.018301
2 0.536397 0.101961 0.011029 0.020915
