2 0.246875 0.715741 0.037500 0.075926
4 0.300000 0.680556 0.022917 0.027778
1 0.372396 0.622222 0.048958 0.059259
4 0.360938 0.596296 0.021875 0.033333
0 0.151562 0.731481 0.057292 0.074074
4 0.132292 0.784259 0.012500 0.042593
4 0.131771 0.915741 0.023958 0.046296
4 0.571875 0.806481 0.025000 0.035185
0 0.689583 0.806481 0.043750 0.083333
2 0.624479 0.841667 0.065625 0.057407
4 0.918750 0.886111 0.027083 0.064815
0 0.969792 0.878704 0.060417 0.098148
4 0.402604 0.587037 0.017708 0.018519
0 0.495312 0.481481 0.015625 0.025926
4 0.528125 0.512037 0.008333 0.020370
4 0.456250 0.505556 0.010417 0.029630
4 0.503646 0.467593 0.005208 0.012963
4 0.473438 0.490741 0.007292 0.014815
4 0.469792 0.488889 0.006250 0.014815
4 0.469792 0.469444 0.006250 0.012963
4 0.468750 0.447222 0.004167 0.012963
4 0.483333 0.434259 0.008333 0.016667
0 0.497396 0.606481 0.023958 0.046296
4 0.526563 0.675000 0.009375 0.020370
4 0.506771 0.675000 0.009375 0.020370
4 0.527604 0.643519 0.009375 0.024074
4 0.398438 0.702778 0.013542 0.031481
4 0.432812 0.650926 0.011458 0.027778
4 0.424479 0.599074 0.009375 0.024074
4 0.522396 0.956481 0.040625 0.061111
