0 0.655147 0.258824 0.055882 0.039216
4 0.623897 0.282353 0.018382 0.023529
0 0.583824 0.211111 0.022059 0.040523
4 0.619118 0.123529 0.008824 0.016993
4 0.581250 0.179085 0.006618 0.023529
0 0.589338 0.142484 0.043382 0.031373
4 0.795956 0.393464 0.006618 0.036601
4 0.815441 0.391503 0.010294 0.032680
4 0.872059 0.411111 0.011765 0.035294
4 0.902574 0.386928 0.012500 0.033987
4 0.966912 0.418301 0.019118 0.044444
4 0.965809 0.369281 0.012500 0.032680
4 0.825368 0.347712 0.012500 0.023529
4 0.761765 0.405229 0.011765 0.031373
0 0.818015 0.445098 0.078676 0.071895
0 0.873897 0.506536 0.086029 0.053595
0 0.849265 0.562745 0.102941 0.066667
2 0.948162 0.901961 0.103676 0.149020
4 0.728309 0.411111 0.011029 0.035294
4 0.767279 0.312418 0.012500 0.028758
4 0.690441 0.396078 0.010294 0.036601
4 0.680882 0.367320 0.023529 0.018301
4 0.680147 0.358170 0.022059 0.015686
0 0.578309 0.130719 0.031618 0.018301
0 0.562868 0.081699 0.033088 0.024837
2 0.547059 0.049673 0.016176 0.039216
0 0.539338 0.028758 0.012500 0.020915
0 0.546324 0.018301 0.010294 0.015686
0 0.543750 0.009150 0.012500 0.015686
0 0.517279 0.013072 0.012500 0.020915
0 0.594118 0.313072 0.027941 0.048366
4 0.638235 0.863399 0.033824 0.037908
4 0.556250 0.904575 0.024265 0.054902
0 0.177574 0.916340 0.112500 0.167320
4 0.008088 0.791503 0.016176 0.037908
0 0.256985 0.695425 0.096324 0.073203
4 0.159559 0.739869 0.036765 0.041830
4 0.091912 0.745752 0.044118 0.035294
1 0.080147 0.679085 0.095588 0.092810
0 0.037132 0.592810 0.071324 0.069281
0 0.236397 0.607190 0.100735 0.058824
4 0.007353 0.428758 0.008824 0.041830
4 0.016544 0.428758 0.016912 0.031373
1 0.114706 0.469281 0.072059 0.065359
4 0.098529 0.437255 0.016176 0.030065
4 0.254779 0.411765 0.021324 0.026144
4 0.264706 0.420915 0.023529 0.028758
4 0.347794 0.356209 0.023529 0.030065
0 0.458088 0.513072 0.083824 0.058824
4 0.431985 0.401961 0.013971 0.035294
0 0.450368 0.357516 0.030147 0.061438
4 0.366912 0.301307 0.017647 0.027451
4 0.399265 0.297386 0.020588 0.024837
4 0.398529 0.276471 0.022059 0.024837
4 0.448162 0.273203 0.008088 0.028758
0 0.488235 0.215033 0.022059 0.040523
0 0.448162 0.186928 0.021324 0.033987
0 0.488235 0.147712 0.019118 0.033987
0 0.457721 0.144444 0.018382 0.032680
0 0.462132 0.120261 0.016912 0.028758
0 0.472059 0.101961 0.017647 0.028758
0 0.500000 0.092157 0.014706 0.027451
0 0.453309 0.084314 0.025735 0.024837
1 0.459559 0.066667 0.013235 0.020915
1 0.460294 0.061438 0.023529 0.020915
0 0.460662 0.053595 0.021324 0.015686
0 0.466176 0.039869 0.013235 0.019608
0 0.469118 0.032026 0.010294 0.022222
0 0.471324 0.023529 0.008824 0.020915
0 0.464338 0.015033 0.022794 0.022222
4 0.486029 0.025490 0.004412 0.014379
