4 0.297917 0.924074 0.023958 0.048148
4 0.433854 0.925926 0.038542 0.051852
4 0.429427 0.742593 0.010937 0.033333
4 0.502604 0.701389 0.009375 0.025000
4 0.514323 0.707407 0.008854 0.020370
4 0.504167 0.561111 0.008333 0.020370
4 0.518490 0.893981 0.014063 0.049074
4 0.430990 0.655556 0.009896 0.031481
0 0.472396 0.691667 0.028125 0.070370
4 0.451562 0.593981 0.010417 0.025000
4 0.463021 0.536111 0.007292 0.016667
4 0.462240 0.470370 0.006771 0.014815
4 0.473438 0.456019 0.006250 0.013889
4 0.452604 0.423611 0.006250 0.013889
4 0.463542 0.433333 0.005208 0.014815
0 0.557031 0.717593 0.031771 0.079630
0 0.553385 0.661111 0.027604 0.057407
4 0.479687 0.485185 0.005208 0.012963
0 0.470833 0.499074 0.018750 0.038889
4 0.393229 0.483333 0.014583 0.014815
4 0.407812 0.490278 0.008333 0.019444
1 0.748698 0.532870 0.022396 0.045370
4 0.690104 0.443981 0.014583 0.015741
0 0.683073 0.428241 0.038021 0.030556
0 0.542448 0.529630 0.025521 0.033333
0 0.539844 0.494444 0.025521 0.033333
0 0.539323 0.459259 0.025521 0.033333
4 0.717187 0.452778 0.017708 0.014815
4 0.725260 0.464815 0.018229 0.012963
4 0.725260 0.492130 0.017188 0.017593
4 0.685937 0.521296 0.019792 0.022222
0 0.349740 0.766667 0.049479 0.087037
0 0.657031 0.841667 0.035937 0.066667
4 0.516667 0.552778 0.006250 0.016667
0 0.574479 0.884722 0.037500 0.097222
