4 0.026562 0.505093 0.018750 0.017593
0 0.138542 0.465741 0.015625 0.027778
1 0.123177 0.412037 0.023438 0.022222
0 0.336198 0.428241 0.025521 0.026852
1 0.338802 0.456019 0.026562 0.032407
0 0.361979 0.462500 0.032292 0.026852
0 0.367969 0.432407 0.024479 0.024074
0 0.400260 0.289352 0.017188 0.010185
0 0.410417 0.286111 0.014583 0.012963
1 0.429167 0.289815 0.015625 0.014815
2 0.326823 0.895370 0.023438 0.072222
4 0.402083 0.894444 0.011458 0.042593
4 0.496354 0.902315 0.011458 0.047222
4 0.533594 0.874537 0.014063 0.045370
0 0.571354 0.844907 0.033333 0.073148
4 0.436979 0.680093 0.009375 0.026852
1 0.349479 0.674074 0.050000 0.066667
1 0.357812 0.631944 0.045833 0.036111
0 0.416667 0.623148 0.022917 0.048148
4 0.528906 0.654167 0.008854 0.030556
4 0.558594 0.620833 0.019271 0.023148
0 0.524219 0.570370 0.009896 0.038889
0 0.493750 0.568519 0.019792 0.033333
4 0.459896 0.577315 0.007292 0.021296
4 0.575781 0.618981 0.015104 0.017593
4 0.539844 0.562963 0.004687 0.020370
4 0.548177 0.540278 0.011979 0.019444
0 0.502083 0.478241 0.016667 0.028704
0 0.447917 0.475926 0.015625 0.035185
4 0.562240 0.499537 0.006771 0.015741
4 0.463802 0.416667 0.004687 0.012963
0 0.479167 0.416667 0.015625 0.025926
0 0.498177 0.392593 0.010937 0.022222
0 0.474740 0.358333 0.010937 0.014815
4 0.476302 0.469907 0.007812 0.015741
4 0.481510 0.451852 0.003646 0.012963
4 0.554167 0.476389 0.013542 0.019444
4 0.513542 0.437963 0.003125 0.016667
0 0.525781 0.413889 0.013021 0.024074
4 0.535417 0.400463 0.005208 0.013889
0 0.549740 0.433333 0.014063 0.025926
0 0.517188 0.337963 0.008333 0.012963
0 0.494792 0.300463 0.011458 0.013889
0 0.495052 0.291667 0.014063 0.009259
0 0.535417 0.297222 0.018750 0.014815
