4 0.025735 0.240523 0.020588 0.057516
4 0.010294 0.237908 0.020588 0.047059
0 0.011397 0.295425 0.022794 0.044444
4 0.070221 0.198693 0.027206 0.036601
4 0.083456 0.179085 0.016912 0.049673
4 0.136029 0.200654 0.030882 0.048366
4 0.150368 0.174510 0.019853 0.045752
4 0.131985 0.172549 0.016912 0.052288
0 0.040074 0.167320 0.012500 0.033987
4 0.280515 0.223529 0.019853 0.044444
4 0.386397 0.237908 0.019853 0.044444
4 0.354779 0.101307 0.011029 0.037908
4 0.356618 0.116993 0.016176 0.032680
4 0.302574 0.179085 0.025735 0.044444
0 0.320956 0.336601 0.105147 0.111111
0 0.393382 0.113072 0.041176 0.058824
0 0.493750 0.138562 0.036029 0.073203
1 0.228676 0.198039 0.091176 0.095425
0 0.380882 0.065359 0.039706 0.052288
0 0.398897 0.016993 0.031618 0.033987
4 0.350735 0.024837 0.011765 0.028758
4 0.418382 0.056209 0.008824 0.031373
4 0.480147 0.067320 0.007353 0.030065
4 0.588971 0.421569 0.045588 0.061438
4 0.580147 0.393464 0.042647 0.036601
1 0.737500 0.449673 0.132353 0.133333
0 0.740074 0.195425 0.066912 0.074510
1 0.547059 0.262745 0.039706 0.115033
0 0.513971 0.026144 0.025000 0.044444
0 0.568382 0.220261 0.039706 0.079739
0 0.553309 0.162092 0.037500 0.065359
0 0.559191 0.109150 0.033088 0.058824
0 0.556618 0.073856 0.033824 0.048366
0 0.557353 0.032026 0.026471 0.045752
0 0.562868 0.011765 0.021324 0.023529
0 0.522426 0.013072 0.021324 0.026144
1 0.604044 0.009150 0.018382 0.018301
4 0.976103 0.437255 0.047794 0.074510
0 0.309191 0.886928 0.156618 0.226144
