0 0.840809 0.883007 0.125735 0.139869
4 0.980515 0.665359 0.031618 0.070588
4 0.970221 0.672549 0.033088 0.064052
4 0.765809 0.768627 0.027206 0.070588
4 0.749632 0.733333 0.019853 0.073203
4 0.736397 0.798693 0.049265 0.057516
0 0.709191 0.649020 0.119853 0.092810
0 0.671691 0.540523 0.102206 0.079739
0 0.582353 0.597386 0.058824 0.122876
0 0.491912 0.602614 0.047059 0.104575
0 0.657721 0.469281 0.093382 0.073203
4 0.679779 0.304575 0.019853 0.028758
4 0.638971 0.169935 0.010294 0.026144
4 0.654779 0.198693 0.009559 0.026144
0 0.597794 0.342484 0.064706 0.060131
0 0.589338 0.295425 0.065441 0.052288
4 0.595221 0.246405 0.019853 0.024837
4 0.570221 0.256863 0.018382 0.027451
0 0.556618 0.214379 0.047059 0.044444
0 0.547794 0.181699 0.057353 0.039216
0 0.533456 0.154902 0.052206 0.037908
0 0.569118 0.122222 0.026471 0.043137
4 0.069485 0.624183 0.027206 0.064052
4 0.256618 0.624837 0.017647 0.060131
4 0.339338 0.575817 0.018382 0.061438
4 0.101838 0.390196 0.012500 0.048366
4 0.172426 0.533333 0.028676 0.036601
4 0.173897 0.494118 0.027206 0.031373
4 0.159926 0.486275 0.022794 0.044444
0 0.393382 0.308497 0.032353 0.067974
4 0.362500 0.398039 0.013235 0.050980
0 0.294485 0.377124 0.044853 0.095425
4 0.313603 0.306536 0.022794 0.032680
0 0.279412 0.160784 0.055882 0.041830
0 0.300368 0.141176 0.053676 0.039216
0 0.515809 0.133987 0.037500 0.030065
0 0.425368 0.175163 0.024265 0.044444
1 0.477574 0.134641 0.019853 0.044444
0 0.441544 0.115686 0.022794 0.032680
4 0.448162 0.158170 0.008088 0.026144
1 0.388235 0.124183 0.019118 0.049673
4 0.343750 0.052941 0.005147 0.016993
4 0.359559 0.085621 0.005882 0.019608
4 0.364706 0.037908 0.005882 0.018301
0 0.371691 0.059477 0.018382 0.032680
4 0.408088 0.081699 0.007353 0.022222
4 0.429412 0.092810 0.005882 0.020915
0 0.415074 0.017647 0.013971 0.022222
0 0.417647 0.062092 0.017647 0.030065
0 0.423529 0.038562 0.016176 0.027451
1 0.455882 0.028758 0.017647 0.031373
4 0.443015 0.047059 0.006618 0.023529
4 0.484926 0.055556 0.012500 0.014379
0 0.498162 0.079739 0.034559 0.031373
