0 0.481250 0.343519 0.011458 0.018519
0 0.473438 0.364815 0.008333 0.020370
0 0.460677 0.405556 0.009896 0.020370
0 0.536458 0.418519 0.013542 0.020370
0 0.417708 0.553704 0.038542 0.031481
0 0.454687 0.575000 0.039583 0.037037
0 0.447396 0.538889 0.016667 0.031481
0 0.532813 0.514815 0.014583 0.027778
0 0.471875 0.809259 0.026042 0.075926
0 0.450521 0.916667 0.027083 0.079630
0 0.519271 0.727778 0.022917 0.050000
0 0.482292 0.694444 0.021875 0.057407
0 0.434896 0.641667 0.020833 0.051852
0 0.541667 0.446296 0.011458 0.024074
0 0.544792 0.471296 0.011458 0.025926
0 0.553646 0.803704 0.020833 0.064815
4 0.435937 0.496296 0.010417 0.027778
1 0.331771 0.918519 0.062500 0.072222
1 0.366146 0.793519 0.054167 0.044444
4 0.540104 0.922222 0.016667 0.061111
4 0.531250 0.877778 0.007292 0.024074
4 0.510938 0.849074 0.006250 0.025926
4 0.532292 0.804630 0.007292 0.022222
4 0.444792 0.758333 0.005208 0.018519
4 0.508854 0.797222 0.006250 0.014815
4 0.455208 0.701852 0.005208 0.020370
4 0.554688 0.629167 0.008333 0.021296
4 0.546615 0.620370 0.009896 0.027778
4 0.484896 0.584259 0.007292 0.024074
4 0.506510 0.579630 0.013021 0.014815
4 0.500521 0.524074 0.007292 0.014815
4 0.510417 0.530093 0.004167 0.019444
4 0.521615 0.523611 0.005729 0.021296
4 0.511979 0.508333 0.007292 0.016667
4 0.502344 0.506481 0.007812 0.014815
4 0.505469 0.435185 0.005729 0.011111
4 0.511979 0.419444 0.006250 0.011111
4 0.500781 0.377778 0.004687 0.011111
4 0.494271 0.362037 0.005208 0.012963
4 0.508073 0.372222 0.003646 0.009259
0 0.490365 0.298611 0.008854 0.015741
0 0.486719 0.278704 0.006771 0.012963
0 0.518750 0.362037 0.010417 0.016667
0 0.523958 0.376389 0.011458 0.019444
0 0.532031 0.392593 0.011979 0.020370
4 0.506771 0.362037 0.004167 0.011111
4 0.471354 0.416667 0.004167 0.012963
0 0.451302 0.430556 0.013021 0.027778
0 0.449740 0.453241 0.013021 0.023148
0 0.451042 0.410648 0.013542 0.026852
0 0.490625 0.263426 0.008333 0.010185
0 0.488281 0.238889 0.006771 0.009259
0 0.499219 0.225926 0.004687 0.007407
0 0.475521 0.243519 0.007292 0.011111
0 0.472396 0.255093 0.008333 0.017593
0 0.506510 0.261574 0.006771 0.010185
4 0.335417 0.438889 0.013542 0.014815
4 0.333073 0.453241 0.008854 0.017593
4 0.319010 0.450463 0.009896 0.013889
4 0.311458 0.458796 0.011458 0.013889
4 0.394271 0.830093 0.015625 0.023148
0 0.494792 0.204630 0.003125 0.007407
1 0.495573 0.195833 0.003646 0.006481
0 0.507031 0.218981 0.005729 0.006481
0 0.506510 0.216667 0.005729 0.005556
