4 0.049265 0.453595 0.027941 0.033987
0 0.113971 0.548366 0.054412 0.082353
4 0.069485 0.558170 0.040441 0.041830
1 0.202941 0.513072 0.070588 0.084967
1 0.265809 0.463399 0.062500 0.069281
1 0.422794 0.467320 0.085294 0.071895
1 0.357353 0.375817 0.044118 0.061438
0 0.110294 0.756209 0.100000 0.129412
0 0.228309 0.862745 0.122794 0.169935
0 0.347426 0.942484 0.134559 0.115033
4 0.137868 0.897386 0.037500 0.066667
0 0.587132 0.897386 0.102206 0.160784
0 0.653676 0.933987 0.110294 0.132026
0 0.467279 0.847059 0.111029 0.159477
0 0.400735 0.803268 0.116176 0.139869
1 0.357353 0.736601 0.091176 0.142484
0 0.924632 0.729412 0.063971 0.120261
0 0.842279 0.673203 0.066912 0.104575
4 0.919118 0.572549 0.029412 0.054902
4 0.904779 0.560784 0.031618 0.060131
4 0.725000 0.546405 0.023529 0.039216
4 0.709559 0.537908 0.025000 0.043137
4 0.665074 0.488889 0.028676 0.036601
4 0.630515 0.491503 0.028676 0.031373
4 0.636029 0.485621 0.023529 0.030065
4 0.650000 0.482353 0.025000 0.036601
0 0.638603 0.420261 0.055147 0.056209
0 0.549632 0.398039 0.047794 0.056209
0 0.595956 0.368627 0.028676 0.054902
0 0.651838 0.324837 0.038971 0.048366
0 0.674265 0.307190 0.042647 0.057516
0 0.441176 0.284314 0.048529 0.043137
0 0.507353 0.245098 0.038235 0.032680
0 0.518750 0.233987 0.034559 0.031373
0 0.566544 0.309804 0.050735 0.041830
0 0.590809 0.299346 0.044853 0.039216
0 0.606250 0.196732 0.038971 0.032680
0 0.620221 0.192157 0.034559 0.028758
0 0.651838 0.175163 0.037500 0.026144
0 0.675735 0.164706 0.035294 0.026144
0 0.679044 0.236601 0.038971 0.028758
0 0.647794 0.253595 0.057353 0.041830
