0 0.569010 0.148148 0.003646 0.009259
0 0.536198 0.186111 0.008854 0.007407
0 0.537500 0.183796 0.009375 0.006481
0 0.539062 0.181481 0.009375 0.005556
0 0.572135 0.200000 0.005729 0.009259
4 0.541146 0.194444 0.003125 0.005556
1 0.542188 0.226389 0.006250 0.013889
4 0.569010 0.212963 0.002604 0.005556
4 0.566406 0.224537 0.002604 0.006481
0 0.562240 0.229630 0.006771 0.009259
0 0.561458 0.237963 0.006250 0.011111
0 0.558073 0.243519 0.006771 0.011111
0 0.555729 0.253241 0.006250 0.010185
0 0.543490 0.242130 0.006771 0.012037
4 0.541927 0.256019 0.002604 0.006481
4 0.540625 0.262037 0.003125 0.009259
4 0.558073 0.279630 0.002604 0.007407
0 0.525000 0.270370 0.009375 0.014815
4 0.536719 0.273611 0.002604 0.008333
4 0.536198 0.283333 0.002604 0.009259
0 0.570833 0.311111 0.010417 0.020370
0 0.552344 0.336574 0.009896 0.017593
0 0.541667 0.320370 0.009375 0.018519
1 0.437240 0.316667 0.015104 0.016667
0 0.453906 0.319907 0.015104 0.013889
0 0.453646 0.305093 0.016667 0.015741
0 0.433594 0.302778 0.014063 0.014815
0 0.478125 0.216667 0.013542 0.011111
4 0.567969 0.343056 0.007812 0.010185
4 0.562240 0.361111 0.006771 0.012963
4 0.550000 0.366667 0.004167 0.012963
4 0.541406 0.338889 0.004687 0.018519
4 0.537760 0.352778 0.002604 0.011111
4 0.533594 0.341667 0.002604 0.011111
4 0.524219 0.329630 0.003646 0.012963
0 0.504167 0.329167 0.011458 0.019444
4 0.501563 0.347685 0.003125 0.012037
4 0.516406 0.368981 0.004687 0.010185
0 0.488802 0.387500 0.011979 0.019444
0 0.513802 0.395370 0.013021 0.025926
1 0.458333 0.398611 0.022917 0.026852
1 0.483854 0.420370 0.014583 0.031481
4 0.533333 0.412037 0.004167 0.014815
4 0.539583 0.432870 0.003125 0.015741
0 0.550000 0.417130 0.014583 0.025000
4 0.542969 0.452778 0.004687 0.014815
4 0.601042 0.484722 0.013542 0.019444
4 0.532031 0.463889 0.004687 0.016667
4 0.528125 0.453241 0.003125 0.013889
4 0.520312 0.468981 0.006250 0.023148
0 0.545573 0.520833 0.019271 0.034259
4 0.454167 0.474537 0.010417 0.015741
4 0.443490 0.501389 0.008854 0.017593
0 0.430990 0.565741 0.019271 0.040741
0 0.411198 0.618981 0.021354 0.039815
1 0.368490 0.608333 0.024479 0.046296
4 0.492448 0.472222 0.003646 0.014815
4 0.510938 0.512037 0.004167 0.016667
4 0.480208 0.482870 0.006250 0.019444
4 0.483073 0.506944 0.004687 0.021296
4 0.508854 0.603704 0.006250 0.020370
4 0.486198 0.711111 0.014063 0.035185
4 0.513281 0.701852 0.007812 0.025926
4 0.492448 0.748611 0.007812 0.030556
0 0.382031 0.715278 0.034896 0.067593
0 0.322396 0.712037 0.025000 0.042593
4 0.418490 0.762500 0.008854 0.030556
4 0.463802 0.797685 0.009896 0.034259
4 0.399740 0.843056 0.011979 0.030556
4 0.282292 0.594907 0.018750 0.026852
4 0.055469 0.861574 0.013021 0.041667
0 0.336979 0.866667 0.044792 0.090741
0 0.306510 0.955093 0.048438 0.089815
0 0.521615 0.950926 0.035937 0.098148
0 0.461719 0.980556 0.034896 0.038889
4 0.359375 0.989815 0.015625 0.020370
4 0.357552 0.951389 0.016146 0.049074
4 0.591146 0.918056 0.021875 0.034259
4 0.558594 0.922222 0.021354 0.038889
