0 0.523438 0.278704 0.003125 0.009259
0 0.482812 0.383333 0.009375 0.014815
0 0.473438 0.407407 0.011458 0.022222
0 0.492188 0.478704 0.017708 0.031481
0 0.518750 0.450000 0.012500 0.022222
0 0.529167 0.686111 0.031250 0.057407
0 0.481250 0.694444 0.029167 0.051852
0 0.376563 0.812963 0.046875 0.081481
0 0.463542 0.435185 0.012500 0.022222
0 0.481771 0.370370 0.009375 0.014815
0 0.495312 0.365741 0.009375 0.012963
0 0.497917 0.330556 0.008333 0.012963
0 0.500521 0.316667 0.007292 0.014815
0 0.513021 0.289815 0.007292 0.009259
0 0.352604 0.627778 0.048958 0.037037
2 0.393750 0.631481 0.029167 0.081481
0 0.505208 0.301852 0.006250 0.011111
4 0.413021 0.853704 0.013542 0.040741
4 0.465104 0.814815 0.009375 0.044444
4 0.495312 0.816667 0.007292 0.037037
4 0.351042 0.761111 0.025000 0.025926
4 0.353125 0.743519 0.025000 0.031481
4 0.424479 0.702778 0.011458 0.035185
4 0.442188 0.714815 0.009375 0.037037
4 0.430729 0.649074 0.007292 0.035185
4 0.438542 0.666667 0.010417 0.029630
4 0.395313 0.555556 0.021875 0.022222
4 0.460938 0.545370 0.007292 0.024074
4 0.520312 0.548148 0.005208 0.025926
4 0.535937 0.529630 0.007292 0.018519
4 0.489583 0.448148 0.004167 0.014815
4 0.475000 0.467593 0.004167 0.016667
4 0.495833 0.377778 0.004167 0.014815
4 0.503125 0.375926 0.004167 0.014815
4 0.510417 0.374074 0.006250 0.014815
4 0.464062 0.448148 0.005208 0.014815
4 0.454167 0.517593 0.004167 0.020370
