4 0.874479 0.144444 0.019792 0.037037
4 0.897917 0.155556 0.027083 0.040741
4 0.911458 0.168519 0.025000 0.033333
4 0.935417 0.162037 0.033333 0.042593
4 0.851562 0.148148 0.023958 0.040741
4 0.842187 0.143519 0.032292 0.035185
4 0.825521 0.136111 0.030208 0.046296
4 0.799479 0.126852 0.032292 0.035185
4 0.747396 0.114815 0.030208 0.029630
4 0.703125 0.103704 0.031250 0.025926
4 0.698438 0.099074 0.028125 0.027778
4 0.681771 0.097222 0.030208 0.031481
4 0.677604 0.087963 0.034375 0.035185
4 0.643750 0.085185 0.020833 0.029630
4 0.611979 0.078704 0.023958 0.035185
4 0.573438 0.046296 0.013542 0.014815
