1 0.306618 0.752288 0.127941 0.228758
0 0.420221 0.573856 0.150735 0.133333
0 0.968015 0.344444 0.063971 0.095425
4 0.966912 0.038562 0.025000 0.043137
4 0.861397 0.096078 0.022794 0.040523
4 0.930882 0.067320 0.025000 0.053595
0 0.944485 0.120261 0.087500 0.104575
0 0.823897 0.206536 0.090441 0.117647
4 0.788971 0.033333 0.033824 0.048366
4 0.749632 0.020261 0.019853 0.037908
0 0.690809 0.298039 0.112500 0.125490
0 0.696324 0.028758 0.010294 0.057516
0 0.707721 0.029412 0.028676 0.048366
0 0.714706 0.086928 0.080882 0.082353
1 0.631618 0.070588 0.125000 0.141176
1 0.264706 0.037255 0.080882 0.074510
1 0.142279 0.068627 0.058088 0.098039
