0 0.402574 0.580392 0.063971 0.130719
0 0.572426 0.650327 0.036029 0.139869
0 0.638235 0.194118 0.047059 0.118954
0 0.588235 0.101307 0.050000 0.129412
0 0.521691 0.147059 0.049265 0.132026
0 0.777941 0.231373 0.073529 0.081046
0 0.804779 0.151634 0.071324 0.073203
0 0.805515 0.077778 0.080147 0.066667
0 0.830515 0.856209 0.074265 0.094118
1 0.933088 0.936601 0.088235 0.092810
1 0.248897 0.363399 0.043382 0.107190
0 0.121324 0.081699 0.069118 0.084967
2 0.428309 0.807843 0.062500 0.169935
2 0.515809 0.416340 0.038971 0.108497
4 0.430882 0.435294 0.010294 0.041830
4 0.224265 0.255556 0.026471 0.048366
4 0.241912 0.278431 0.011765 0.039216
4 0.125368 0.300000 0.016912 0.050980
4 0.350368 0.224837 0.015441 0.049673
4 0.384191 0.233987 0.016912 0.031373
