0 0.395313 0.283333 0.015625 0.046296
0 0.398438 0.566204 0.015625 0.060185
3 0.520573 0.923611 0.030729 0.152778
1 0.525781 0.245833 0.024479 0.041667
4 0.489844 0.202778 0.005729 0.020370
0 0.442708 0.345833 0.030208 0.034259
0 0.433854 0.372222 0.031250 0.037037
0 0.360677 0.269444 0.013021 0.046296
0 0.302865 0.243056 0.023438 0.047222
0 0.289062 0.222685 0.014583 0.043519
0 0.338021 0.281481 0.013542 0.033333
1 0.349219 0.429630 0.027604 0.057407
4 0.521094 0.289352 0.003646 0.012037
0 0.004948 0.109722 0.009896 0.043519
0 0.018490 0.103241 0.020313 0.036111
0 0.038021 0.100926 0.020833 0.038889
1 0.108854 0.112963 0.029167 0.025926
1 0.017708 0.212500 0.018750 0.047222
0 0.041927 0.225000 0.021354 0.048148
1 0.133073 0.101389 0.018229 0.039815
1 0.152865 0.107870 0.021354 0.036111
0 0.091406 0.220833 0.020313 0.049074
2 0.107552 0.222685 0.021354 0.056481
1 0.122396 0.235648 0.015625 0.047222
2 0.142448 0.227778 0.023438 0.064815
1 0.160938 0.239815 0.015625 0.051852
1 0.202083 0.218981 0.015625 0.060185
1 0.184375 0.107407 0.019792 0.042593
1 0.211198 0.114352 0.020313 0.039815
0 0.233854 0.114815 0.021875 0.042593
0 0.255208 0.113889 0.022917 0.040741
0 0.223698 0.228704 0.016146 0.051852
0 0.255990 0.231019 0.016146 0.052778
0 0.285156 0.108333 0.029687 0.027778
1 0.312240 0.068981 0.023438 0.039815
0 0.339844 0.012037 0.026562 0.024074
0 0.341927 0.028241 0.026562 0.036111
0 0.341406 0.059259 0.023438 0.033333
0 0.425260 0.043519 0.025521 0.033333
0 0.425260 0.072222 0.028646 0.031481
0 0.423177 0.098611 0.028646 0.028704
0 0.509635 0.018519 0.028646 0.037037
0 0.467708 0.100463 0.012500 0.041667
0 0.512240 0.052778 0.026562 0.037037
1 0.428646 0.018519 0.028125 0.037037
0 0.516927 0.112037 0.025521 0.038889
0 0.511458 0.084722 0.028125 0.037963
0 0.519531 0.140741 0.025521 0.038889
0 0.519271 0.178241 0.025000 0.043519
0 0.524219 0.206481 0.025521 0.040741
1 0.472917 0.211574 0.014583 0.047222
4 0.413281 0.237500 0.005729 0.019444
2 0.436198 0.239815 0.041146 0.042593
0 0.529167 0.313889 0.018750 0.038889
0 0.535417 0.362500 0.019792 0.052778
4 0.298698 0.364815 0.010937 0.007407
1 0.312760 0.433796 0.015104 0.050926
4 0.346354 0.300926 0.009375 0.022222
4 0.308333 0.300463 0.006250 0.021296
4 0.293229 0.308796 0.004167 0.023148
4 0.346094 0.411111 0.008854 0.016667
4 0.322396 0.468519 0.012500 0.016667
4 0.323177 0.477778 0.009896 0.016667
0 0.392448 0.405093 0.015104 0.056481
0 0.417969 0.423611 0.016146 0.058333
0 0.339844 0.495370 0.016146 0.057407
0 0.421615 0.496759 0.014063 0.056481
1 0.350521 0.533333 0.029167 0.044444
0 0.345052 0.579167 0.031771 0.047222
0 0.372917 0.580093 0.016667 0.065741
0 0.346094 0.619444 0.030729 0.046296
1 0.353385 0.658333 0.031771 0.053704
0 0.345833 0.706481 0.021875 0.027778
0 0.337240 0.759259 0.022396 0.066667
0 0.347656 0.816667 0.033854 0.053704
0 0.350260 0.858796 0.032813 0.054630
4 0.324740 0.883796 0.006771 0.025000
4 0.308854 0.903704 0.006250 0.027778
0 0.350781 0.901852 0.032813 0.055556
0 0.350521 0.950463 0.035417 0.063889
0 0.361198 0.975000 0.035937 0.050000
0 0.433073 0.977315 0.014063 0.045370
0 0.396354 0.918056 0.015625 0.067593
0 0.430469 0.904630 0.016146 0.070370
1 0.399740 0.782407 0.018229 0.074074
1 0.427865 0.782870 0.016146 0.067593
1 0.425781 0.682407 0.016146 0.062963
0 0.470312 0.408796 0.015625 0.050926
0 0.524740 0.424074 0.014063 0.046296
0 0.542188 0.445833 0.015625 0.052778
0 0.471094 0.546759 0.014063 0.049074
0 0.471354 0.634259 0.014583 0.057407
0 0.545573 0.506481 0.016146 0.055556
0 0.548177 0.567130 0.015104 0.056481
0 0.554688 0.626852 0.017708 0.059259
0 0.499219 0.661111 0.016146 0.062963
4 0.522917 0.640278 0.005208 0.023148
0 0.560937 0.706019 0.017708 0.062037
0 0.476302 0.725926 0.015104 0.053704
0 0.575521 0.960185 0.017708 0.066667
