4 0.923162 0.234641 0.019853 0.030065
4 0.897426 0.247059 0.013971 0.026144
4 0.779412 0.264706 0.016176 0.037908
4 0.768750 0.253595 0.015441 0.033987
0 0.727941 0.386928 0.083824 0.073203
4 0.698162 0.409804 0.019853 0.045752
4 0.691912 0.439216 0.032353 0.044444
0 0.948162 0.288889 0.053676 0.062745
0 0.898529 0.329412 0.069118 0.075817
0 0.852574 0.384314 0.066912 0.081046
0 0.921691 0.477124 0.072794 0.094118
1 0.983088 0.388235 0.033824 0.088889
0 0.838971 0.587582 0.091176 0.116340
0 0.696691 0.536601 0.091912 0.105882
0 0.781985 0.894118 0.125735 0.211765
1 0.704412 0.750327 0.100000 0.183007
4 0.629044 0.378431 0.022794 0.040523
4 0.586029 0.443791 0.025000 0.053595
4 0.600735 0.498039 0.039706 0.054902
4 0.581250 0.536601 0.025735 0.056209
4 0.535294 0.487582 0.013235 0.060131
1 0.570221 0.637908 0.097794 0.154248
4 0.438603 0.452288 0.027206 0.044444
4 0.467279 0.500000 0.013971 0.061438
4 0.476103 0.569935 0.024265 0.060131
4 0.386765 0.425490 0.014706 0.048366
4 0.380147 0.466013 0.014706 0.048366
4 0.368750 0.464706 0.015441 0.056209
4 0.275000 0.580392 0.032353 0.054902
4 0.182353 0.686275 0.033824 0.073203
0 0.173897 0.822876 0.143382 0.145098
0 0.133824 0.398693 0.067647 0.083660
4 0.148529 0.469281 0.032353 0.047059
4 0.154779 0.485621 0.036029 0.050980
4 0.168750 0.499346 0.031618 0.062745
4 0.051103 0.322876 0.031618 0.036601
4 0.019485 0.284314 0.015441 0.030065
4 0.114706 0.222876 0.026471 0.035294
4 0.040074 0.148366 0.018382 0.030065
0 0.013971 0.175817 0.027941 0.048366
