0 0.624219 0.829630 0.115104 0.190741
0 0.472135 0.805556 0.122396 0.185185
0 0.494271 0.705556 0.079167 0.112963
0 0.610417 0.720833 0.068750 0.115741
0 0.466927 0.610648 0.098437 0.060185
0 0.573958 0.602778 0.092708 0.050000
0 0.609896 0.621759 0.115625 0.056481
0 0.718750 0.600000 0.090625 0.072222
0 0.791146 0.636574 0.098958 0.060185
0 0.652083 0.570370 0.028125 0.044444
1 0.643750 0.554630 0.023958 0.038889
1 0.557552 0.549537 0.020313 0.032407
0 0.620833 0.537037 0.017708 0.022222
4 0.607031 0.561111 0.009896 0.024074
4 0.726562 0.716204 0.031250 0.049074
4 0.696354 0.699074 0.023958 0.061111
4 0.526823 0.587500 0.016146 0.030556
0 0.434375 0.591204 0.070833 0.043519
