0 0.036397 0.066013 0.065441 0.092810
0 0.092279 0.098693 0.041912 0.100654
0 0.159926 0.126144 0.053676 0.113725
1 0.243382 0.127451 0.075000 0.087582
0 0.312500 0.166667 0.063235 0.069281
0 0.063235 0.244444 0.083824 0.073203
0 0.175000 0.333333 0.089706 0.083660
0 0.298162 0.737908 0.086029 0.166013
4 0.296691 0.298039 0.033088 0.036601
0 0.508824 0.071242 0.045588 0.103268
0 0.478676 0.568627 0.104412 0.099346
0 0.547426 0.717647 0.106618 0.104575
0 0.649265 0.668627 0.105882 0.111111
4 0.481618 0.196732 0.014706 0.043137
4 0.495221 0.208497 0.012500 0.037908
4 0.519118 0.207190 0.011765 0.045752
4 0.670956 0.164706 0.011029 0.044444
4 0.510294 0.347712 0.030882 0.039216
1 0.484559 0.453595 0.091176 0.094118
0 0.912868 0.622876 0.109559 0.100654
2 0.837868 0.456863 0.138971 0.147712
4 0.921324 0.461438 0.032353 0.039216
4 0.976471 0.481699 0.033824 0.040523
