4 0.505990 0.982870 0.017188 0.034259
4 0.600000 0.919907 0.023958 0.037963
4 0.601302 0.806019 0.029687 0.028704
4 0.598177 0.795833 0.026562 0.030556
4 0.591146 0.772222 0.030208 0.029630
4 0.588802 0.756944 0.036979 0.034259
4 0.574740 0.805556 0.022396 0.038889
4 0.583854 0.712037 0.029167 0.037037
4 0.500781 0.735648 0.006771 0.034259
4 0.399740 0.866667 0.015104 0.046296
4 0.372917 0.870833 0.011458 0.049074
0 0.384896 0.608796 0.026042 0.060185
4 0.404427 0.631481 0.010937 0.035185
4 0.431510 0.602315 0.009896 0.045370
4 0.571615 0.659722 0.014063 0.032407
4 0.567448 0.629167 0.018229 0.025000
4 0.571094 0.610185 0.011979 0.025926
4 0.565365 0.618056 0.018229 0.023148
4 0.543490 0.567593 0.005729 0.022222
0 0.489063 0.501852 0.020833 0.037037
0 0.490885 0.408796 0.016146 0.030556
4 0.153646 0.334722 0.009375 0.012037
0 0.180729 0.320833 0.029167 0.023148
0 0.238542 0.331481 0.031250 0.020370
0 0.284896 0.337500 0.032292 0.021296
4 0.313542 0.354167 0.011458 0.013889
0 0.336458 0.374074 0.031250 0.031481
1 0.322917 0.337500 0.025000 0.023148
0 0.600521 0.308796 0.011458 0.021296
0 0.581771 0.307407 0.012500 0.020370
0 0.540625 0.286111 0.010417 0.016667
0 0.460417 0.150000 0.008333 0.007407
0 0.455208 0.145370 0.007292 0.007407
0 0.465104 0.156944 0.005208 0.010185
0 0.445052 0.159722 0.004687 0.006481
2 0.440365 0.165741 0.005729 0.012963
2 0.438021 0.168519 0.006250 0.012963
2 0.436719 0.173611 0.005729 0.015741
0 0.422917 0.232870 0.013542 0.012037
0 0.424479 0.227315 0.014583 0.013889
0 0.426042 0.221759 0.015625 0.012037
0 0.425521 0.218981 0.013542 0.015741
4 0.441667 0.266667 0.003125 0.011111
4 0.455208 0.252315 0.003125 0.008333
0 0.463281 0.236574 0.008854 0.015741
0 0.464323 0.199537 0.006771 0.010185
0 0.456250 0.193981 0.006250 0.010185
0 0.465885 0.181019 0.004687 0.008333
0 0.466406 0.171296 0.004687 0.007407
4 0.448958 0.212963 0.003125 0.009259
0 0.243490 0.926852 0.094271 0.105556
1 0.260937 0.831019 0.078125 0.082407
4 0.620052 0.487037 0.009896 0.025926
4 0.481510 0.206019 0.002604 0.006481
4 0.486458 0.235185 0.002083 0.007407
4 0.491406 0.237500 0.002604 0.006481
0 0.525260 0.262037 0.015104 0.014815
0 0.520573 0.236574 0.015104 0.012037
0 0.507292 0.178241 0.004167 0.008333
0 0.508854 0.181944 0.005208 0.010185
0 0.510156 0.188426 0.005729 0.010185
0 0.513021 0.195833 0.005208 0.012037
4 0.516146 0.268981 0.002083 0.010185
4 0.521615 0.285185 0.004687 0.011111
4 0.512760 0.313426 0.004687 0.017593
4 0.496615 0.277778 0.004687 0.011111
4 0.506250 0.280093 0.004167 0.010185
4 0.500000 0.292593 0.003125 0.007407
