1 0.429412 0.579739 0.036765 0.103268
0 0.630147 0.580392 0.041176 0.078431
0 0.582721 0.360784 0.022794 0.039216
2 0.701838 0.884314 0.106618 0.231373
0 0.066912 0.810458 0.100000 0.143791
0 0.026103 0.728105 0.052206 0.086275
0 0.236765 0.504575 0.039706 0.062745
0 0.937132 0.676471 0.109559 0.092810
1 0.827941 0.411111 0.044118 0.058824
2 0.830515 0.562745 0.066912 0.124183
0 0.767279 0.566667 0.052206 0.084967
1 0.723162 0.458170 0.036029 0.058824
1 0.694485 0.396078 0.025735 0.054902
0 0.683088 0.358824 0.030882 0.045752
0 0.656618 0.320915 0.027941 0.045752
1 0.180515 0.425490 0.081618 0.061438
0 0.146691 0.392157 0.030147 0.049673
0 0.201103 0.318954 0.031618 0.039216
1 0.288603 0.382353 0.031618 0.053595
1 0.184926 0.271895 0.025735 0.039216
0 0.459191 0.275817 0.015441 0.031373
0 0.459559 0.200000 0.013235 0.023529
0 0.465809 0.158170 0.009559 0.018301
0 0.461765 0.133333 0.008824 0.013072
0 0.316176 0.200000 0.029412 0.020915
0 0.320221 0.197386 0.025735 0.020915
0 0.325368 0.190850 0.024265 0.018301
0 0.328309 0.188235 0.028676 0.018301
1 0.333088 0.179085 0.026471 0.020915
1 0.336765 0.177124 0.023529 0.022222
1 0.325368 0.152288 0.019853 0.019608
0 0.629044 0.186275 0.012500 0.022222
1 0.630515 0.129412 0.021324 0.018301
1 0.616912 0.111111 0.008824 0.018301
1 0.629044 0.111111 0.011029 0.018301
1 0.609559 0.105229 0.016176 0.014379
