1 0.249219 0.602315 0.040104 0.047222
0 0.284115 0.614352 0.052604 0.043519
4 0.271094 0.581481 0.016146 0.020370
0 0.260677 0.547685 0.033854 0.041667
4 0.282813 0.575000 0.013542 0.018519
0 0.303125 0.555556 0.035417 0.037037
2 0.247135 0.966204 0.057812 0.067593
4 0.493750 0.950000 0.016667 0.048148
4 0.584635 0.929630 0.020313 0.035185
4 0.591927 0.984722 0.028646 0.030556
4 0.594531 0.968519 0.031771 0.038889
4 0.573177 0.828241 0.025521 0.030556
4 0.551562 0.795833 0.018750 0.034259
4 0.419531 0.772685 0.011979 0.030556
0 0.456250 0.720833 0.025000 0.071296
0 0.403385 0.642130 0.033854 0.060185
0 0.466406 0.609259 0.019271 0.044444
4 0.523438 0.691667 0.021875 0.033333
4 0.571875 0.693519 0.015625 0.035185
4 0.565104 0.719907 0.022917 0.030556
4 0.561719 0.641204 0.019271 0.028704
0 0.499479 0.594444 0.020833 0.038889
0 0.556250 0.557870 0.019792 0.036111
4 0.446094 0.544907 0.005729 0.015741
4 0.440625 0.520370 0.007292 0.020370
4 0.464323 0.524537 0.004687 0.019444
0 0.363281 0.321759 0.020313 0.015741
0 0.395573 0.324074 0.020313 0.014815
1 0.421094 0.323611 0.018229 0.017593
0 0.462500 0.423611 0.013542 0.025000
4 0.522917 0.501389 0.011458 0.013889
4 0.501563 0.481019 0.004167 0.017593
0 0.521875 0.475463 0.016667 0.026852
0 0.497396 0.382870 0.010417 0.025000
4 0.525521 0.452315 0.005208 0.015741
0 0.519531 0.359722 0.008854 0.015741
0 0.501823 0.350463 0.011979 0.021296
0 0.556771 0.502778 0.020833 0.024074
0 0.558073 0.521759 0.014063 0.017593
0 0.501563 0.523148 0.018750 0.033333
