0 0.128125 0.569444 0.058333 0.050000
2 0.396875 0.459259 0.143750 0.107407
2 0.662500 0.362037 0.091667 0.083333
2 0.757292 0.350000 0.037500 0.044444
0 0.855208 0.308333 0.022917 0.020370
0 0.911979 0.287037 0.021875 0.018519
0 0.925000 0.264815 0.022917 0.014815
0 0.332292 0.687963 0.062500 0.053704
0 0.384375 0.702778 0.060417 0.072222
4 0.297396 0.665741 0.017708 0.027778
4 0.268229 0.786111 0.021875 0.031481
4 0.590625 0.337037 0.008333 0.011111
4 0.650521 0.325926 0.009375 0.014815
4 0.755208 0.392593 0.008333 0.014815
4 0.785937 0.375926 0.007292 0.014815
4 0.809896 0.266667 0.007292 0.011111
4 0.940104 0.292593 0.007292 0.011111
