4 0.252344 0.827315 0.019271 0.049074
4 0.263802 0.681944 0.009896 0.041667
4 0.319271 0.821296 0.019792 0.059259
4 0.288542 0.545833 0.015625 0.030556
4 0.217188 0.525000 0.010417 0.027778
4 0.470312 0.477315 0.009375 0.026852
4 0.453125 0.468519 0.008333 0.029630
4 0.378906 0.429167 0.006771 0.026852
4 0.389844 0.409722 0.008854 0.025000
4 0.351823 0.412500 0.006771 0.023148
4 0.373437 0.403241 0.009375 0.025000
4 0.395833 0.388889 0.009375 0.022222
4 0.413802 0.357870 0.008854 0.023148
4 0.390625 0.351389 0.009375 0.021296
4 0.402865 0.344907 0.005729 0.017593
4 0.494271 0.329167 0.006250 0.015741
4 0.458854 0.318981 0.006250 0.015741
4 0.408333 0.299074 0.007292 0.018519
0 0.481510 0.449074 0.046354 0.040741
4 0.113802 0.858333 0.025521 0.083333
4 0.033073 0.941667 0.040104 0.066667
0 0.163021 0.949537 0.076042 0.095370
4 0.051302 0.904630 0.034896 0.046296
0 0.188021 0.782407 0.062500 0.109259
4 0.189583 0.481019 0.018750 0.032407
4 0.199479 0.445370 0.021875 0.031481
4 0.204687 0.441204 0.021875 0.026852
4 0.236198 0.433796 0.007812 0.030556
4 0.303906 0.408796 0.019271 0.021296
4 0.310417 0.485185 0.014583 0.027778
0 0.353646 0.377778 0.023958 0.038889
0 0.423698 0.309722 0.017188 0.032407
0 0.386198 0.271296 0.024479 0.024074
1 0.220312 0.318056 0.019792 0.036111
4 0.486198 0.288889 0.004687 0.016667
0 0.434635 0.251389 0.013021 0.023148
0 0.471875 0.244444 0.013542 0.020370
0 0.407812 0.237037 0.018750 0.020370
4 0.497396 0.254167 0.003125 0.015741
4 0.480729 0.270370 0.004167 0.016667
0 0.436719 0.227778 0.011979 0.020370
1 0.458073 0.218519 0.011979 0.025926
4 0.422396 0.242130 0.004167 0.013889
0 0.393229 0.231944 0.012500 0.021296
1 0.427344 0.188889 0.011979 0.018519
1 0.454167 0.190741 0.011458 0.018519
1 0.450521 0.182407 0.011458 0.016667
1 0.442969 0.168056 0.016146 0.025000
0 0.728906 0.881019 0.113021 0.084259
0 0.721615 0.814352 0.113021 0.075000
0 0.700000 0.762500 0.121875 0.076852
0 0.697135 0.719444 0.088021 0.068519
0 0.678385 0.671759 0.070312 0.058333
0 0.682552 0.651389 0.081771 0.056481
0 0.677604 0.618056 0.076042 0.047222
1 0.665365 0.572222 0.077604 0.070370
0 0.651302 0.526852 0.068229 0.044444
0 0.643229 0.501852 0.059375 0.033333
1 0.642448 0.472685 0.060937 0.047222
0 0.640885 0.456944 0.057812 0.036111
0 0.636719 0.438426 0.060937 0.037963
1 0.626823 0.412963 0.053646 0.050000
0 0.965885 0.856944 0.068229 0.091667
0 0.930469 0.803704 0.096354 0.081481
2 0.898958 0.750000 0.105208 0.072222
0 0.880990 0.699074 0.089063 0.061111
0 0.858333 0.655093 0.087500 0.056481
0 0.832552 0.621759 0.080729 0.049074
0 0.832552 0.586111 0.065104 0.053704
0 0.804427 0.563426 0.069271 0.047222
1 0.798958 0.533796 0.055208 0.045370
1 0.788281 0.512037 0.058854 0.050000
0 0.770833 0.496296 0.061458 0.038889
0 0.763542 0.477315 0.056250 0.032407
0 0.767708 0.463889 0.058333 0.035185
0 0.755469 0.448148 0.057812 0.037037
1 0.747396 0.421759 0.045833 0.036111
0 0.729948 0.410185 0.036979 0.031481
0 0.706510 0.387037 0.032813 0.038889
0 0.682031 0.359722 0.033854 0.049074
0 0.612240 0.385185 0.048438 0.035185
0 0.603385 0.375463 0.044271 0.026852
1 0.606771 0.362963 0.041667 0.033333
0 0.416927 0.168056 0.009896 0.015741
