0 0.047917 0.241204 0.042708 0.026852
1 0.054688 0.219907 0.053125 0.036111
4 0.090104 0.200926 0.010417 0.009259
4 0.082031 0.253704 0.014063 0.014815
0 0.115365 0.258333 0.025521 0.027778
4 0.105990 0.239352 0.014063 0.013889
4 0.154688 0.166667 0.010417 0.012963
3 0.165885 0.193519 0.047396 0.048148
4 0.121615 0.238426 0.014063 0.012037
4 0.189323 0.218519 0.011979 0.016667
4 0.167187 0.240741 0.009375 0.011111
4 0.174479 0.247222 0.010417 0.011111
0 0.167969 0.261574 0.026562 0.026852
4 0.146615 0.315278 0.009896 0.015741
4 0.196354 0.277778 0.007292 0.016667
0 0.239583 0.224074 0.028125 0.025926
0 0.258854 0.240278 0.017708 0.025000
1 0.260417 0.282407 0.020833 0.033333
4 0.255469 0.197222 0.013021 0.011111
0 0.182292 0.167593 0.008333 0.014815
2 0.232552 0.172222 0.013021 0.035185
0 0.235677 0.156019 0.011979 0.017593
0 0.238542 0.137963 0.010417 0.016667
0 0.312240 0.148148 0.010937 0.014815
0 0.311719 0.136574 0.010937 0.012037
1 0.293490 0.090278 0.007812 0.019444
0 0.261198 0.056944 0.007812 0.010185
3 0.273698 0.034259 0.006771 0.014815
0 0.275521 0.044907 0.005208 0.012037
0 0.274479 0.061574 0.006250 0.010185
1 0.432552 0.209259 0.027604 0.024074
4 0.530729 0.395833 0.006250 0.023148
0 0.391406 0.482407 0.023438 0.044444
4 0.483854 0.586574 0.026042 0.025000
4 0.480990 0.573148 0.023438 0.024074
0 0.081771 0.449074 0.041667 0.051852
0 0.457813 0.695370 0.011458 0.048148
4 0.501823 0.687500 0.013021 0.056481
4 0.474479 0.693981 0.008333 0.043519
4 0.457031 0.665278 0.010937 0.023148
4 0.487240 0.689815 0.010937 0.038889
4 0.561979 0.682870 0.023958 0.026852
4 0.551562 0.764815 0.034375 0.035185
4 0.531510 0.512963 0.022396 0.024074
4 0.568229 0.472685 0.010417 0.023148
2 0.586979 0.804630 0.088542 0.090741
4 0.070833 0.392593 0.012500 0.031481
4 0.174479 0.334722 0.006250 0.021296
4 0.173698 0.375926 0.009896 0.020370
0 0.095312 0.404630 0.034375 0.046296
0 0.043490 0.493056 0.047396 0.058333
0 0.017188 0.553241 0.034375 0.060185
3 0.038802 0.681481 0.077604 0.190741
4 0.752344 0.781019 0.016146 0.054630
4 0.725521 0.968056 0.028125 0.063889
4 0.744792 0.953241 0.023958 0.086111
4 0.764583 0.959722 0.026042 0.071296
4 0.780208 0.950463 0.016667 0.076852
4 0.799219 0.954630 0.019271 0.074074
4 0.815104 0.950926 0.016667 0.066667
4 0.835938 0.949074 0.025000 0.064815
4 0.867969 0.946296 0.032813 0.064815
4 0.883073 0.953704 0.029687 0.051852
4 0.901562 0.939815 0.033333 0.066667
4 0.919010 0.930556 0.025521 0.077778
4 0.938542 0.929167 0.040625 0.065741
4 0.957552 0.925000 0.036979 0.066667
4 0.984896 0.918056 0.030208 0.069444
1 0.905208 0.763426 0.082292 0.100926
