0 0.025368 0.100654 0.050735 0.099346
1 0.059926 0.118954 0.043382 0.122876
0 0.123529 0.166667 0.073529 0.069281
0 0.142279 0.188889 0.052206 0.100654
0 0.193015 0.226797 0.052206 0.100654
0 0.255147 0.270588 0.076471 0.122876
1 0.339706 0.305882 0.082353 0.083660
0 0.408824 0.356209 0.075000 0.079739
4 0.365074 0.767974 0.041912 0.084967
1 0.442279 0.900654 0.119853 0.198693
0 0.157353 0.394118 0.095588 0.100654
0 0.059926 0.226144 0.068382 0.067974
4 0.013235 0.171895 0.020588 0.040523
4 0.514706 0.462092 0.035294 0.045752
0 0.545956 0.553595 0.088971 0.142484
0 0.567279 0.703922 0.102206 0.181699
0 0.670221 0.327451 0.066912 0.105882
0 0.779044 0.224837 0.053676 0.104575
0 0.836029 0.104575 0.044118 0.081046
0 0.710662 0.406536 0.068382 0.128105
4 0.867279 0.643137 0.018382 0.065359
4 0.861029 0.477124 0.019118 0.060131
4 0.889706 0.241176 0.013235 0.040523
4 0.770221 0.075163 0.015441 0.035294
0 0.611397 0.900654 0.116912 0.198693
