4 0.275735 0.696732 0.016176 0.062745
0 0.390809 0.852288 0.061029 0.211765
0 0.351838 0.534641 0.013971 0.052288
0 0.368750 0.271895 0.011029 0.031373
0 0.447426 0.479085 0.041912 0.111111
0 0.390809 0.471895 0.040441 0.104575
0 0.507353 0.329412 0.033824 0.070588
0 0.543382 0.226144 0.030882 0.057516
0 0.437500 0.318301 0.038235 0.098039
0 0.397059 0.317647 0.033824 0.083660
0 0.406985 0.141176 0.027206 0.057516
0 0.451838 0.107843 0.024265 0.050980
1 0.447426 0.226144 0.027206 0.078431
1 0.397059 0.215033 0.029412 0.079739
0 0.446691 0.065359 0.022794 0.047059
0 0.452206 0.023529 0.022059 0.047059
0 0.417647 0.069281 0.023529 0.049673
1 0.426103 0.022222 0.021324 0.044444
