4 0.456250 0.971296 0.022917 0.057407
0 0.504687 0.516667 0.034375 0.070370
1 0.466667 0.246296 0.020833 0.040741
0 0.434375 0.187037 0.014583 0.029630
0 0.371354 0.192593 0.038542 0.029630
0 0.368229 0.172222 0.030208 0.022222
0 0.938542 0.901852 0.116667 0.148148
0 0.432812 0.026852 0.007292 0.012963
0 0.423958 0.039815 0.004167 0.012963
4 0.422917 0.064815 0.004167 0.011111
4 0.426563 0.019444 0.003125 0.009259
0 0.048958 0.259259 0.037500 0.037037
0 0.081250 0.253704 0.035417 0.037037
0 0.061458 0.279630 0.060417 0.040741
