0 0.512500 0.577778 0.020833 0.037037
0 0.509896 0.535185 0.019792 0.033333
0 0.482292 0.476852 0.031250 0.024074
0 0.514062 0.438889 0.013542 0.022222
0 0.492188 0.433333 0.013542 0.018519
0 0.491667 0.378704 0.010417 0.020370
0 0.497917 0.314815 0.008333 0.011111
0 0.568750 0.590741 0.022917 0.037037
4 0.620833 0.845370 0.035417 0.027778
4 0.614583 0.825000 0.029167 0.035185
4 0.587500 0.900000 0.014583 0.044444
4 0.455208 0.701852 0.008333 0.029630
4 0.540104 0.584259 0.009375 0.024074
4 0.536979 0.535185 0.005208 0.022222
4 0.531771 0.492593 0.005208 0.018519
4 0.541146 0.481481 0.007292 0.018519
0 0.484896 0.423148 0.015625 0.024074
0 0.565625 0.518519 0.022917 0.018519
0 0.519792 0.465741 0.014583 0.024074
1 0.511979 0.486111 0.015625 0.027778
1 0.507292 0.502778 0.014583 0.031481
2 0.355208 0.925000 0.056250 0.150000
