4 0.800000 0.965741 0.070833 0.068519
1 0.735417 0.687037 0.158333 0.140741
4 0.866667 0.626852 0.043750 0.057407
4 0.786458 0.634259 0.056250 0.057407
1 0.754687 0.589815 0.128125 0.105556
4 0.822396 0.536111 0.034375 0.050000
2 0.685937 0.439815 0.101042 0.105556
4 0.656250 0.610185 0.039583 0.061111
4 0.515104 0.711111 0.021875 0.085185
4 0.428125 0.680556 0.018750 0.083333
4 0.389583 0.573148 0.020833 0.068519
4 0.189583 0.889815 0.054167 0.105556
4 0.286458 0.503704 0.031250 0.051852
4 0.351562 0.473148 0.026042 0.038889
4 0.619271 0.484259 0.038542 0.042593
4 0.608333 0.454630 0.058333 0.053704
4 0.576562 0.421296 0.026042 0.035185
4 0.679167 0.371296 0.010417 0.031481
0 0.654167 0.343519 0.050000 0.038889
4 0.549479 0.334259 0.019792 0.024074
4 0.716146 0.376852 0.017708 0.031481
0 0.674479 0.320370 0.044792 0.033333
4 0.341146 0.390741 0.023958 0.029630
4 0.456771 0.384259 0.019792 0.031481
4 0.431771 0.387037 0.017708 0.029630
4 0.445833 0.368519 0.018750 0.029630
2 0.432812 0.320370 0.019792 0.040741
0 0.452083 0.305556 0.016667 0.033333
4 0.502083 0.259259 0.006250 0.018519
