4 0.066927 0.648611 0.017188 0.019444
4 0.003646 0.554167 0.006250 0.013889
4 0.054427 0.492130 0.007812 0.021296
4 0.015885 0.479630 0.008854 0.022222
0 0.021615 0.461111 0.021354 0.020370
0 0.011198 0.418056 0.020313 0.019444
0 0.494010 0.252778 0.005729 0.009259
0 0.489844 0.268519 0.004687 0.007407
0 0.479687 0.259259 0.003125 0.007407
0 0.507031 0.271296 0.006771 0.009259
4 0.501042 0.271296 0.002083 0.005556
0 0.488281 0.313426 0.006771 0.012037
4 0.497917 0.321296 0.002083 0.007407
4 0.505729 0.327315 0.002083 0.006481
4 0.499740 0.334259 0.002604 0.007407
0 0.491927 0.337500 0.007812 0.012037
0 0.493490 0.352315 0.007812 0.013889
0 0.517188 0.341204 0.008333 0.012037
0 0.521094 0.350000 0.006771 0.014815
0 0.526563 0.358796 0.007292 0.013889
4 0.504167 0.349074 0.003125 0.012963
4 0.500521 0.349074 0.002083 0.007407
4 0.482031 0.333796 0.002604 0.008333
0 0.470312 0.368981 0.009375 0.013889
0 0.502083 0.372222 0.010417 0.016667
4 0.521875 0.371296 0.005208 0.009259
0 0.529948 0.375463 0.010937 0.015741
0 0.532813 0.391204 0.009375 0.017593
1 0.534115 0.405556 0.008854 0.014815
0 0.525781 0.429167 0.013021 0.021296
0 0.465625 0.383333 0.010417 0.016667
0 0.463542 0.397685 0.011458 0.015741
4 0.476562 0.402778 0.003125 0.011111
0 0.487500 0.401852 0.010417 0.016667
0 0.485937 0.416204 0.009375 0.017593
0 0.487760 0.430556 0.010937 0.020370
0 0.466406 0.441204 0.011979 0.019444
4 0.453125 0.433796 0.004167 0.012037
0 0.451302 0.448611 0.018229 0.019444
4 0.505729 0.404630 0.005208 0.009259
0 0.499740 0.412963 0.009896 0.018519
4 0.515365 0.419444 0.004687 0.011111
4 0.514583 0.434259 0.003125 0.009259
4 0.516927 0.445833 0.003646 0.008333
4 0.533594 0.477315 0.004687 0.021296
4 0.525000 0.487500 0.010417 0.012037
4 0.513542 0.465278 0.003125 0.010185
4 0.511458 0.483333 0.004167 0.011111
4 0.503906 0.477315 0.002604 0.013889
4 0.500781 0.486111 0.004687 0.018519
4 0.479948 0.495370 0.004687 0.014815
0 0.487240 0.509722 0.013021 0.025000
0 0.485417 0.544907 0.015625 0.028704
0 0.459635 0.486574 0.014063 0.030556
4 0.523438 0.525926 0.005208 0.014815
4 0.514583 0.535648 0.004167 0.013889
0 0.501042 0.664815 0.021875 0.048148
4 0.457292 0.620833 0.004167 0.019444
4 0.469531 0.640278 0.003646 0.012037
0 0.388281 0.744444 0.061979 0.046296
4 0.475260 0.721296 0.008854 0.029630
4 0.535417 0.760185 0.006250 0.024074
0 0.539323 0.862037 0.028646 0.064815
0 0.499740 0.895833 0.030729 0.084259
4 0.568490 0.977778 0.013021 0.044444
4 0.463802 0.925000 0.006771 0.035185
4 0.443229 0.955093 0.006250 0.034259
0 0.420833 0.893056 0.030208 0.089815
0 0.354687 0.896296 0.045833 0.061111
