0 0.465074 0.783007 0.069853 0.128105
0 0.857721 0.839869 0.131618 0.132026
0 0.361397 0.609804 0.052206 0.079739
2 0.523529 0.596078 0.045588 0.112418
4 0.300368 0.694771 0.016912 0.058824
4 0.588971 0.538562 0.011765 0.039216
4 0.659191 0.505882 0.011029 0.036601
4 0.707353 0.616993 0.030882 0.049673
4 0.857721 0.711765 0.018382 0.061438
4 0.676471 0.488235 0.008824 0.032680
0 0.816176 0.542484 0.058824 0.054902
1 0.355515 0.511765 0.038971 0.066667
0 0.429044 0.478431 0.031618 0.044444
4 0.335662 0.505229 0.011029 0.032680
1 0.398162 0.437908 0.025735 0.049673
0 0.429779 0.403922 0.021324 0.033987
4 0.539706 0.378431 0.005882 0.016993
0 0.524632 0.344444 0.012500 0.019608
1 0.623162 0.473856 0.022794 0.045752
2 0.702206 0.457516 0.029412 0.047059
0 0.699265 0.436601 0.025000 0.031373
4 0.619485 0.422222 0.008088 0.020915
1 0.665441 0.396078 0.023529 0.028758
1 0.646324 0.383660 0.025000 0.030065
4 0.245956 0.479085 0.012500 0.037908
4 0.204779 0.533987 0.013971 0.037908
0 0.097794 0.504575 0.048529 0.041830
0 0.190074 0.445098 0.058088 0.035294
0 0.202941 0.427451 0.055882 0.028758
0 0.229779 0.417647 0.043382 0.035294
4 0.115809 0.434641 0.008088 0.027451
0 0.272426 0.391503 0.024265 0.024837
0 0.288235 0.383007 0.016176 0.023529
0 0.281250 0.349673 0.022794 0.019608
0 0.362132 0.358170 0.033088 0.015686
1 0.504044 0.345098 0.009559 0.020915
1 0.509926 0.333333 0.008088 0.018301
4 0.534926 0.350980 0.005147 0.014379
4 0.465074 0.337908 0.003676 0.011765
4 0.468015 0.330065 0.003676 0.009150
0 0.496324 0.324183 0.008824 0.013072
0 0.494853 0.314379 0.008824 0.011765
0 0.518750 0.323529 0.008088 0.011765
0 0.511765 0.317647 0.007353 0.013072
0 0.510294 0.313725 0.007353 0.010458
4 0.271691 0.364706 0.012500 0.015686
