2 0.364323 0.629630 0.068229 0.157407
0 0.540885 0.819907 0.034896 0.078704
0 0.530990 0.924537 0.040104 0.102778
2 0.363802 0.913426 0.106771 0.169444
0 0.501042 0.427315 0.015625 0.032407
0 0.523438 0.425463 0.014583 0.023148
4 0.519792 0.614352 0.008333 0.036111
4 0.509115 0.618519 0.007812 0.027778
4 0.424479 0.451389 0.007292 0.019444
4 0.377865 0.520833 0.008854 0.019444
0 0.436198 0.391667 0.016146 0.018519
0 0.560156 0.535185 0.017188 0.033333
2 0.561719 0.500463 0.019271 0.032407
0 0.560937 0.473148 0.014583 0.024074
0 0.563281 0.449537 0.015104 0.023148
0 0.564063 0.433333 0.011458 0.022222
0 0.560417 0.415741 0.013542 0.022222
0 0.563542 0.398148 0.011458 0.024074
4 0.445573 0.356944 0.004687 0.012037
0 0.500260 0.318519 0.011979 0.018519
4 0.547396 0.429167 0.004167 0.013889
0 0.565104 0.345833 0.010417 0.023148
0 0.564323 0.332407 0.007812 0.014815
4 0.548698 0.343519 0.003646 0.009259
