2 0.800521 0.542593 0.153125 0.196296
4 0.597396 0.612037 0.017708 0.057407
4 0.531250 0.591667 0.043750 0.061111
4 0.534375 0.547222 0.018750 0.057407
4 0.503646 0.401852 0.009375 0.033333
4 0.452604 0.346296 0.007292 0.025926
4 0.458854 0.309259 0.007292 0.022222
4 0.492188 0.300000 0.005208 0.022222
4 0.456771 0.488889 0.011458 0.040741
4 0.402083 0.505556 0.025000 0.037037
4 0.493750 0.276852 0.004167 0.016667
4 0.415625 0.482407 0.025000 0.035185
4 0.349479 0.518519 0.034375 0.037037
0 0.358333 0.318519 0.037500 0.033333
2 0.431250 0.302778 0.018750 0.035185
1 0.469271 0.287037 0.015625 0.033333
2 0.496354 0.346296 0.019792 0.048148
4 0.045312 0.689815 0.046875 0.046296
4 0.123437 0.651852 0.021875 0.044444
4 0.100000 0.646296 0.018750 0.040741
1 0.544792 0.277778 0.035417 0.025926
0 0.559896 0.275000 0.032292 0.027778
2 0.555729 0.253704 0.036458 0.029630
4 0.469271 0.262963 0.007292 0.014815
