0 0.505208 0.534259 0.045833 0.087037
0 0.452083 0.504630 0.039583 0.075926
0 0.449479 0.296296 0.019792 0.040741
0 0.400000 0.243519 0.022917 0.042593
0 0.319271 0.331481 0.051042 0.048148
0 0.311979 0.312037 0.026042 0.050000
0 0.468750 0.183333 0.014583 0.022222
0 0.555729 0.419444 0.034375 0.061111
0 0.671875 0.554630 0.058333 0.087037
0 0.634375 0.476852 0.041667 0.087037
4 0.181250 0.504630 0.027083 0.031481
4 0.183854 0.496296 0.021875 0.029630
4 0.207812 0.457407 0.028125 0.037037
4 0.223437 0.431481 0.026042 0.029630
4 0.280208 0.319444 0.014583 0.020370
4 0.354167 0.320370 0.012500 0.029630
4 0.369792 0.267593 0.008333 0.020370
4 0.293750 0.291667 0.016667 0.024074
4 0.300521 0.278704 0.017708 0.024074
0 0.326042 0.233333 0.014583 0.022222
4 0.328646 0.228704 0.017708 0.020370
4 0.333854 0.224074 0.013542 0.022222
0 0.340625 0.200000 0.016667 0.025926
4 0.550521 0.511111 0.015625 0.051852
4 0.503646 0.343519 0.009375 0.031481
4 0.501563 0.318519 0.007292 0.022222
4 0.467187 0.237963 0.007292 0.020370
4 0.471875 0.218519 0.004167 0.014815
4 0.462500 0.167593 0.004167 0.012963
4 0.459375 0.155556 0.004167 0.011111
4 0.453125 0.138889 0.004167 0.007407
4 0.384375 0.172222 0.004167 0.011111
4 0.378646 0.172222 0.003125 0.011111
4 0.379688 0.155556 0.005208 0.011111
0 0.440625 0.128704 0.008333 0.012963
0 0.414062 0.123148 0.007292 0.009259
0 0.421354 0.117593 0.007292 0.005556
4 0.613542 0.717593 0.027083 0.079630
4 0.802604 0.862037 0.051042 0.083333
4 0.775000 0.804630 0.047917 0.061111
4 0.763021 0.777778 0.030208 0.055556
4 0.907292 0.773148 0.064583 0.068519
4 0.941146 0.810185 0.057292 0.068519
4 0.946875 0.824074 0.064583 0.051852
4 0.956250 0.843519 0.072917 0.057407
4 0.986979 0.907407 0.026042 0.070370
