0 0.925000 0.835185 0.102083 0.137037
0 0.702604 0.608333 0.069792 0.094444
0 0.310937 0.215741 0.015625 0.024074
0 0.263021 0.161111 0.013542 0.018519
0 0.351562 0.232407 0.015625 0.020370
0 0.340104 0.221296 0.011458 0.020370
0 0.330729 0.211111 0.011458 0.018519
0 0.323958 0.203704 0.012500 0.014815
2 0.405208 0.315741 0.062500 0.083333
4 0.182292 0.301852 0.010417 0.018519
3 0.415104 0.375926 0.051042 0.081481
1 0.471354 0.409259 0.030208 0.048148
2 0.552604 0.544444 0.132292 0.196296
0 0.374479 0.256481 0.015625 0.020370
4 0.470312 0.378704 0.013542 0.016667
4 0.275000 0.164815 0.006250 0.011111
0 0.284896 0.168519 0.009375 0.011111
4 0.353646 0.252778 0.007292 0.012963
4 0.344271 0.251852 0.007292 0.014815
2 0.828646 0.726852 0.094792 0.105556
