4 0.934559 0.582353 0.045588 0.045752
0 0.771691 0.840523 0.065441 0.180392
0 0.632353 0.730719 0.055882 0.141176
1 0.782721 0.566667 0.102206 0.103268
2 0.792279 0.454902 0.050735 0.138562
1 0.685662 0.375817 0.050735 0.092810
1 0.582721 0.328105 0.037500 0.086275
2 0.149265 0.875163 0.195588 0.249673
4 0.270956 0.766013 0.056618 0.075817
0 0.426471 0.724183 0.051471 0.190850
1 0.070956 0.682353 0.141912 0.115033
1 0.116912 0.449673 0.102941 0.086275
4 0.017647 0.350327 0.027941 0.033987
4 0.031250 0.330719 0.027206 0.039216
0 0.199265 0.226144 0.052941 0.052288
0 0.300368 0.284314 0.040441 0.074510
4 0.184559 0.096732 0.020588 0.028758
0 0.249632 0.119608 0.063971 0.050980
1 0.254044 0.049020 0.027206 0.050980
4 0.227206 0.015686 0.014706 0.020915
0 0.556985 0.037255 0.021324 0.040523
0 0.545588 0.137255 0.029412 0.052288
0 0.451103 0.232680 0.031618 0.070588
0 0.404412 0.235294 0.035294 0.073203
1 0.415074 0.152288 0.028676 0.066667
4 0.535294 0.594118 0.014706 0.053595
4 0.426471 0.063399 0.008824 0.030065
4 0.445956 0.043791 0.008088 0.024837
