1 0.686458 0.945833 0.125000 0.108333
0 0.675000 0.844444 0.096875 0.074074
0 0.658333 0.798148 0.087500 0.066667
0 0.657031 0.758333 0.091146 0.066667
1 0.648698 0.712963 0.079687 0.064815
1 0.954688 0.968519 0.090625 0.061111
0 0.930729 0.923611 0.111458 0.082407
0 0.854948 0.818056 0.076563 0.117593
1 0.798438 0.712963 0.073958 0.116667
4 0.856250 0.664352 0.019792 0.050926
4 0.870573 0.666667 0.019271 0.044444
4 0.885156 0.666204 0.018229 0.045370
4 0.896615 0.660185 0.014063 0.050000
4 0.909896 0.663426 0.013542 0.049074
4 0.921615 0.663426 0.014063 0.043519
4 0.936198 0.663426 0.017188 0.045370
4 0.959896 0.660648 0.028125 0.047222
4 0.972656 0.663426 0.024479 0.047222
4 0.985156 0.663426 0.025521 0.045370
4 0.988281 0.857870 0.023438 0.045370
4 0.827344 0.688426 0.029687 0.032407
4 0.874740 0.578704 0.014063 0.038889
4 0.559375 0.520370 0.006250 0.029630
4 0.408073 0.972222 0.014063 0.055556
0 0.194792 0.883796 0.071875 0.119444
0 0.148177 0.746759 0.068229 0.099074
0 0.293750 0.663426 0.045833 0.080556
0 0.457292 0.476389 0.025000 0.043519
4 0.424479 0.566204 0.010417 0.034259
4 0.260156 0.648148 0.014063 0.037037
4 0.219271 0.691204 0.013542 0.043519
4 0.256771 0.607870 0.011458 0.037963
4 0.293490 0.522685 0.010937 0.030556
4 0.341927 0.434259 0.008854 0.024074
4 0.442708 0.362500 0.006250 0.021296
0 0.308854 0.427315 0.041667 0.045370
0 0.325521 0.394444 0.027083 0.042593
0 0.344531 0.370370 0.026562 0.037037
0 0.345052 0.342593 0.021354 0.035185
0 0.405208 0.352778 0.020833 0.038889
4 0.009375 0.873611 0.018750 0.056481
4 0.041406 0.806944 0.033854 0.037963
4 0.091406 0.731019 0.032813 0.037963
4 0.138802 0.630093 0.008854 0.028704
0 0.010677 0.421296 0.021354 0.033333
4 0.033333 0.380093 0.014583 0.019444
4 0.055208 0.371759 0.013542 0.028704
4 0.158073 0.331944 0.014063 0.017593
0 0.216927 0.420833 0.028646 0.049074
0 0.259896 0.352778 0.026042 0.027778
4 0.322396 0.338889 0.005208 0.018519
0 0.406771 0.313426 0.016667 0.032407
0 0.390365 0.275463 0.017188 0.026852
1 0.446354 0.292593 0.016667 0.033333
0 0.470573 0.267593 0.014063 0.022222
0 0.450521 0.263889 0.015625 0.025926
1 0.413281 0.260648 0.015104 0.032407
4 0.494531 0.311111 0.003646 0.014815
4 0.476302 0.306944 0.004687 0.017593
4 0.482292 0.281944 0.005208 0.019444
4 0.490365 0.255556 0.004687 0.016667
4 0.428385 0.251389 0.005729 0.013889
0 0.448437 0.248611 0.014583 0.023148
1 0.442969 0.226852 0.020313 0.037037
3 0.406771 0.218981 0.017708 0.041667
0 0.329167 0.244444 0.018750 0.022222
4 0.354687 0.232870 0.009375 0.012037
4 0.323177 0.226852 0.010937 0.011111
4 0.420833 0.206481 0.008333 0.009259
4 0.434635 0.209259 0.004687 0.012963
4 0.488281 0.218056 0.008854 0.010185
4 0.490625 0.203241 0.008333 0.012037
4 0.495312 0.198611 0.007292 0.012037
4 0.456771 0.189352 0.003125 0.012037
4 0.461979 0.185648 0.003125 0.012037
4 0.473698 0.187037 0.004687 0.011111
2 0.405729 0.180093 0.009375 0.028704
1 0.449740 0.168056 0.010937 0.023148
0 0.466406 0.161111 0.009896 0.016667
4 0.420573 0.169907 0.002604 0.010185
3 0.389323 0.153704 0.013021 0.031481
0 0.403125 0.136111 0.008333 0.012963
0 0.427344 0.134259 0.008854 0.012963
3 0.423177 0.110185 0.010937 0.022222
0 0.401302 0.124537 0.007812 0.013889
0 0.464844 0.154630 0.009896 0.012963
4 0.389844 0.173611 0.003646 0.012037
4 0.410417 0.151852 0.003125 0.009259
4 0.440365 0.149537 0.002604 0.010185
4 0.447396 0.142593 0.003125 0.009259
4 0.453385 0.142593 0.002604 0.009259
4 0.449479 0.137037 0.003125 0.007407
4 0.439844 0.136574 0.002604 0.008333
4 0.461198 0.170833 0.003646 0.010185
1 0.435937 0.115741 0.007292 0.012963
0 0.398438 0.108333 0.007292 0.012963
