1 0.508854 0.858796 0.040625 0.100926
0 0.581510 0.768981 0.032813 0.073148
0 0.428906 0.800000 0.033854 0.085185
4 0.550521 0.780093 0.011458 0.039815
4 0.423698 0.706944 0.010937 0.039815
4 0.520573 0.720370 0.009896 0.033333
4 0.538542 0.721296 0.010417 0.035185
4 0.540885 0.675000 0.009896 0.033333
4 0.520052 0.643519 0.009896 0.035185
0 0.448177 0.646296 0.025521 0.055556
0 0.442448 0.589352 0.021354 0.054630
4 0.407031 0.590741 0.007812 0.025926
4 0.479167 0.514352 0.009375 0.023148
4 0.493490 0.469444 0.013021 0.016667
0 0.457031 0.436111 0.030729 0.025926
4 0.530729 0.409259 0.006250 0.014815
4 0.552604 0.402315 0.010417 0.013889
4 0.550521 0.391204 0.010417 0.013889
4 0.519271 0.397685 0.007292 0.023148
4 0.521094 0.390278 0.003646 0.012037
1 0.516667 0.354167 0.010417 0.019444
0 0.497917 0.370833 0.012500 0.019444
0 0.499479 0.391667 0.012500 0.020370
0 0.481771 0.392130 0.013542 0.025000
0 0.476302 0.378241 0.011979 0.023148
4 0.453385 0.359722 0.003646 0.010185
4 0.860677 0.918056 0.031771 0.039815
4 0.799479 0.788889 0.022917 0.027778
4 0.774740 0.759722 0.023438 0.036111
4 0.485417 0.337500 0.003125 0.012037
4 0.490365 0.337037 0.002604 0.009259
4 0.495833 0.339815 0.003125 0.011111
