0 0.346875 0.898148 0.047917 0.125926
4 0.426563 0.664815 0.015625 0.055556
4 0.423958 0.621296 0.008333 0.027778
4 0.437500 0.602778 0.008333 0.024074
4 0.425521 0.573148 0.007292 0.024074
4 0.436979 0.562963 0.009375 0.018519
4 0.422396 0.519444 0.009375 0.031481
2 0.394792 0.537037 0.035417 0.114815
0 0.442188 0.441667 0.015625 0.024074
0 0.307812 0.413889 0.021875 0.016667
0 0.440625 0.408333 0.014583 0.024074
4 0.488021 0.482407 0.007292 0.016667
0 0.470312 0.532407 0.019792 0.031481
0 0.522917 0.459259 0.027083 0.025926
0 0.521354 0.416667 0.021875 0.022222
4 0.561979 0.825000 0.015625 0.046296
4 0.426042 0.390741 0.004167 0.007407
4 0.457292 0.387963 0.004167 0.009259
0 0.444271 0.350000 0.009375 0.014815
0 0.434375 0.335185 0.008333 0.011111
0 0.447917 0.338889 0.008333 0.011111
1 0.446875 0.328704 0.006250 0.012963
4 0.454687 0.351852 0.005208 0.018519
2 0.469271 0.356481 0.011458 0.024074
