4 0.324632 0.982353 0.022794 0.035294
1 0.329044 0.432680 0.046324 0.117647
0 0.502941 0.264052 0.032353 0.065359
1 0.440074 0.125490 0.025735 0.065359
1 0.514338 0.449673 0.041912 0.094118
1 0.362868 0.129412 0.030147 0.060131
2 0.699265 0.184967 0.066176 0.132026
0 0.825735 0.128105 0.044118 0.039216
0 0.881250 0.207843 0.050735 0.039216
1 0.952206 0.257516 0.088235 0.083660
1 0.700735 0.021569 0.022059 0.043137
2 0.370221 0.078431 0.030147 0.062745
4 0.394485 0.087582 0.012500 0.026144
4 0.407353 0.061438 0.010294 0.023529
2 0.262868 0.121569 0.033088 0.057516
0 0.310662 0.063399 0.053676 0.040523
0 0.673162 0.660131 0.062500 0.138562
2 0.730147 0.808497 0.063235 0.158170
0 0.438971 0.215686 0.025000 0.070588
0 0.349265 0.252288 0.033824 0.073203
0 0.365809 0.183007 0.033088 0.057516
0 0.515074 0.163399 0.027206 0.047059
0 0.492647 0.062745 0.022059 0.036601
0 0.522426 0.030719 0.019853 0.035294
0 0.480147 0.120915 0.027941 0.050980
