0 0.862500 0.833333 0.095833 0.077778
0 0.964062 0.761111 0.071875 0.077778
4 0.913021 0.887037 0.040625 0.051852
4 0.923438 0.976852 0.044792 0.046296
4 0.745313 0.804630 0.030208 0.042593
4 0.860938 0.757407 0.040625 0.037037
4 0.853125 0.732407 0.039583 0.038889
4 0.634375 0.929630 0.016667 0.062963
4 0.767188 0.589815 0.011458 0.027778
4 0.782813 0.599074 0.011458 0.035185
4 0.709896 0.559259 0.009375 0.033333
4 0.657292 0.535185 0.020833 0.025926
0 0.631771 0.567593 0.030208 0.042593
4 0.392708 0.947222 0.020833 0.064815
0 0.510938 0.812963 0.040625 0.077778
0 0.434896 0.805556 0.044792 0.111111
0 0.513542 0.714815 0.035417 0.066667
1 0.444271 0.694444 0.032292 0.107407
1 0.505729 0.642593 0.026042 0.062963
4 0.387500 0.744444 0.014583 0.040741
4 0.301042 0.652778 0.012500 0.031481
4 0.355208 0.503704 0.016667 0.018519
4 0.408854 0.608333 0.026042 0.031481
4 0.439062 0.550926 0.007292 0.020370
4 0.397917 0.488889 0.018750 0.018519
4 0.552604 0.574074 0.009375 0.029630
4 0.562500 0.578704 0.006250 0.020370
0 0.495833 0.462037 0.016667 0.027778
4 0.428125 0.484259 0.006250 0.020370
4 0.593750 0.546296 0.022917 0.029630
