4 0.469792 0.926852 0.014583 0.053704
4 0.568750 0.839815 0.014583 0.046296
4 0.563021 0.729630 0.013542 0.037037
4 0.526563 0.643519 0.009375 0.031481
4 0.542708 0.601852 0.008333 0.029630
4 0.531771 0.506481 0.007292 0.020370
4 0.526042 0.489815 0.006250 0.016667
4 0.531771 0.456481 0.005208 0.020370
4 0.468229 0.462963 0.007292 0.018519
4 0.524479 0.439815 0.005208 0.012963
4 0.508854 0.435185 0.005208 0.014815
4 0.511979 0.417593 0.005208 0.012963
4 0.499479 0.397222 0.005208 0.012963
4 0.486979 0.446296 0.005208 0.014815
0 0.604167 0.711111 0.037500 0.055556
2 0.568229 0.615741 0.026042 0.079630
4 0.422917 0.563889 0.018750 0.016667
4 0.422396 0.555556 0.017708 0.014815
0 0.501042 0.512963 0.016667 0.033333
0 0.471354 0.508333 0.017708 0.031481
0 0.505729 0.495370 0.017708 0.027778
0 0.501563 0.477778 0.015625 0.022222
1 0.501563 0.454630 0.013542 0.027778
0 0.501563 0.441667 0.013542 0.020370
0 0.471875 0.425926 0.016667 0.022222
