0 0.394485 0.664052 0.141912 0.169935
0 0.218750 0.675163 0.152206 0.210458
0 0.449632 0.445752 0.099265 0.117647
0 0.272059 0.328758 0.101471 0.118954
0 0.378309 0.271242 0.090441 0.071895
0 0.563235 0.270588 0.077941 0.094118
1 0.519118 0.201961 0.072059 0.079739
4 0.556985 0.150327 0.024265 0.041830
4 0.667279 0.162092 0.016912 0.031373
0 0.641544 0.128105 0.069853 0.049673
1 0.673897 0.108497 0.058088 0.060131
4 0.780882 0.109804 0.013235 0.031373
4 0.789338 0.079739 0.013971 0.031373
0 0.690441 0.371895 0.079412 0.095425
