4 0.163542 0.546296 0.010417 0.014815
4 0.162240 0.521296 0.009896 0.012963
4 0.201563 0.518056 0.012500 0.012037
4 0.184375 0.518519 0.010417 0.012963
4 0.077865 0.581481 0.015104 0.025926
4 0.055469 0.573148 0.014063 0.018519
4 0.025781 0.660648 0.021354 0.025000
0 0.180729 0.315741 0.013542 0.016667
0 0.189583 0.308333 0.017708 0.011111
0 0.197135 0.304630 0.017188 0.014815
4 0.196875 0.431944 0.004167 0.013889
4 0.260937 0.476389 0.005208 0.015741
4 0.276562 0.462963 0.008333 0.014815
4 0.316406 0.418056 0.008854 0.010185
4 0.307552 0.462500 0.008854 0.012037
0 0.213021 0.310185 0.013542 0.012963
0 0.221094 0.298611 0.010937 0.015741
0 0.225781 0.289815 0.011979 0.014815
0 0.212760 0.292130 0.016146 0.010185
4 0.345833 0.512037 0.011458 0.012963
4 0.380208 0.476389 0.009375 0.019444
4 0.383333 0.339815 0.003125 0.011111
4 0.392708 0.359722 0.004167 0.012037
4 0.441667 0.397685 0.009375 0.008333
1 0.557031 0.206944 0.004687 0.008333
0 0.541927 0.216204 0.006771 0.010185
0 0.541406 0.231481 0.005729 0.007407
0 0.537760 0.238889 0.006771 0.011111
0 0.537240 0.253241 0.006771 0.010185
0 0.534375 0.265741 0.007292 0.012963
0 0.553125 0.225463 0.005208 0.008333
0 0.555469 0.231944 0.005729 0.010185
0 0.553646 0.269907 0.006250 0.012037
0 0.555208 0.280093 0.005208 0.008333
1 0.556250 0.287037 0.007292 0.014815
4 0.533854 0.307407 0.004167 0.009259
0 0.522396 0.320370 0.010417 0.018519
4 0.532031 0.323148 0.001563 0.007407
4 0.537240 0.327315 0.003646 0.010185
4 0.532292 0.350000 0.004167 0.011111
4 0.476562 0.357870 0.006250 0.013889
4 0.479167 0.356019 0.009375 0.013889
4 0.482552 0.351389 0.008854 0.012037
0 0.512240 0.368981 0.009896 0.019444
4 0.525000 0.375463 0.005208 0.013889
1 0.490885 0.381481 0.009896 0.024074
0 0.507031 0.395370 0.011979 0.018519
0 0.527344 0.393981 0.011979 0.019444
1 0.488281 0.405093 0.021354 0.023148
0 0.476562 0.431019 0.014583 0.026852
0 0.473958 0.456019 0.014583 0.026852
0 0.498177 0.427778 0.014063 0.022222
0 0.497917 0.445833 0.014583 0.026852
0 0.490365 0.464352 0.015104 0.019444
0 0.471615 0.480556 0.017188 0.027778
0 0.517188 0.511111 0.017708 0.031481
0 0.476302 0.538426 0.019271 0.034259
4 0.479948 0.620833 0.004687 0.019444
4 0.491406 0.627778 0.007812 0.029630
4 0.465885 0.630556 0.008854 0.031481
0 0.513281 0.559259 0.018229 0.035185
0 0.515104 0.604630 0.023958 0.050000
0 0.503646 0.659259 0.022917 0.051852
1 0.494271 0.725463 0.022917 0.071296
4 0.548177 0.469444 0.004687 0.012963
4 0.545573 0.495833 0.005729 0.013889
4 0.516406 0.724074 0.008854 0.024074
0 0.471354 0.867593 0.035417 0.081481
4 0.464583 0.761111 0.009375 0.022222
4 0.445573 0.778704 0.008854 0.029630
4 0.430469 0.782407 0.014063 0.044444
4 0.437240 0.829167 0.009896 0.037963
0 0.392448 0.926852 0.044271 0.094444
1 0.456771 0.981944 0.030208 0.036111
