2 0.041544 0.918954 0.083088 0.135948
4 0.104044 0.641830 0.016912 0.067974
4 0.126103 0.512418 0.034559 0.044444
4 0.186029 0.333987 0.023529 0.027451
4 0.196691 0.319608 0.024265 0.035294
0 0.238235 0.262092 0.055882 0.053595
0 0.265074 0.194118 0.043382 0.045752
4 0.277574 0.501307 0.033088 0.037908
4 0.304412 0.932026 0.019118 0.088889
1 0.458456 0.945752 0.063971 0.108497
0 0.345221 0.781046 0.068382 0.173856
0 0.324265 0.655556 0.050000 0.145098
0 0.326471 0.533987 0.047059 0.113725
0 0.336765 0.424837 0.039706 0.083660
0 0.324265 0.315686 0.060294 0.066667
0 0.352574 0.274510 0.028676 0.057516
0 0.730147 0.950327 0.094118 0.099346
4 0.770956 0.868627 0.055147 0.056209
4 0.878676 0.981046 0.026471 0.037908
0 0.940809 0.739869 0.118382 0.104575
4 0.988971 0.677778 0.022059 0.043137
0 0.617279 0.598693 0.058088 0.109804
4 0.520588 0.483660 0.013235 0.052288
4 0.639338 0.483007 0.037500 0.035294
4 0.638603 0.475817 0.031618 0.039216
4 0.675735 0.323529 0.022059 0.022222
4 0.630882 0.242484 0.010294 0.030065
4 0.619485 0.241830 0.008088 0.028758
4 0.510662 0.290196 0.013971 0.033987
0 0.510662 0.230719 0.027206 0.043137
1 0.336765 0.171895 0.038235 0.071895
0 0.358824 0.149020 0.020588 0.041830
0 0.355882 0.086928 0.017647 0.030065
0 0.343750 0.066013 0.036029 0.027451
1 0.354412 0.045752 0.016176 0.033987
0 0.359926 0.039216 0.013971 0.026144
0 0.390809 0.124183 0.019853 0.036601
0 0.394118 0.081046 0.017647 0.031373
0 0.426103 0.103268 0.019853 0.033987
0 0.428309 0.068627 0.018382 0.030065
0 0.553676 0.199346 0.055882 0.040523
0 0.548897 0.184967 0.046324 0.035294
4 0.548897 0.161438 0.013971 0.019608
0 0.529412 0.135294 0.044118 0.030065
0 0.518015 0.113072 0.041912 0.035294
0 0.529044 0.097386 0.027206 0.035294
0 0.444485 0.171895 0.024265 0.037908
0 0.491544 0.156209 0.024265 0.037908
0 0.481250 0.124183 0.022794 0.033987
0 0.475368 0.105229 0.019853 0.030065
0 0.511029 0.071895 0.023529 0.026144
0 0.462132 0.067974 0.018382 0.031373
0 0.458824 0.055556 0.017647 0.024837
4 0.436765 0.048366 0.004412 0.015686
0 0.451471 0.030065 0.014706 0.023529
4 0.471324 0.015686 0.011765 0.013072
0 0.443382 0.008497 0.013235 0.016993
0 0.464706 0.008497 0.019118 0.016993
