4 0.154688 0.414815 0.009375 0.022222
0 0.254167 0.488889 0.025000 0.033333
4 0.266667 0.489815 0.020833 0.027778
4 0.338542 0.514815 0.022917 0.037037
4 0.336979 0.435185 0.013542 0.022222
4 0.457292 0.361111 0.006250 0.022222
4 0.446875 0.361111 0.008333 0.022222
4 0.425000 0.414815 0.012500 0.022222
4 0.482292 0.441667 0.014583 0.024074
1 0.446875 0.485185 0.045833 0.059259
0 0.546875 0.486111 0.060417 0.046296
4 0.610938 0.632407 0.017708 0.038889
4 0.582292 0.636111 0.035417 0.042593
4 0.690104 0.633333 0.030208 0.033333
4 0.619271 0.674074 0.034375 0.037037
4 0.632292 0.693519 0.035417 0.042593
4 0.658333 0.733333 0.043750 0.048148
4 0.726562 0.861111 0.044792 0.048148
4 0.732812 0.900926 0.053125 0.046296
4 0.745313 0.933333 0.042708 0.044444
