4 0.055515 0.792157 0.046324 0.044444
4 0.078676 0.725490 0.042647 0.039216
4 0.110294 0.534641 0.041176 0.049673
4 0.087132 0.483660 0.040441 0.039216
4 0.061029 0.461438 0.032353 0.026144
4 0.055515 0.425490 0.031618 0.040523
0 0.029412 0.157516 0.058824 0.061438
0 0.013971 0.030719 0.027941 0.056209
0 0.091544 0.034641 0.069853 0.056209
0 0.402206 0.956209 0.048529 0.087582
0 0.390074 0.722222 0.043382 0.158170
0 0.411029 0.426797 0.039706 0.116340
1 0.464706 0.612418 0.045588 0.152941
4 0.697426 0.956209 0.040441 0.056209
4 0.714706 0.725490 0.039706 0.041830
4 0.658824 0.672549 0.039706 0.040523
4 0.640074 0.612418 0.031618 0.035294
4 0.695588 0.618301 0.030882 0.044444
4 0.752574 0.634641 0.034559 0.050980
4 0.722059 0.545098 0.036765 0.054902
4 0.663603 0.494118 0.034559 0.039216
4 0.652574 0.479085 0.036029 0.035294
4 0.773897 0.918301 0.028676 0.027451
4 0.801471 0.915686 0.019118 0.064052
4 0.823897 0.539216 0.030147 0.043137
4 0.790074 0.502614 0.027206 0.040523
4 0.782721 0.439216 0.013971 0.060131
4 0.794853 0.483007 0.029412 0.032680
4 0.811029 0.463399 0.036765 0.043137
4 0.800368 0.487582 0.031618 0.047059
4 0.869485 0.488235 0.019853 0.050980
4 0.830515 0.321569 0.018382 0.052288
4 0.865809 0.326144 0.018382 0.050980
4 0.847426 0.324837 0.018382 0.050980
4 0.523897 0.207843 0.011029 0.039216
4 0.556985 0.260131 0.008088 0.031373
4 0.635662 0.177778 0.013971 0.036601
4 0.581618 0.211765 0.013235 0.039216
0 0.651471 0.018301 0.058824 0.036601
4 0.463603 0.171242 0.009559 0.033987
4 0.494118 0.050327 0.008824 0.030065
0 0.936029 0.324837 0.061765 0.064052
0 0.941544 0.237255 0.077206 0.058824
0 0.973162 0.176471 0.053676 0.057516
0 0.966544 0.088235 0.063971 0.056209
4 0.727941 0.347712 0.020588 0.052288
