0 0.430882 0.828105 0.061765 0.181699
0 0.104044 0.263399 0.077206 0.048366
0 0.121691 0.216993 0.074265 0.054902
0 0.152574 0.178431 0.062500 0.043137
0 0.503676 0.245098 0.029412 0.045752
0 0.221324 0.075163 0.025000 0.035294
0 0.946691 0.539869 0.091912 0.104575
0 0.747059 0.216993 0.036765 0.044444
0 0.690074 0.098693 0.028676 0.040523
0 0.664706 0.062092 0.032353 0.043137
1 0.203676 0.113725 0.033824 0.047059
4 0.041912 0.905229 0.042647 0.061438
4 0.855515 0.849020 0.044853 0.069281
2 0.764338 0.294118 0.041912 0.081046
4 0.889706 0.748366 0.019118 0.074510
2 0.812132 0.692810 0.090441 0.172549
4 0.187868 0.360784 0.018382 0.047059
