1 0.239338 0.918301 0.115441 0.163399
4 0.289338 0.799346 0.030147 0.071895
4 0.323897 0.704575 0.033088 0.067974
4 0.333088 0.664706 0.020588 0.069281
4 0.391544 0.658824 0.015441 0.049673
4 0.272794 0.690850 0.042647 0.058824
4 0.197059 0.607843 0.038235 0.052288
4 0.188971 0.626144 0.041176 0.054902
4 0.142279 0.657516 0.036029 0.052288
4 0.170956 0.705882 0.036029 0.052288
4 0.160662 0.722222 0.040441 0.053595
4 0.147794 0.805229 0.038235 0.054902
4 0.293382 0.550980 0.033824 0.045752
0 0.332353 0.418301 0.082353 0.062745
4 0.315441 0.384967 0.023529 0.037908
4 0.333824 0.387582 0.016176 0.035294
0 0.348897 0.338562 0.075735 0.057516
0 0.383088 0.302614 0.073529 0.056209
4 0.436765 0.323529 0.011765 0.032680
0 0.504412 0.184314 0.020588 0.041830
1 0.570221 0.422876 0.034559 0.066667
1 0.557353 0.718301 0.055882 0.155556
0 0.857721 0.942484 0.138971 0.115033
0 0.831250 0.771895 0.130147 0.103268
4 0.831985 0.618301 0.036029 0.044444
0 0.765074 0.521569 0.087500 0.070588
4 0.930515 0.501961 0.019853 0.041830
4 0.897794 0.427451 0.014706 0.044444
4 0.838235 0.426797 0.030882 0.035294
0 0.744118 0.431373 0.094118 0.062745
0 0.720956 0.367974 0.081618 0.058824
0 0.694853 0.316340 0.060294 0.052288
1 0.776103 0.306536 0.041912 0.069281
1 0.673162 0.209804 0.052206 0.043137
1 0.636397 0.314379 0.031618 0.069281
1 0.580147 0.177124 0.023529 0.043137
4 0.654044 0.163399 0.016912 0.018301
4 0.588603 0.134641 0.008088 0.023529
0 0.572426 0.103268 0.018382 0.028758
1 0.618382 0.113725 0.022059 0.041830
4 0.551103 0.050327 0.005147 0.019608
1 0.523162 0.086928 0.018382 0.035294
1 0.565809 0.056863 0.016912 0.030065
1 0.566912 0.031373 0.014706 0.023529
0 0.564338 0.009804 0.013971 0.019608
1 0.535662 0.033987 0.012500 0.033987
0 0.524632 0.011111 0.013971 0.022222
4 0.476838 0.122876 0.006618 0.020915
4 0.470956 0.141830 0.006618 0.022222
4 0.422426 0.114379 0.015441 0.016993
4 0.423897 0.122222 0.015441 0.022222
4 0.415441 0.129412 0.014706 0.020915
4 0.419853 0.233333 0.020588 0.022222
