0 0.470956 0.494771 0.099265 0.134641
0 0.600735 0.345752 0.069118 0.105882
0 0.816544 0.464052 0.118382 0.088889
0 0.873529 0.375817 0.108824 0.074510
0 0.942279 0.302614 0.094853 0.087582
4 0.214706 0.704575 0.055882 0.075817
1 0.391176 0.290850 0.122059 0.121569
0 0.469485 0.289542 0.080147 0.071895
4 0.277206 0.250327 0.014706 0.045752
4 0.299632 0.240523 0.013971 0.047059
1 0.022794 0.335948 0.045588 0.094118
4 0.078309 0.237908 0.031618 0.039216
4 0.043015 0.236601 0.030147 0.039216
4 0.013971 0.230719 0.027941 0.040523
4 0.461029 0.236601 0.025000 0.039216
4 0.495588 0.218301 0.020588 0.041830
4 0.530882 0.225490 0.029412 0.032680
4 0.512868 0.200000 0.027206 0.036601
4 0.529044 0.184314 0.022794 0.033987
4 0.532353 0.177778 0.026471 0.033987
4 0.598897 0.269281 0.016912 0.039216
4 0.651838 0.230719 0.018382 0.045752
4 0.688603 0.187582 0.016912 0.037908
0 0.608088 0.135948 0.058824 0.054902
1 0.626838 0.111111 0.061029 0.065359
0 0.647059 0.090196 0.058824 0.054902
4 0.791544 0.296078 0.018382 0.048366
0 0.682721 0.060131 0.058088 0.052288
0 0.706985 0.054248 0.050735 0.043137
0 0.713971 0.041830 0.057353 0.041830
0 0.734559 0.028758 0.061765 0.044444
0 0.770588 0.015686 0.054412 0.031373
0 0.916544 0.262745 0.099265 0.067974
0 0.959559 0.244444 0.080882 0.073203
0 0.962132 0.182353 0.075735 0.050980
0 0.970221 0.143137 0.059559 0.045752
0 0.914338 0.060131 0.036029 0.044444
