3 0.367647 0.654902 0.085294 0.269281
0 0.467647 0.718954 0.051471 0.122876
0 0.502941 0.961438 0.070588 0.077124
0 0.640441 0.922876 0.097059 0.154248
1 0.518750 0.656863 0.046324 0.105882
0 0.537132 0.589542 0.040441 0.081046
4 0.104412 0.441830 0.022059 0.026144
4 0.102206 0.450980 0.020588 0.023529
0 0.107353 0.391503 0.051471 0.040523
4 0.284559 0.348366 0.016176 0.022222
4 0.330882 0.359477 0.005882 0.020915
4 0.338971 0.345098 0.005882 0.018301
4 0.353309 0.307190 0.005147 0.015686
4 0.342279 0.301961 0.005147 0.013072
4 0.347794 0.300000 0.004412 0.014379
2 0.299265 0.305882 0.025000 0.047059
4 0.906618 0.552288 0.033824 0.035294
4 0.916912 0.547059 0.029412 0.032680
4 0.770956 0.441176 0.021324 0.024837
4 0.831985 0.516340 0.015441 0.031373
4 0.905147 0.486928 0.014706 0.032680
0 0.673529 0.568627 0.051471 0.060131
3 0.656250 0.446405 0.083088 0.118954
0 0.599265 0.452288 0.035294 0.047059
0 0.470221 0.504575 0.031618 0.057516
1 0.424265 0.451634 0.023529 0.061438
0 0.457721 0.409150 0.022794 0.039216
0 0.446691 0.371242 0.021324 0.031373
0 0.470588 0.373856 0.020588 0.033987
3 0.513235 0.329412 0.036765 0.062745
0 0.530882 0.288235 0.026471 0.019608
0 0.412132 0.313072 0.015441 0.024837
0 0.445221 0.300654 0.013971 0.018301
0 0.475000 0.298693 0.014706 0.022222
0 0.483824 0.288889 0.014706 0.020915
0 0.475735 0.277124 0.011765 0.015686
0 0.483088 0.269935 0.010294 0.014379
0 0.460662 0.279739 0.011029 0.015686
3 0.499632 0.275163 0.021324 0.040523
0 0.454044 0.264052 0.011029 0.015686
0 0.461765 0.256209 0.010294 0.013072
0 0.437132 0.276471 0.013971 0.019608
0 0.422426 0.281699 0.012500 0.019608
0 0.404412 0.292157 0.013235 0.022222
0 0.423897 0.258170 0.011029 0.016993
0 0.410662 0.256209 0.011029 0.015686
0 0.411765 0.249020 0.010294 0.014379
0 0.459191 0.239869 0.008088 0.011765
0 0.449265 0.239869 0.007353 0.011765
0 0.443750 0.232680 0.006618 0.013072
0 0.452941 0.231373 0.007353 0.010458
0 0.433824 0.232680 0.008824 0.013072
0 0.447426 0.222876 0.008088 0.011765
0 0.440074 0.228105 0.006618 0.009150
0 0.436765 0.220915 0.007353 0.010458
1 0.427941 0.221569 0.005882 0.014379
3 0.437868 0.208497 0.009559 0.019608
3 0.436397 0.199346 0.009559 0.019608
