0 0.411029 0.854902 0.055882 0.201307
0 0.511765 0.618301 0.044118 0.109804
0 0.376471 0.489542 0.036765 0.111111
0 0.504044 0.383007 0.031618 0.070588
0 0.581618 0.337255 0.030882 0.054902
0 0.621324 0.254248 0.055882 0.048366
0 0.639338 0.291503 0.065441 0.054902
0 0.526103 0.090196 0.016912 0.031373
2 0.480147 0.108497 0.020588 0.049673
0 0.492279 0.064052 0.016912 0.039216
0 0.483088 0.028758 0.014706 0.031373
0 0.463971 0.066667 0.016176 0.033987
2 0.435662 0.087582 0.034559 0.075817
0 0.437500 0.040523 0.017647 0.033987
0 0.978676 0.621569 0.042647 0.066667
4 0.459926 0.018954 0.005147 0.016993
4 0.641912 0.775817 0.026471 0.058824
4 0.287868 0.448366 0.030147 0.065359
4 0.025000 0.829412 0.025000 0.050980
0 0.300735 0.362745 0.050000 0.084967
4 0.515441 0.305882 0.008824 0.033987
4 0.546691 0.269935 0.009559 0.032680
1 0.576838 0.230719 0.022794 0.053595
4 0.728676 0.394771 0.010294 0.039216
4 0.719485 0.378431 0.011029 0.037908
4 0.708456 0.378431 0.011029 0.040523
4 0.669485 0.403268 0.022794 0.037908
4 0.657353 0.374510 0.036765 0.043137
