4 0.989338 0.456209 0.021324 0.036601
4 0.909926 0.438562 0.033088 0.037908
2 0.841176 0.526797 0.113235 0.101961
1 0.782721 0.379085 0.099265 0.088889
1 0.690441 0.383660 0.089706 0.079739
0 0.418382 0.666667 0.127941 0.117647
4 0.390074 0.451634 0.033088 0.064052
4 0.345956 0.505229 0.043382 0.048366
4 0.179779 0.477778 0.037500 0.050980
4 0.018750 0.250327 0.028676 0.050980
1 0.216912 0.241830 0.083824 0.073203
0 0.600368 0.288889 0.075735 0.075817
0 0.108088 0.113725 0.061765 0.057516
0 0.241176 0.191503 0.082353 0.071895
1 0.365074 0.184314 0.063971 0.075817
4 0.192647 0.069935 0.025000 0.027451
0 0.434191 0.014379 0.058088 0.028758
4 0.406618 0.083660 0.025000 0.028758
0 0.580882 0.132680 0.073529 0.061438
4 0.548529 0.065359 0.026471 0.026144
0 0.844853 0.131373 0.073529 0.050980
0 0.923529 0.167974 0.077941 0.056209
0 0.688603 0.007843 0.052206 0.015686
0 0.633088 0.010458 0.045588 0.020915
