0 0.491667 0.183333 0.006250 0.011111
0 0.489583 0.191667 0.006250 0.012963
1 0.480729 0.182407 0.007292 0.012963
0 0.484375 0.193519 0.006250 0.012963
0 0.475521 0.198148 0.007292 0.014815
4 0.465104 0.201852 0.003125 0.007407
4 0.470833 0.207407 0.004167 0.011111
4 0.461979 0.208333 0.003125 0.009259
4 0.109375 0.860185 0.052083 0.061111
4 0.127083 0.828704 0.033333 0.050000
4 0.158333 0.774074 0.037500 0.051852
4 0.248958 0.762037 0.016667 0.057407
4 0.247917 0.593519 0.025000 0.046296
4 0.251042 0.578704 0.025000 0.042593
4 0.258333 0.566667 0.037500 0.040741
4 0.285938 0.524074 0.023958 0.040741
4 0.300000 0.499074 0.020833 0.027778
4 0.302604 0.489815 0.019792 0.024074
4 0.348438 0.441667 0.017708 0.031481
4 0.389583 0.448148 0.010417 0.029630
0 0.436458 0.437963 0.027083 0.050000
4 0.413021 0.360185 0.007292 0.020370
4 0.485937 0.264815 0.009375 0.011111
4 0.461458 0.237037 0.004167 0.011111
4 0.440104 0.273148 0.005208 0.009259
4 0.445833 0.262037 0.008333 0.009259
4 0.448437 0.247222 0.003125 0.009259
1 0.508854 0.286111 0.017708 0.038889
4 0.511979 0.356481 0.005208 0.020370
4 0.533333 0.386111 0.004167 0.020370
4 0.540625 0.372222 0.004167 0.018519
4 0.549479 0.375000 0.003125 0.016667
1 0.598437 0.386111 0.048958 0.050000
4 0.534896 0.215741 0.003125 0.012963
4 0.531771 0.238889 0.003125 0.011111
4 0.543229 0.238889 0.003125 0.014815
4 0.553125 0.321296 0.004167 0.016667
0 0.548438 0.302778 0.017708 0.024074
4 0.552604 0.275000 0.003125 0.012963
4 0.544792 0.282407 0.006250 0.012963
4 0.534896 0.266667 0.005208 0.014815
