0 0.468750 0.343519 0.006250 0.009259
2 0.465625 0.365741 0.006250 0.012963
0 0.460417 0.361111 0.006250 0.011111
1 0.478646 0.434259 0.011458 0.024074
4 0.488542 0.420370 0.004167 0.011111
4 0.493229 0.460185 0.005208 0.012963
0 0.489063 0.487963 0.015625 0.027778
2 0.429688 0.427778 0.015625 0.044444
4 0.444792 0.499074 0.006250 0.016667
4 0.545833 0.543519 0.012500 0.046296
0 0.540104 0.651852 0.030208 0.059259
0 0.463542 0.597222 0.022917 0.042593
4 0.443750 0.651852 0.008333 0.037037
0 0.419271 0.961111 0.051042 0.077778
4 0.719271 0.957407 0.048958 0.070370
4 0.842187 0.919444 0.040625 0.057407
