4 0.390625 0.566667 0.020833 0.074074
4 0.617188 0.825926 0.061458 0.092593
4 0.593229 0.743519 0.032292 0.124074
4 0.813542 0.521296 0.043750 0.061111
0 0.883333 0.370370 0.033333 0.040741
0 0.921875 0.364815 0.010417 0.062963
2 0.748437 0.271296 0.144792 0.168519
4 0.493229 0.076852 0.005208 0.012963
1 0.477083 0.075926 0.012500 0.022222
4 0.494271 0.096296 0.005208 0.014815
4 0.580208 0.334259 0.014583 0.035185
4 0.514062 0.389815 0.011458 0.031481
4 0.478125 0.437037 0.014583 0.040741
4 0.531250 0.326852 0.031250 0.042593
4 0.428125 0.400000 0.012500 0.048148
4 0.531771 0.300000 0.013542 0.025926
2 0.485417 0.279630 0.029167 0.074074
1 0.539583 0.097222 0.031250 0.020370
1 0.554167 0.092593 0.029167 0.022222
2 0.549479 0.073148 0.032292 0.027778
4 0.513542 0.162037 0.006250 0.020370
4 0.498958 0.170370 0.006250 0.022222
2 0.435417 0.118519 0.016667 0.029630
4 0.466667 0.210185 0.006250 0.027778
0 0.368750 0.133333 0.039583 0.033333
0 0.415104 0.146296 0.044792 0.033333
