0 0.388802 0.682870 0.074479 0.121296
0 0.187500 0.886111 0.153125 0.227778
4 0.365625 0.890278 0.127083 0.175000
0 0.495833 0.636111 0.048958 0.100000
4 0.179948 0.631944 0.030729 0.078704
0 0.403906 0.591204 0.043229 0.071296
4 0.571615 0.869444 0.075521 0.148148
0 0.336198 0.578704 0.035937 0.053704
1 0.478125 0.597222 0.043750 0.085185
1 0.464323 0.556019 0.022396 0.037963
0 0.467969 0.583796 0.033854 0.039815
0 0.348438 0.567593 0.028125 0.042593
0 0.399219 0.551852 0.026562 0.035185
0 0.371354 0.546296 0.020833 0.029630
