1 0.175368 0.186928 0.028676 0.075817
0 0.169485 0.272549 0.033088 0.069281
1 0.168382 0.364706 0.042647 0.107190
0 0.276103 0.326144 0.037500 0.095425
1 0.134191 0.798693 0.097794 0.206536
0 0.200000 0.598039 0.052941 0.150327
0 0.343015 0.020261 0.022794 0.035294
1 0.319118 0.035294 0.017647 0.047059
0 0.318382 0.286928 0.033824 0.066667
4 0.322794 0.145752 0.007353 0.024837
4 0.348897 0.125490 0.006618 0.018301
0 0.374265 0.249020 0.039706 0.053595
0 0.417279 0.379739 0.058088 0.090196
0 0.485294 0.457516 0.045588 0.088889
0 0.526471 0.683007 0.086765 0.145098
0 0.587500 0.813725 0.057353 0.173856
1 0.794853 0.921569 0.144118 0.156863
4 0.902574 0.647059 0.030147 0.031373
4 0.835662 0.701961 0.036029 0.041830
0 0.977574 0.477778 0.044853 0.084967
4 0.839338 0.318954 0.024265 0.031373
4 0.879412 0.341176 0.022059 0.028758
4 0.875000 0.332680 0.017647 0.030065
4 0.781985 0.244444 0.024265 0.031373
2 0.545956 0.452288 0.056618 0.094118
4 0.628309 0.432026 0.016912 0.037908
4 0.888235 0.450327 0.020588 0.037908
2 0.490809 0.118954 0.021324 0.036601
4 0.448162 0.047059 0.008088 0.026144
1 0.441544 0.012418 0.021324 0.024837
4 0.648529 0.077778 0.011765 0.030065
4 0.731985 0.179085 0.011029 0.028758
4 0.756985 0.204575 0.016912 0.027451
