0 0.476823 0.914815 0.139063 0.170370
0 0.447135 0.805556 0.085938 0.146296
0 0.434375 0.718056 0.065625 0.100926
0 0.429688 0.668519 0.050000 0.077778
0 0.418750 0.637963 0.042708 0.068519
0 0.339062 0.562500 0.028125 0.043519
0 0.419010 0.604167 0.034896 0.047222
0 0.198437 0.614815 0.054167 0.070370
0 0.023438 0.937963 0.046875 0.122222
0 0.111458 0.970833 0.178125 0.058333
4 0.361719 0.681481 0.013021 0.053704
4 0.267448 0.598148 0.022396 0.025926
0 0.298958 0.541667 0.020833 0.031481
0 0.322135 0.537037 0.023438 0.025926
0 0.333333 0.525463 0.018750 0.023148
0 0.347135 0.508333 0.013021 0.016667
0 0.352865 0.503704 0.013021 0.016667
4 0.393750 0.518981 0.004167 0.017593
4 0.380729 0.516204 0.004167 0.012037
4 0.390885 0.506944 0.003646 0.012037
0 0.419792 0.580093 0.034375 0.045370
1 0.416927 0.557870 0.025521 0.041667
0 0.412500 0.556019 0.029167 0.030556
1 0.410677 0.550926 0.024479 0.035185
0 0.408073 0.539815 0.021354 0.025926
0 0.406510 0.530556 0.020313 0.024074
1 0.405729 0.524537 0.017708 0.028704
