0 0.214338 0.413072 0.059559 0.112418
4 0.598162 0.760131 0.043382 0.092810
4 0.724632 0.773856 0.028676 0.120261
4 0.711397 0.647712 0.025735 0.095425
4 0.659559 0.538562 0.022059 0.091503
4 0.666912 0.409804 0.019118 0.066667
0 0.814338 0.874510 0.096324 0.250980
1 0.712132 0.435294 0.053676 0.141176
1 0.792279 0.495425 0.063971 0.167320
0 0.712500 0.299346 0.042647 0.083660
0 0.779779 0.324183 0.046324 0.099346
0 0.709559 0.200654 0.036765 0.066667
0 0.773529 0.214379 0.044118 0.075817
0 0.771691 0.150980 0.037500 0.064052
1 0.764338 0.086275 0.028676 0.057516
1 0.754412 0.052288 0.025000 0.044444
4 0.940074 0.323529 0.015441 0.053595
0 0.975368 0.179739 0.049265 0.050980
0 0.959191 0.164706 0.069853 0.052288
0 0.942279 0.128105 0.069853 0.047059
0 0.925735 0.057516 0.060294 0.036601
0 0.903309 0.041830 0.049265 0.031373
0 0.924632 0.032026 0.069853 0.032680
