0 0.452083 0.896296 0.081250 0.207407
0 0.539583 0.893519 0.089583 0.175926
0 0.626042 0.764815 0.077083 0.122222
0 0.935417 0.801852 0.079167 0.148148
0 0.433854 0.311111 0.026042 0.037037
0 0.315625 0.180556 0.016667 0.024074
0 0.344271 0.174074 0.013542 0.018519
0 0.349479 0.396296 0.040625 0.055556
0 0.444271 0.343519 0.030208 0.046296
0 0.317708 0.207407 0.018750 0.022222
0 0.338542 0.187037 0.014583 0.022222
0 0.492708 0.338889 0.041667 0.048148
1 0.858333 0.807407 0.068750 0.137037
4 0.276562 0.768519 0.048958 0.044444
4 0.276042 0.737963 0.043750 0.042593
4 0.274479 0.712037 0.040625 0.046296
4 0.282292 0.690741 0.041667 0.033333
4 0.278646 0.659259 0.046875 0.055556
4 0.303646 0.635185 0.048958 0.048148
4 0.315104 0.607407 0.044792 0.044444
4 0.306250 0.599074 0.039583 0.046296
4 0.280729 0.588889 0.040625 0.037037
4 0.282292 0.548148 0.033333 0.037037
4 0.354687 0.582407 0.013542 0.042593
4 0.501042 0.669444 0.016667 0.053704
4 0.424479 0.513889 0.013542 0.035185
4 0.483854 0.524074 0.013542 0.040741
4 0.456250 0.484259 0.010417 0.035185
4 0.414583 0.453704 0.010417 0.029630
4 0.400000 0.440741 0.010417 0.033333
4 0.407292 0.387037 0.010417 0.033333
4 0.428646 0.397222 0.009375 0.035185
4 0.418750 0.421296 0.010417 0.027778
4 0.499479 0.520370 0.013542 0.037037
4 0.328125 0.329630 0.008333 0.025926
4 0.328125 0.302778 0.010417 0.020370
4 0.345313 0.257407 0.007292 0.022222
4 0.372396 0.276852 0.007292 0.020370
4 0.398438 0.275000 0.005208 0.020370
4 0.384375 0.292593 0.008333 0.022222
4 0.383854 0.266667 0.009375 0.014815
1 0.594792 0.512963 0.054167 0.055556
0 0.559375 0.479630 0.037500 0.051852
4 0.272917 0.482407 0.035417 0.038889
4 0.273438 0.458333 0.030208 0.035185
4 0.271354 0.510185 0.036458 0.031481
4 0.328125 0.443519 0.010417 0.038889
4 0.270833 0.352778 0.018750 0.024074
0 0.356771 0.135185 0.019792 0.018519
0 0.341667 0.116667 0.010417 0.014815
4 0.356771 0.266667 0.009375 0.029630
4 0.275521 0.862963 0.046875 0.055556
