0 0.401103 0.613072 0.065441 0.172549
0 0.259559 0.316340 0.061765 0.094118
0 0.169485 0.269935 0.080147 0.100654
0 0.191912 0.198693 0.041176 0.067974
1 0.040074 0.575163 0.078676 0.342484
0 0.239338 0.526797 0.065441 0.172549
4 0.582353 0.894118 0.066176 0.086275
4 0.046324 0.118954 0.016176 0.036601
4 0.077206 0.073856 0.011765 0.030065
4 0.985662 0.571242 0.028676 0.070588
4 0.936397 0.569281 0.061029 0.061438
4 0.800735 0.346405 0.033824 0.036601
4 0.634926 0.453595 0.043382 0.052288
4 0.524265 0.054248 0.016176 0.032680
4 0.537500 0.071242 0.016176 0.030065
4 0.550368 0.083660 0.021324 0.033987
4 0.609191 0.135294 0.021324 0.035294
4 0.614338 0.125490 0.021324 0.028758
4 0.665441 0.229412 0.016176 0.040523
0 0.622794 0.971895 0.107353 0.056209
4 0.930147 0.864706 0.033824 0.084967
