1 0.659896 0.778704 0.080208 0.137037
4 0.467448 0.338889 0.013021 0.024074
4 0.188281 0.818981 0.021354 0.063889
4 0.227865 0.731019 0.009896 0.045370
0 0.173177 0.739352 0.058854 0.086111
0 0.119792 0.732407 0.065625 0.081481
4 0.084115 0.558796 0.016146 0.034259
4 0.029687 0.512963 0.028125 0.025926
4 0.039062 0.368981 0.014583 0.013889
4 0.049740 0.384722 0.015104 0.019444
4 0.035937 0.454630 0.025000 0.033333
4 0.052083 0.441667 0.019792 0.024074
4 0.102604 0.439352 0.022917 0.028704
0 0.211719 0.537963 0.060937 0.075926
0 0.193229 0.490278 0.065625 0.050926
4 0.167187 0.414815 0.011458 0.031481
4 0.350781 0.711111 0.029687 0.031481
4 0.321354 0.619907 0.023958 0.039815
4 0.366146 0.572222 0.016667 0.038889
4 0.213021 0.458796 0.019792 0.023148
4 0.280469 0.478241 0.015104 0.025000
4 0.257552 0.497685 0.022396 0.028704
4 0.234375 0.438426 0.020833 0.025000
0 0.186198 0.313426 0.026562 0.028704
4 0.170833 0.373148 0.016667 0.022222
4 0.157812 0.328704 0.012500 0.024074
4 0.227083 0.398611 0.021875 0.021296
0 0.311458 0.495370 0.047917 0.053704
4 0.375521 0.504167 0.017708 0.028704
4 0.383854 0.485185 0.018750 0.024074
4 0.396354 0.444907 0.022917 0.023148
2 0.246615 0.327778 0.028646 0.059259
0 0.264583 0.312500 0.017708 0.034259
0 0.273177 0.291667 0.020313 0.031481
0 0.285677 0.271296 0.018229 0.027778
0 0.297396 0.254630 0.018750 0.027778
0 0.304427 0.237500 0.018229 0.025000
0 0.316406 0.221296 0.017188 0.027778
4 0.286198 0.313426 0.008854 0.023148
0 0.397917 0.265278 0.017708 0.032407
4 0.359375 0.281481 0.007292 0.022222
4 0.376302 0.316204 0.008854 0.026852
4 0.480469 0.442593 0.023438 0.029630
0 0.591146 0.456944 0.059375 0.047222
4 0.500521 0.456019 0.018750 0.025000
4 0.530729 0.486574 0.021875 0.026852
4 0.510938 0.500463 0.018750 0.025000
4 0.512500 0.517593 0.023958 0.031481
4 0.526823 0.542593 0.023438 0.031481
4 0.507552 0.557870 0.018229 0.025000
4 0.565104 0.543056 0.022917 0.032407
4 0.554688 0.577778 0.009375 0.037037
4 0.479167 0.698611 0.011458 0.039815
4 0.498958 0.697685 0.015625 0.037963
4 0.527604 0.622685 0.010417 0.036111
4 0.657813 0.628241 0.010417 0.041667
4 0.518750 0.695370 0.010417 0.038889
4 0.533333 0.700000 0.014583 0.044444
4 0.545833 0.699074 0.012500 0.040741
4 0.553385 0.708333 0.027604 0.038889
4 0.573177 0.704630 0.011979 0.046296
4 0.585938 0.705556 0.010417 0.042593
4 0.607031 0.701852 0.015104 0.042593
4 0.628125 0.699074 0.015625 0.055556
4 0.646094 0.706944 0.013021 0.041667
4 0.657031 0.709259 0.015104 0.035185
4 0.675781 0.699074 0.014063 0.046296
4 0.689583 0.704630 0.012500 0.046296
4 0.699740 0.716204 0.008854 0.037963
4 0.711458 0.715278 0.012500 0.036111
4 0.720052 0.663426 0.008854 0.041667
4 0.552604 0.650000 0.012500 0.042593
4 0.564583 0.649537 0.010417 0.039815
4 0.547135 0.620370 0.010937 0.050000
4 0.562760 0.620833 0.018229 0.049074
4 0.583594 0.627778 0.020313 0.038889
4 0.585417 0.649074 0.012500 0.044444
4 0.564063 0.586111 0.015625 0.027778
4 0.572135 0.581481 0.018229 0.035185
4 0.584896 0.579630 0.012500 0.040741
4 0.597656 0.580093 0.015104 0.041667
4 0.610677 0.583796 0.010937 0.034259
4 0.615365 0.626852 0.008854 0.040741
4 0.623698 0.619907 0.010937 0.043519
4 0.633333 0.625926 0.012500 0.038889
4 0.646875 0.630556 0.009375 0.031481
4 0.635156 0.585648 0.011979 0.034259
4 0.644792 0.582870 0.008333 0.034259
4 0.662240 0.585185 0.008854 0.029630
4 0.671354 0.581944 0.012500 0.039815
4 0.684635 0.586574 0.018229 0.036111
4 0.676042 0.631481 0.010417 0.035185
4 0.700000 0.654630 0.013542 0.046296
4 0.704167 0.630556 0.015625 0.044444
4 0.726562 0.634259 0.012500 0.042593
4 0.736458 0.632870 0.010417 0.039815
4 0.758594 0.592593 0.018229 0.031481
4 0.696875 0.586574 0.014583 0.036111
4 0.713021 0.586111 0.025000 0.040741
4 0.725260 0.590278 0.013021 0.037963
4 0.738542 0.591204 0.010417 0.036111
4 0.714844 0.550000 0.008854 0.037037
4 0.760417 0.552778 0.022917 0.027778
4 0.737240 0.547685 0.020313 0.032407
4 0.780990 0.498611 0.022396 0.025000
4 0.772917 0.455556 0.016667 0.025926
