0 0.260294 0.018301 0.057353 0.036601
0 0.182721 0.453595 0.109559 0.143791
4 0.205882 0.631373 0.030882 0.070588
4 0.226838 0.733333 0.022794 0.086275
4 0.228309 0.926797 0.043382 0.096732
1 0.356250 0.030719 0.083088 0.061438
0 0.421691 0.077124 0.074265 0.088889
4 0.524632 0.324837 0.025735 0.048366
4 0.628676 0.199346 0.019118 0.045752
4 0.566912 0.405229 0.025000 0.047059
4 0.571691 0.808497 0.043382 0.048366
4 0.673529 0.695425 0.038235 0.070588
4 0.781618 0.747712 0.033824 0.073203
0 0.686029 0.972549 0.097059 0.054902
4 0.644853 0.036601 0.017647 0.044444
0 0.645956 0.094118 0.071324 0.122876
1 0.731618 0.062092 0.060294 0.124183
