0 0.576042 0.849537 0.140625 0.239815
0 0.385417 0.895833 0.142708 0.208333
0 0.391667 0.712963 0.078125 0.125926
4 0.412760 0.619907 0.030729 0.036111
4 0.548958 0.585648 0.017708 0.034259
4 0.488542 0.530556 0.006250 0.016667
4 0.482031 0.533333 0.003646 0.016667
4 0.473438 0.531481 0.004167 0.011111
0 0.451042 0.556019 0.026042 0.041667
3 0.458854 0.521759 0.028125 0.067593
0 0.443750 0.524074 0.011458 0.020370
0 0.441927 0.514815 0.014063 0.024074
0 0.644271 0.562037 0.052083 0.048148
0 0.608333 0.554630 0.036458 0.046296
0 0.589583 0.548611 0.032292 0.034259
0 0.580469 0.548148 0.030729 0.035185
0 0.573438 0.543056 0.038542 0.030556
0 0.545833 0.527778 0.041667 0.024074
0 0.498177 0.518056 0.013021 0.021296
0 0.513542 0.512500 0.025000 0.026852
