4 0.591146 0.896296 0.011458 0.051852
4 0.556771 0.881481 0.011458 0.048148
4 0.363542 0.762037 0.029167 0.031481
4 0.366146 0.741667 0.032292 0.038889
4 0.398438 0.697222 0.009375 0.031481
4 0.420833 0.654630 0.010417 0.035185
4 0.510938 0.700000 0.009375 0.025926
2 0.557813 0.645370 0.046875 0.083333
0 0.484896 0.631481 0.028125 0.048148
4 0.514583 0.631481 0.008333 0.022222
0 0.417187 0.564815 0.021875 0.048148
0 0.531250 0.553704 0.022917 0.033333
0 0.525000 0.521296 0.022917 0.031481
0 0.512500 0.494444 0.020833 0.037037
0 0.505729 0.474074 0.017708 0.025926
0 0.532292 0.465741 0.033333 0.024074
4 0.500521 0.455556 0.015625 0.018519
0 0.490625 0.520370 0.018750 0.037037
4 0.498437 0.503704 0.007292 0.014815
4 0.478125 0.541667 0.006250 0.020370
4 0.471875 0.529630 0.004167 0.018519
4 0.459375 0.522222 0.006250 0.022222
4 0.419792 0.538889 0.008333 0.014815
0 0.431771 0.499074 0.019792 0.031481
4 0.456250 0.486111 0.006250 0.027778
0 0.433333 0.470370 0.014583 0.029630
1 0.429167 0.440741 0.016667 0.033333
4 0.410938 0.473148 0.005208 0.020370
1 0.382812 0.543519 0.023958 0.064815
0 0.447917 0.408333 0.014583 0.024074
4 0.481771 0.402778 0.007292 0.016667
0 0.470833 0.370370 0.012500 0.018519
4 0.461458 0.388889 0.004167 0.011111
4 0.425521 0.412037 0.005208 0.012963
1 0.428125 0.361111 0.008333 0.022222
4 0.413542 0.390741 0.006250 0.011111
4 0.420312 0.351852 0.003125 0.007407
0 0.424479 0.340741 0.009375 0.014815
0 0.438021 0.325926 0.007292 0.011111
1 0.431771 0.313889 0.005208 0.012963
0 0.421354 0.315741 0.007292 0.012963
2 0.431250 0.290741 0.006250 0.018519
