1 0.831985 0.089542 0.058088 0.056209
0 0.793750 0.068627 0.038971 0.032680
0 0.764706 0.022222 0.030882 0.028758
0 0.657721 0.482353 0.044853 0.094118
0 0.522794 0.514379 0.044118 0.103268
0 0.545956 0.400654 0.034559 0.066667
0 0.513235 0.237908 0.029412 0.060131
0 0.603676 0.260131 0.029412 0.052288
0 0.527574 0.151634 0.022794 0.041830
0 0.466912 0.103922 0.022059 0.048366
2 0.657721 0.045752 0.038971 0.083660
0 0.452206 0.355556 0.035294 0.088889
0 0.376838 0.405229 0.041912 0.096732
1 0.397794 0.158824 0.025000 0.064052
0 0.407721 0.079085 0.021324 0.040523
0 0.419118 0.043137 0.022059 0.033987
4 0.430882 0.116340 0.007353 0.028758
4 0.483824 0.042484 0.007353 0.022222
1 0.415074 0.018301 0.021324 0.036601
2 0.343750 0.013072 0.025735 0.026144
4 0.275735 0.319608 0.011765 0.032680
1 0.099632 0.682353 0.072794 0.159477
0 0.031618 0.373856 0.063235 0.078431
1 0.038603 0.294118 0.052206 0.073203
4 0.110294 0.260784 0.011765 0.035294
0 0.118015 0.201961 0.071324 0.053595
