0 0.636029 0.950327 0.092647 0.099346
0 0.670221 0.813725 0.075735 0.121569
0 0.493015 0.845098 0.061029 0.155556
0 0.416912 0.841176 0.060294 0.166013
4 0.224632 0.973203 0.046324 0.053595
4 0.842647 0.874510 0.044118 0.049673
0 0.564706 0.737255 0.058824 0.096732
1 0.647059 0.679739 0.067647 0.104575
4 0.691544 0.651634 0.030147 0.043137
4 0.679412 0.646405 0.026471 0.037908
4 0.758088 0.627451 0.033824 0.039216
4 0.735294 0.596732 0.030882 0.035294
4 0.715441 0.569935 0.027941 0.036601
4 0.699265 0.553595 0.019118 0.035294
4 0.641176 0.550980 0.027941 0.032680
0 0.469485 0.697386 0.046324 0.105882
0 0.405882 0.656863 0.042647 0.092810
0 0.461397 0.603268 0.041912 0.090196
2 0.407721 0.537255 0.031618 0.060131
4 0.555147 0.506536 0.011765 0.037908
0 0.476471 0.454902 0.030882 0.044444
1 0.601838 0.464706 0.059559 0.053595
0 0.592279 0.438562 0.055147 0.037908
4 0.561765 0.430719 0.016176 0.037908
4 0.583824 0.407190 0.017647 0.024837
4 0.542279 0.439216 0.008088 0.028758
0 0.515809 0.422876 0.046324 0.045752
0 0.436397 0.430719 0.025735 0.045752
0 0.426103 0.367974 0.021324 0.035294
0 0.451103 0.328105 0.016912 0.028758
4 0.497426 0.377778 0.008088 0.023529
0 0.535294 0.347712 0.036765 0.028758
0 0.529779 0.337908 0.034559 0.024837
0 0.520221 0.318954 0.043382 0.028758
4 0.497794 0.295425 0.011765 0.015686
1 0.523897 0.271242 0.024265 0.024837
0 0.381985 0.313072 0.019853 0.027451
0 0.439338 0.284967 0.015441 0.026144
1 0.433088 0.260131 0.011765 0.026144
0 0.428309 0.251634 0.011029 0.016993
1 0.466544 0.252288 0.011029 0.023529
4 0.403309 0.281046 0.011029 0.015686
0 0.421691 0.226797 0.011029 0.016993
0 0.410294 0.220915 0.023529 0.018301
2 0.437132 0.229412 0.009559 0.019608
0 0.434926 0.222222 0.011029 0.015686
4 0.448162 0.224183 0.003676 0.011765
0 0.333824 0.228758 0.025000 0.018301
0 0.363235 0.225490 0.023529 0.014379
0 0.397794 0.218954 0.014706 0.016993
0 0.412868 0.209150 0.009559 0.013072
1 0.415809 0.201307 0.008088 0.013072
0 0.390441 0.194118 0.010294 0.014379
0 0.396324 0.188235 0.007353 0.010458
0 0.411397 0.182353 0.008088 0.011765
4 0.434191 0.200654 0.003676 0.009150
1 0.395588 0.177124 0.007353 0.014379
0 0.391176 0.162745 0.007353 0.011765
