1 0.487500 0.932026 0.086765 0.135948
0 0.965441 0.865359 0.069118 0.180392
4 0.192279 0.312418 0.036029 0.039216
4 0.226103 0.410458 0.024265 0.041830
0 0.474265 0.435948 0.051471 0.087582
4 0.609926 0.592157 0.046324 0.049673
4 0.515074 0.393464 0.015441 0.049673
1 0.966544 0.303922 0.066912 0.074510
0 0.964338 0.479085 0.071324 0.082353
0 0.852574 0.529412 0.115441 0.094118
0 0.883824 0.595425 0.114706 0.100654
0 0.463235 0.239869 0.042647 0.064052
0 0.334926 0.213725 0.036029 0.064052
4 0.272426 0.190196 0.011029 0.035294
0 0.319118 0.134641 0.030882 0.060131
1 0.344485 0.068627 0.025735 0.043137
0 0.423529 0.018301 0.058824 0.036601
