0 0.647396 0.175926 0.009375 0.011111
0 0.616667 0.207407 0.010417 0.014815
0 0.598437 0.214815 0.011458 0.014815
0 0.571875 0.271296 0.014583 0.016667
0 0.603125 0.241667 0.010417 0.016667
0 0.698438 0.279630 0.013542 0.022222
0 0.602604 0.299074 0.013542 0.020370
0 0.594271 0.339815 0.013542 0.020370
0 0.507292 0.373148 0.016667 0.027778
2 0.616146 0.254630 0.015625 0.031481
4 0.623958 0.360185 0.004167 0.020370
0 0.674479 0.365741 0.015625 0.024074
4 0.634896 0.396296 0.005208 0.018519
2 0.553125 0.400926 0.033333 0.101852
2 0.591146 0.406481 0.023958 0.053704
2 0.496354 0.500926 0.051042 0.142593
2 0.425521 0.493519 0.036458 0.079630
2 0.473438 0.913889 0.076042 0.172222
4 0.025000 0.932407 0.031250 0.042593
1 0.265104 0.536111 0.042708 0.042593
0 0.270313 0.583333 0.034375 0.051852
4 0.254167 0.680556 0.022917 0.027778
0 0.371354 0.651852 0.036458 0.070370
4 0.133854 0.721296 0.021875 0.027778
1 0.894271 0.757407 0.065625 0.107407
4 0.609896 0.612963 0.009375 0.029630
4 0.760417 0.562037 0.020833 0.027778
4 0.917187 0.529630 0.021875 0.022222
4 0.935417 0.516667 0.016667 0.018519
4 0.977604 0.534259 0.019792 0.024074
4 0.991667 0.550000 0.016667 0.022222
