0 0.826042 0.934259 0.125000 0.131481
0 0.239062 0.600926 0.082292 0.068519
0 0.120313 0.555556 0.082292 0.062963
0 0.014583 0.452778 0.029167 0.083333
0 0.500000 0.493519 0.037500 0.083333
0 0.484375 0.301852 0.029167 0.066667
2 0.572917 0.256481 0.033333 0.079630
4 0.551562 0.274074 0.009375 0.029630
4 0.518229 0.298148 0.009375 0.033333
2 0.536979 0.280556 0.019792 0.057407
0 0.962500 0.545370 0.075000 0.072222
1 0.872396 0.554630 0.069792 0.064815
0 0.798438 0.444444 0.053125 0.055556
0 0.846875 0.327778 0.027083 0.025926
0 0.859896 0.301852 0.038542 0.037037
0 0.521875 0.174074 0.018750 0.040741
4 0.501042 0.166667 0.006250 0.022222
0 0.473958 0.102778 0.016667 0.035185
0 0.342708 0.180556 0.020833 0.053704
0 0.308854 0.205556 0.021875 0.051852
4 0.866667 0.698148 0.041667 0.029630
