4 0.258824 0.181699 0.032353 0.086275
0 0.956985 0.069935 0.086029 0.121569
4 0.915809 0.095425 0.025735 0.067974
4 0.893382 0.126144 0.038235 0.071895
4 0.921691 0.187582 0.049265 0.058824
0 0.955147 0.229412 0.089706 0.118954
0 0.947794 0.436601 0.104412 0.154248
0 0.872059 0.716340 0.195588 0.209150
0 0.818382 0.526144 0.164706 0.160784
4 0.697426 0.456209 0.049265 0.062745
4 0.751471 0.086275 0.025000 0.075817
4 0.748162 0.162745 0.041912 0.079739
4 0.677206 0.113725 0.019118 0.067974
4 0.710294 0.201307 0.023529 0.075817
1 0.655515 0.320261 0.130147 0.159477
4 0.591912 0.095425 0.022059 0.078431
4 0.366544 0.105229 0.050735 0.053595
4 0.509926 0.018954 0.021324 0.037908
4 0.466176 0.034641 0.032353 0.053595
4 0.463603 0.022876 0.031618 0.045752
4 0.498897 0.018301 0.022794 0.036601
