4 0.567708 0.783333 0.016667 0.066667
4 0.544792 0.743519 0.016667 0.061111
0 0.636458 0.695370 0.052083 0.101852
0 0.662500 0.600000 0.066667 0.077778
4 0.560417 0.550000 0.035417 0.040741
4 0.315625 0.554630 0.033333 0.050000
4 0.021875 0.537963 0.029167 0.035185
4 0.041146 0.726852 0.061458 0.053704
4 0.056771 0.701852 0.048958 0.051852
4 0.062500 0.670370 0.045833 0.051852
4 0.122917 0.676852 0.039583 0.046296
4 0.135417 0.645370 0.043750 0.046296
2 0.037500 0.465741 0.075000 0.057407
2 0.067187 0.444444 0.088542 0.048148
0 0.021875 0.399074 0.041667 0.038889
4 0.147917 0.480556 0.025000 0.035185
0 0.090625 0.428704 0.068750 0.038889
1 0.105729 0.412037 0.059375 0.042593
0 0.139583 0.385185 0.060417 0.044444
0 0.155208 0.374074 0.052083 0.029630
1 0.157812 0.357407 0.053125 0.037037
0 0.178646 0.350000 0.046875 0.033333
0 0.189583 0.338889 0.050000 0.033333
1 0.207292 0.361111 0.027083 0.048148
4 0.008854 0.357407 0.017708 0.025926
4 0.013021 0.350926 0.015625 0.024074
4 0.030208 0.336111 0.014583 0.020370
4 0.056771 0.321296 0.013542 0.020370
4 0.069271 0.317593 0.019792 0.016667
4 0.077604 0.311111 0.015625 0.018519
1 0.178125 0.290741 0.039583 0.033333
4 0.534375 0.468519 0.029167 0.037037
4 0.591146 0.433333 0.017708 0.025926
4 0.670833 0.487963 0.020833 0.031481
4 0.628646 0.477778 0.030208 0.033333
4 0.632812 0.399074 0.017708 0.024074
4 0.629687 0.441667 0.013542 0.031481
4 0.642188 0.466667 0.021875 0.033333
4 0.640104 0.445370 0.019792 0.027778
4 0.645833 0.456481 0.020833 0.031481
4 0.663542 0.471296 0.018750 0.031481
4 0.692187 0.446296 0.023958 0.029630
0 0.788021 0.456481 0.080208 0.057407
4 0.602604 0.342593 0.007292 0.025926
4 0.657292 0.337037 0.008333 0.022222
4 0.666146 0.341667 0.013542 0.024074
4 0.638021 0.335185 0.007292 0.022222
4 0.614062 0.340741 0.011458 0.025926
4 0.530729 0.375926 0.017708 0.029630
4 0.481771 0.421296 0.017708 0.031481
4 0.492708 0.361111 0.006250 0.025926
4 0.509896 0.330556 0.005208 0.020370
4 0.484375 0.335185 0.006250 0.025926
4 0.399479 0.400000 0.009375 0.029630
0 0.360417 0.399074 0.027083 0.042593
1 0.369271 0.368519 0.026042 0.040741
0 0.378125 0.349074 0.020833 0.031481
0 0.380729 0.328704 0.019792 0.031481
1 0.390625 0.310185 0.020833 0.031481
0 0.396354 0.290741 0.017708 0.025926
0 0.421354 0.287037 0.015625 0.029630
4 0.329688 0.367593 0.009375 0.024074
4 0.386458 0.260185 0.004167 0.016667
4 0.431250 0.271296 0.006250 0.016667
0 0.428646 0.214815 0.009375 0.014815
0 0.434896 0.189815 0.007292 0.012963
1 0.490104 0.197222 0.013542 0.012963
4 0.403646 0.228704 0.003125 0.012963
0 0.599479 0.280556 0.021875 0.031481
