4 0.426838 0.928105 0.013971 0.054902
4 0.504412 0.590850 0.013235 0.049673
4 0.577574 0.560784 0.012500 0.049673
4 0.576103 0.522222 0.012500 0.043137
4 0.627206 0.924837 0.022059 0.079739
4 0.683824 0.635294 0.023529 0.041830
0 0.127206 0.255556 0.066176 0.053595
4 0.138603 0.186275 0.022794 0.030065
0 0.201838 0.126144 0.050735 0.035294
2 0.401103 0.187582 0.033088 0.077124
0 0.432721 0.088235 0.034559 0.043137
0 0.493015 0.056209 0.018382 0.033987
1 0.416544 0.032026 0.016912 0.045752
1 0.536765 0.271895 0.025000 0.065359
4 0.500735 0.235948 0.008824 0.032680
4 0.522426 0.112418 0.018382 0.026144
4 0.589338 0.133987 0.006618 0.027451
4 0.514706 0.088889 0.007353 0.023529
0 0.540441 0.033987 0.022059 0.031373
4 0.584191 0.200000 0.011029 0.028758
