1 0.169792 0.757870 0.140625 0.158333
0 0.174219 0.655093 0.140104 0.112037
0 0.345052 0.722685 0.149479 0.121296
0 0.539062 0.613889 0.106250 0.105556
0 0.528906 0.507407 0.063021 0.100000
0 0.704688 0.566204 0.111458 0.095370
0 0.652604 0.475000 0.070833 0.092593
0 0.636458 0.393519 0.055208 0.070370
0 0.557031 0.324074 0.047396 0.059259
0 0.509115 0.275463 0.049479 0.043519
0 0.453125 0.250926 0.060417 0.042593
0 0.624479 0.237500 0.026042 0.039815
0 0.637760 0.279630 0.034896 0.051852
0 0.347135 0.269444 0.060937 0.040741
1 0.167187 0.192130 0.057292 0.043519
0 0.174479 0.181944 0.046875 0.041667
0 0.103385 0.184722 0.033854 0.036111
0 0.066146 0.202778 0.038542 0.038889
0 0.068229 0.163889 0.043750 0.033333
0 0.027604 0.152315 0.037500 0.028704
0 0.261979 0.216667 0.051042 0.037037
0 0.355990 0.235185 0.056771 0.038889
0 0.570573 0.154167 0.019271 0.034259
1 0.936979 0.286111 0.055208 0.062963
1 0.936979 0.247685 0.044792 0.050926
4 0.274740 0.299537 0.022396 0.028704
4 0.492708 0.509722 0.021875 0.045370
4 0.515885 0.466667 0.017188 0.040741
4 0.575781 0.394907 0.019271 0.036111
4 0.588542 0.360648 0.014583 0.037963
4 0.603646 0.357870 0.012500 0.037963
4 0.654948 0.346296 0.021354 0.037037
4 0.486719 0.290278 0.019271 0.032407
4 0.747396 0.415278 0.020833 0.039815
4 0.594271 0.151852 0.007292 0.020370
4 0.598698 0.145833 0.005729 0.019444
