4 0.802574 0.055556 0.008088 0.022222
4 0.768015 0.067320 0.015441 0.022222
1 0.483088 0.113725 0.030882 0.057516
0 0.248529 0.020915 0.036765 0.028758
0 0.175368 0.020261 0.038971 0.030065
0 0.201471 0.035294 0.038235 0.039216
0 0.163235 0.054248 0.048529 0.032680
0 0.086765 0.049673 0.038235 0.033987
0 0.057353 0.022876 0.044118 0.040523
0 0.018015 0.041176 0.036029 0.032680
1 0.030515 0.096078 0.053676 0.048366
1 0.124632 0.079739 0.049265 0.052288
1 0.019485 0.139869 0.038971 0.054902
0 0.027574 0.128758 0.049265 0.045752
1 0.073897 0.110458 0.059559 0.048366
