1 0.623529 0.354248 0.060294 0.065359
0 0.231985 0.484314 0.086029 0.098039
4 0.450000 0.479085 0.022059 0.045752
0 0.442279 0.416340 0.065441 0.087582
0 0.331618 0.458170 0.091176 0.084967
0 0.157353 0.518954 0.054412 0.120261
0 0.075735 0.561438 0.085294 0.137255
0 0.358824 0.306536 0.075000 0.071895
0 0.295588 0.267974 0.072059 0.062745
1 0.364706 0.247059 0.032353 0.062745
0 0.161765 0.312418 0.083824 0.060131
4 0.145221 0.263399 0.025735 0.030065
0 0.185662 0.267974 0.047794 0.057516
0 0.096324 0.292810 0.048529 0.075817
1 0.309559 0.193464 0.055882 0.047059
0 0.224632 0.252941 0.028676 0.050980
0 0.528309 0.200000 0.061029 0.041830
1 0.612500 0.162092 0.064706 0.065359
0 0.566912 0.133987 0.035294 0.037908
4 0.372059 0.173203 0.019118 0.022222
4 0.362500 0.169281 0.014706 0.022222
0 0.232721 0.215686 0.068382 0.047059
