1 0.795588 0.856863 0.122059 0.286275
0 0.886029 0.577778 0.147059 0.125490
0 0.943015 0.683007 0.113971 0.150327
4 0.671324 0.672549 0.041176 0.077124
4 0.601838 0.829412 0.038971 0.113725
4 0.538971 0.699346 0.033824 0.094118
4 0.358824 0.613072 0.060294 0.070588
4 0.218750 0.610458 0.062500 0.070588
0 0.080882 0.563399 0.161765 0.128105
0 0.320956 0.311765 0.053676 0.084967
0 0.407353 0.247059 0.036765 0.070588
0 0.408824 0.196078 0.033824 0.060131
0 0.662500 0.305229 0.044118 0.066667
1 0.644485 0.255556 0.044853 0.074510
0 0.605147 0.222876 0.077941 0.061438
0 0.599265 0.190850 0.066176 0.052288
0 0.594485 0.167974 0.063971 0.043137
1 0.571691 0.134641 0.043382 0.041830
0 0.565074 0.124837 0.049265 0.040523
4 0.019853 0.711765 0.039706 0.074510
4 0.336397 0.357516 0.013971 0.048366
4 0.300000 0.290196 0.016176 0.047059
4 0.381250 0.276471 0.011029 0.043137
4 0.816544 0.366667 0.021324 0.032680
0 0.315441 0.107190 0.051471 0.036601
1 0.322426 0.091503 0.043382 0.039216
0 0.320588 0.078431 0.051471 0.033987
4 0.361029 0.070588 0.007353 0.023529
4 0.299632 0.043137 0.013971 0.015686
0 0.332353 0.037255 0.039706 0.024837
0 0.499632 0.022876 0.034559 0.030065
0 0.485662 0.015686 0.016912 0.026144
4 0.539338 0.137908 0.008088 0.030065
