0 0.602941 0.753595 0.075000 0.126797
0 0.525368 0.907190 0.093382 0.177778
1 0.675735 0.562092 0.041176 0.094118
0 0.322426 0.754902 0.090441 0.105882
0 0.432721 0.540523 0.066912 0.061438
0 0.155147 0.636601 0.086765 0.078431
0 0.139338 0.729412 0.087500 0.096732
0 0.296691 0.965359 0.069853 0.069281
0 0.343015 0.430719 0.049265 0.043137
0 0.370588 0.417647 0.044118 0.040523
1 0.385662 0.366667 0.036029 0.045752
1 0.200735 0.497386 0.064706 0.064052
0 0.791912 0.533987 0.039706 0.069281
0 0.951103 0.534641 0.043382 0.057516
0 0.758824 0.385621 0.025000 0.036601
0 0.731985 0.360131 0.024265 0.032680
0 0.755515 0.322876 0.018382 0.031373
0 0.820588 0.359477 0.020588 0.031373
0 0.840441 0.342484 0.020588 0.031373
1 0.835294 0.309804 0.017647 0.033987
0 0.826471 0.294118 0.014706 0.020915
0 0.829412 0.275163 0.013235 0.019608
1 0.863235 0.262092 0.020588 0.024837
1 0.833088 0.249673 0.011765 0.020915
0 0.820221 0.228105 0.009559 0.014379
0 0.844485 0.227451 0.009559 0.013072
0 0.825000 0.203922 0.008824 0.013072
0 0.867647 0.215033 0.008824 0.014379
0 0.840074 0.218301 0.008088 0.013072
0 0.844853 0.211111 0.008824 0.011765
0 0.863235 0.207190 0.008824 0.011765
0 0.871324 0.322876 0.017647 0.026144
4 0.856250 0.305229 0.006618 0.016993
4 0.201471 0.424837 0.008824 0.033987
4 0.273162 0.444444 0.009559 0.033987
4 0.266912 0.420915 0.013235 0.028758
4 0.239706 0.492810 0.026471 0.028758
4 0.194485 0.450980 0.011029 0.033987
4 0.566544 0.524183 0.013971 0.036601
4 0.508088 0.454248 0.016176 0.030065
4 0.400735 0.475163 0.025000 0.032680
0 0.609559 0.303268 0.027941 0.020915
0 0.990074 0.343791 0.019853 0.031373
1 0.985294 0.326144 0.019118 0.030065
0 0.983088 0.309804 0.017647 0.028758
1 0.939338 0.257516 0.018382 0.020915
1 0.938235 0.216340 0.010294 0.016993
