4 0.083824 0.327451 0.027941 0.027451
4 0.101471 0.254248 0.020588 0.024837
4 0.138603 0.242484 0.024265 0.022222
4 0.135662 0.218301 0.027206 0.023529
4 0.212500 0.678431 0.014706 0.047059
0 0.284191 0.622876 0.075735 0.108497
0 0.183088 0.098039 0.023529 0.033987
0 0.190074 0.049020 0.021324 0.037908
0 0.193015 0.018954 0.018382 0.030065
0 0.273162 0.060131 0.019853 0.033987
0 0.281985 0.129412 0.028676 0.047059
0 0.286397 0.227451 0.031618 0.049673
4 0.320956 0.212418 0.006618 0.027451
4 0.188235 0.226797 0.010294 0.032680
0 0.318382 0.016340 0.029412 0.022222
0 0.334559 0.028105 0.044118 0.027451
0 0.333824 0.103268 0.023529 0.039216
0 0.335662 0.139869 0.025735 0.039216
4 0.380515 0.176471 0.019853 0.023529
0 0.409926 0.150327 0.055147 0.039216
0 0.352574 0.218301 0.030147 0.049673
4 0.442279 0.260131 0.022794 0.031373
4 0.398897 0.326797 0.018382 0.028758
0 0.418750 0.350327 0.072794 0.054902
4 0.489706 0.296732 0.008824 0.039216
4 0.563235 0.213072 0.005882 0.031373
4 0.573529 0.215686 0.008824 0.026144
4 0.551471 0.267320 0.005882 0.032680
4 0.566544 0.262092 0.009559 0.030065
4 0.617279 0.269281 0.008088 0.033987
0 0.672794 0.291503 0.064706 0.047059
4 0.579044 0.324183 0.028676 0.026144
4 0.573897 0.345752 0.022794 0.032680
4 0.534559 0.366667 0.023529 0.032680
0 0.631250 0.366013 0.072794 0.054902
0 0.612868 0.422222 0.075735 0.054902
4 0.696324 0.256209 0.019118 0.036601
4 0.750735 0.250327 0.010294 0.027451
4 0.765441 0.248366 0.008824 0.028758
0 0.778309 0.380392 0.074265 0.060131
0 0.896691 0.242484 0.062500 0.045752
0 0.880515 0.360131 0.074265 0.053595
1 0.727941 0.729412 0.133824 0.138562
4 0.458088 0.421569 0.026471 0.030065
