0 0.729779 0.611111 0.062500 0.145098
0 0.571324 0.524183 0.088235 0.101961
0 0.445588 0.327451 0.058824 0.071895
0 0.477206 0.389542 0.044118 0.081046
0 0.331618 0.294118 0.050000 0.067974
0 0.441912 0.243137 0.055882 0.057516
0 0.357353 0.197386 0.036765 0.041830
0 0.322059 0.157516 0.036765 0.048366
0 0.287132 0.104575 0.030147 0.039216
0 0.208824 0.063399 0.027941 0.037908
1 0.429779 0.459477 0.063971 0.098039
4 0.404779 0.200654 0.013971 0.030065
4 0.050368 0.211765 0.018382 0.033987
0 0.131618 0.308497 0.086765 0.083660
0 0.137868 0.259477 0.088971 0.074510
4 0.030147 0.107190 0.020588 0.023529
4 0.033088 0.060784 0.016176 0.019608
4 0.033088 0.054902 0.016176 0.020915
0 0.054412 0.037908 0.036765 0.031373
0 0.059559 0.012418 0.038235 0.024837
4 0.100000 0.089542 0.022059 0.024837
4 0.098162 0.086928 0.019853 0.022222
0 0.143750 0.104575 0.025735 0.044444
0 0.148897 0.128105 0.030147 0.047059
0 0.138235 0.075817 0.023529 0.028758
0 0.119485 0.050327 0.037500 0.035294
0 0.133088 0.034641 0.019118 0.035294
4 0.165809 0.071895 0.009559 0.023529
0 0.233088 0.015686 0.022059 0.031373
4 0.301838 0.079085 0.018382 0.022222
4 0.386029 0.166013 0.022059 0.028758
4 0.379779 0.158170 0.019853 0.023529
4 0.469853 0.288235 0.026471 0.035294
4 0.575368 0.423529 0.030147 0.041830
4 0.601471 0.467320 0.032353 0.043137
4 0.320221 0.715686 0.019853 0.079739
4 0.545221 0.544444 0.028676 0.053595
4 0.721691 0.767974 0.053676 0.079739
4 0.291912 0.216340 0.011765 0.032680
