0 0.486458 0.277778 0.012500 0.025926
0 0.478125 0.315741 0.014583 0.027778
0 0.500000 0.434259 0.027083 0.046296
4 0.402604 0.485185 0.009375 0.018519
4 0.526563 0.525926 0.009375 0.022222
0 0.497917 0.574074 0.025000 0.055556
4 0.440625 0.567593 0.010417 0.035185
4 0.423437 0.562963 0.011458 0.037037
4 0.326042 0.751852 0.018750 0.044444
4 0.586458 0.817593 0.016667 0.061111
4 0.527604 0.649074 0.011458 0.035185
4 0.554688 0.964815 0.019792 0.066667
4 0.862500 0.939815 0.047917 0.053704
4 0.762500 0.982407 0.054167 0.035185
4 0.746875 0.955556 0.045833 0.048148
4 0.857292 0.914815 0.045833 0.044444
