4 0.306510 0.679167 0.017188 0.023148
4 0.325781 0.637963 0.011979 0.027778
4 0.330990 0.609722 0.013021 0.019444
4 0.367969 0.978704 0.011979 0.040741
0 0.401302 0.909722 0.032813 0.067593
0 0.453906 0.715741 0.039062 0.053704
0 0.458333 0.676852 0.016667 0.029630
4 0.548438 0.722685 0.007292 0.030556
4 0.573698 0.656019 0.006771 0.028704
0 0.536458 0.686574 0.019792 0.039815
0 0.495052 0.525463 0.020313 0.030556
0 0.513542 0.573148 0.019792 0.051852
4 0.513021 0.546759 0.008333 0.015741
0 0.546875 0.529167 0.017708 0.032407
0 0.567708 0.316667 0.008333 0.016667
0 0.567448 0.332407 0.008854 0.018519
0 0.569531 0.350000 0.010937 0.016667
0 0.561198 0.363889 0.008854 0.022222
4 0.517969 0.518519 0.004687 0.020370
0 0.548438 0.419907 0.011458 0.023148
0 0.543490 0.457870 0.016146 0.032407
