0 0.963603 0.424837 0.072794 0.101961
0 0.839706 0.547712 0.101471 0.128105
4 0.806985 0.492157 0.038971 0.048366
4 0.703309 0.486275 0.040441 0.052288
0 0.663235 0.368627 0.073529 0.091503
1 0.602206 0.296078 0.072059 0.084967
0 0.524632 0.249020 0.069853 0.087582
0 0.481250 0.190850 0.058088 0.075817
0 0.445221 0.148366 0.061029 0.061438
0 0.426838 0.117647 0.056618 0.057516
0 0.369853 0.146405 0.048529 0.062745
4 0.339338 0.092810 0.011029 0.041830
4 0.255147 0.058170 0.013235 0.035294
0 0.276471 0.039869 0.045588 0.053595
0 0.359559 0.060784 0.058824 0.056209
1 0.391912 0.072549 0.061765 0.077124
0 0.246691 0.239216 0.059559 0.086275
0 0.375000 0.428758 0.076471 0.130719
0 0.520956 0.656863 0.105147 0.160784
4 0.387868 0.822222 0.033088 0.081046
0 0.261765 0.407190 0.076471 0.113725
0 0.143750 0.077124 0.046324 0.065359
0 0.068750 0.039869 0.040441 0.061438
0 0.131618 0.520261 0.069118 0.130719
1 0.095956 0.372549 0.059559 0.138562
4 0.013971 0.190850 0.027941 0.039216
0 0.024632 0.160131 0.049265 0.077124
1 0.020588 0.105229 0.041176 0.069281
4 0.087868 0.752288 0.027206 0.079739
4 0.384559 0.730065 0.023529 0.079739
