0 0.300368 0.883660 0.053676 0.141176
0 0.454044 0.814379 0.046324 0.141176
0 0.423529 0.592810 0.047059 0.126797
0 0.396691 0.461438 0.049265 0.128105
0 0.485662 0.315686 0.046324 0.126797
0 0.551103 0.366667 0.049265 0.126797
0 0.681618 0.439216 0.075000 0.083660
0 0.708088 0.352941 0.069118 0.073203
0 0.709559 0.275817 0.076471 0.067974
0 0.720956 0.183660 0.069853 0.061438
0 0.735294 0.109804 0.072059 0.070588
0 0.752206 0.022876 0.058824 0.045752
1 0.137868 0.610458 0.047794 0.107190
0 0.546324 0.050327 0.045588 0.100654
0 0.502206 0.034641 0.044118 0.069281
4 0.331985 0.732026 0.016912 0.044444
4 0.518382 0.791503 0.017647 0.058824
4 0.557721 0.512418 0.013971 0.044444
4 0.412868 0.308497 0.013971 0.039216
0 0.021691 0.332026 0.043382 0.073203
4 0.084191 0.548366 0.016912 0.043137
4 0.128309 0.523529 0.016912 0.050980
4 0.067279 0.543791 0.018382 0.041830
4 0.079412 0.496732 0.022059 0.041830
4 0.118750 0.506536 0.018382 0.045752
4 0.077206 0.464706 0.022059 0.043137
4 0.066912 0.448366 0.020588 0.044444
4 0.056250 0.446405 0.024265 0.045752
4 0.026103 0.418301 0.015441 0.052288
4 0.241176 0.456209 0.019118 0.052288
4 0.275735 0.465359 0.022059 0.028758
4 0.256250 0.353595 0.024265 0.035294
4 0.697794 0.535948 0.023529 0.020915
4 0.793015 0.162092 0.024265 0.033987
4 0.777574 0.149673 0.021324 0.035294
