1 0.164062 0.311111 0.028125 0.037037
1 0.108333 0.490741 0.064583 0.096296
4 0.006250 0.572222 0.012500 0.037037
4 0.009896 0.594444 0.009375 0.029630
4 0.018229 0.600926 0.017708 0.053704
4 0.115625 0.554630 0.018750 0.031481
4 0.214062 0.437963 0.023958 0.035185
4 0.363542 0.429630 0.012500 0.025926
4 0.310937 0.522222 0.011458 0.033333
4 0.330729 0.514815 0.013542 0.033333
4 0.345313 0.507407 0.011458 0.033333
1 0.528125 0.285185 0.025000 0.037037
1 0.590104 0.295370 0.046875 0.046296
1 0.490625 0.243519 0.037500 0.027778
