0 0.608088 0.171895 0.022059 0.037908
0 0.589706 0.171895 0.026471 0.037908
0 0.565441 0.177124 0.026471 0.043137
0 0.524632 0.127451 0.033088 0.024837
0 0.506985 0.226144 0.019853 0.036601
0 0.527206 0.177124 0.022059 0.032680
0 0.544118 0.215686 0.038235 0.026144
0 0.530515 0.240523 0.019853 0.033987
0 0.551471 0.298693 0.057353 0.030065
0 0.555147 0.318301 0.051471 0.040523
0 0.540809 0.341830 0.052206 0.043137
0 0.546691 0.379739 0.037500 0.053595
0 0.568015 0.472549 0.030147 0.066667
0 0.563603 0.528758 0.058088 0.079739
0 0.569485 0.590850 0.078676 0.083660
0 0.581618 0.708497 0.066176 0.104575
0 0.616176 0.781699 0.072059 0.115033
0 0.694118 0.816993 0.089706 0.112418
1 0.731618 0.901307 0.117647 0.098039
4 0.767647 0.983007 0.052941 0.033987
4 0.676103 0.526144 0.008088 0.045752
4 0.567647 0.413072 0.014706 0.031373
4 0.601103 0.311765 0.019853 0.027451
1 0.573529 0.135294 0.033824 0.030065
0 0.566912 0.127451 0.033824 0.027451
4 0.542279 0.111765 0.006618 0.019608
4 0.528309 0.113072 0.006618 0.019608
4 0.487500 0.108497 0.007353 0.020915
4 0.440809 0.116993 0.006618 0.019608
4 0.445221 0.107190 0.006618 0.023529
0 0.512500 0.145752 0.038235 0.027451
1 0.480882 0.122876 0.039706 0.028758
4 0.422426 0.104575 0.016912 0.018301
4 0.413971 0.137908 0.013235 0.014379
4 0.376103 0.111111 0.011029 0.020915
0 0.391912 0.120915 0.019118 0.030065
0 0.408088 0.115686 0.016176 0.032680
0 0.374265 0.171895 0.019118 0.037908
0 0.359559 0.188889 0.036765 0.040523
0 0.381985 0.205882 0.022794 0.040523
0 0.358824 0.216340 0.044118 0.032680
0 0.352206 0.231373 0.051471 0.033987
0 0.336029 0.257516 0.054412 0.036601
0 0.445588 0.271242 0.020588 0.045752
0 0.404412 0.285621 0.025000 0.048366
0 0.371691 0.300000 0.038971 0.045752
0 0.369853 0.344444 0.055882 0.037908
0 0.391176 0.403268 0.033824 0.056209
0 0.352941 0.394118 0.027941 0.053595
0 0.355515 0.447712 0.065441 0.045752
2 0.345956 0.484967 0.084559 0.054902
1 0.340441 0.513072 0.072059 0.061438
0 0.365809 0.571242 0.083088 0.083660
0 0.316176 0.671895 0.091176 0.062745
0 0.301838 0.761438 0.080147 0.132026
0 0.326103 0.884967 0.091912 0.128105
0 0.286765 0.950980 0.080882 0.098039
0 0.311765 0.296732 0.052941 0.039216
0 0.300368 0.279739 0.053676 0.033987
0 0.276103 0.232680 0.043382 0.033987
1 0.273529 0.249673 0.047059 0.049673
1 0.257721 0.159477 0.019853 0.041830
0 0.279779 0.164706 0.018382 0.028758
0 0.231618 0.216993 0.044118 0.036601
0 0.250735 0.125490 0.019118 0.018301
