0 0.584559 0.067974 0.007353 0.010458
0 0.550735 0.071242 0.008824 0.011765
0 0.565809 0.067320 0.006618 0.011765
0 0.576838 0.078431 0.006618 0.010458
0 0.570588 0.093464 0.008824 0.011765
1 0.575368 0.109804 0.009559 0.020915
4 0.590441 0.094118 0.001471 0.010458
0 0.600735 0.145098 0.013235 0.023529
0 0.626838 0.352941 0.034559 0.054902
0 0.548529 0.133333 0.013235 0.020915
0 0.551838 0.146405 0.015441 0.023529
0 0.553676 0.161438 0.014706 0.030065
0 0.551471 0.175817 0.016176 0.024837
0 0.553676 0.189542 0.017647 0.028758
1 0.554044 0.204575 0.018382 0.043137
0 0.555882 0.228758 0.022059 0.036601
0 0.549632 0.249020 0.024265 0.045752
0 0.547426 0.283660 0.028676 0.047059
0 0.551838 0.316993 0.031618 0.061438
0 0.545956 0.365359 0.034559 0.061438
0 0.558456 0.418954 0.038971 0.074510
1 0.542647 0.462745 0.042647 0.112418
0 0.512868 0.193464 0.019853 0.031373
0 0.490809 0.262092 0.027206 0.043137
0 0.500368 0.324837 0.030147 0.056209
0 0.489706 0.366013 0.036765 0.075817
0 0.475368 0.443791 0.044853 0.087582
0 0.702574 0.154902 0.015441 0.022222
0 0.696324 0.164706 0.029412 0.020915
1 0.709559 0.188889 0.014706 0.032680
0 0.728309 0.211111 0.022794 0.032680
1 0.941912 0.492157 0.052941 0.108497
4 0.987500 0.396078 0.023529 0.039216
4 0.988235 0.452288 0.022059 0.047059
4 0.789706 0.599346 0.045588 0.056209
0 0.452206 0.130065 0.029412 0.014379
0 0.450000 0.147059 0.029412 0.022222
0 0.422794 0.174510 0.036765 0.024837
0 0.427206 0.170588 0.030882 0.019608
0 0.399265 0.222222 0.029412 0.041830
0 0.380515 0.268627 0.038971 0.043137
4 0.351838 0.230719 0.011029 0.024837
4 0.386397 0.322876 0.009559 0.033987
4 0.160662 0.965359 0.043382 0.069281
4 0.422794 0.522222 0.030882 0.053595
4 0.332721 0.349020 0.012500 0.033987
4 0.302941 0.375817 0.023529 0.037908
4 0.268382 0.483007 0.019118 0.050980
4 0.236397 0.432680 0.030147 0.041830
4 0.271691 0.169935 0.011029 0.020915
4 0.263603 0.177124 0.012500 0.022222
4 0.233824 0.257516 0.022059 0.023529
4 0.226471 0.266667 0.014706 0.020915
4 0.249265 0.286928 0.019118 0.037908
1 0.227941 0.396078 0.089706 0.094118
4 0.199265 0.350327 0.029412 0.033987
4 0.179412 0.337908 0.025000 0.037908
0 0.109559 0.620261 0.147059 0.129412
4 0.014706 0.437255 0.020588 0.053595
4 0.029412 0.434641 0.017647 0.048366
4 0.009926 0.330065 0.015441 0.040523
4 0.022794 0.350980 0.014706 0.043137
4 0.047059 0.358824 0.011765 0.037908
4 0.038971 0.345098 0.013235 0.039216
4 0.152206 0.371242 0.013235 0.044444
4 0.138603 0.383007 0.012500 0.044444
4 0.141544 0.333333 0.024265 0.033987
4 0.178676 0.319608 0.011765 0.032680
4 0.129412 0.353595 0.016176 0.035294
4 0.090441 0.377124 0.019118 0.045752
4 0.086765 0.354902 0.013235 0.030065
4 0.088603 0.347059 0.012500 0.040523
4 0.109926 0.352941 0.013971 0.033987
4 0.110662 0.332680 0.009559 0.043137
4 0.149265 0.297386 0.017647 0.027451
4 0.160662 0.315033 0.016912 0.036601
4 0.094118 0.339216 0.011765 0.040523
