0 0.542279 0.835948 0.036029 0.040523
4 0.537868 0.907843 0.012500 0.011765
4 0.541176 0.899346 0.013235 0.010458
4 0.540809 0.881699 0.012500 0.011765
4 0.543015 0.869281 0.012500 0.013072
0 0.535294 0.777778 0.039706 0.047059
0 0.537132 0.714379 0.037500 0.037908
0 0.463235 0.730719 0.013235 0.067974
0 0.498162 0.633333 0.018382 0.066667
0 0.369853 0.860784 0.033824 0.040523
0 0.440074 0.620915 0.015441 0.067974
0 0.398162 0.605229 0.015441 0.067974
4 0.413235 0.620915 0.007353 0.026144
0 0.368750 0.411765 0.037500 0.028758
0 0.366544 0.325490 0.036029 0.033987
0 0.365809 0.266667 0.037500 0.041830
0 0.466912 0.413072 0.019118 0.065359
4 0.551103 0.384967 0.012500 0.009150
4 0.545956 0.402614 0.012500 0.010458
4 0.558824 0.404575 0.011765 0.009150
4 0.556985 0.418301 0.012500 0.013072
4 0.509191 0.419608 0.013971 0.010458
4 0.508088 0.410458 0.014706 0.007843
4 0.504044 0.375163 0.008088 0.020915
4 0.478676 0.337908 0.005882 0.024837
4 0.464706 0.301961 0.005882 0.023529
4 0.506250 0.259477 0.013971 0.009150
0 0.488235 0.279085 0.017647 0.066667
4 0.473529 0.271242 0.004412 0.024837
0 0.487500 0.199346 0.013235 0.064052
4 0.506250 0.215686 0.012500 0.013072
4 0.511397 0.209804 0.009559 0.011765
4 0.506250 0.194771 0.012500 0.015686
4 0.551471 0.192810 0.011765 0.016993
4 0.550368 0.181699 0.012500 0.010458
4 0.550000 0.166667 0.013235 0.011765
0 0.451838 0.180392 0.015441 0.062745
4 0.406985 0.236601 0.005147 0.023529
4 0.408088 0.139216 0.005882 0.030065
0 0.367279 0.128105 0.034559 0.036601
4 0.407353 0.047059 0.005882 0.020915
