4 0.287132 0.552941 0.038971 0.096732
0 0.306985 0.415686 0.116912 0.135948
1 0.365074 0.255556 0.053676 0.129412
0 0.466912 0.386275 0.051471 0.124183
4 0.446324 0.179739 0.011765 0.045752
0 0.482721 0.238562 0.043382 0.090196
0 0.495221 0.149673 0.034559 0.066667
0 0.497426 0.059477 0.030147 0.053595
0 0.547794 0.087582 0.030882 0.049673
0 0.567647 0.201307 0.036765 0.065359
0 0.556985 0.316993 0.049265 0.095425
1 0.596324 0.479739 0.069118 0.141176
4 0.650735 0.349020 0.022059 0.049673
4 0.765074 0.411111 0.040441 0.048366
4 0.736397 0.338562 0.033088 0.047059
4 0.718015 0.311111 0.027206 0.049673
4 0.770221 0.205882 0.040441 0.048366
4 0.603309 0.069281 0.008088 0.023529
0 0.673897 0.067974 0.058088 0.044444
0 0.633824 0.027451 0.047059 0.041830
4 0.655147 0.041830 0.026471 0.026144
0 0.411765 0.888235 0.104412 0.223529
0 0.709559 0.931373 0.122059 0.137255
