4 0.321875 0.611111 0.029167 0.077778
4 0.407292 0.532407 0.020833 0.072222
4 0.575000 0.594444 0.025000 0.092593
4 0.571354 0.509259 0.034375 0.055556
4 0.559375 0.474074 0.022917 0.070370
2 0.501042 0.446296 0.045833 0.118519
4 0.435417 0.348148 0.014583 0.044444
4 0.676042 0.841667 0.054167 0.150000
4 0.683854 0.730556 0.078125 0.083333
4 0.888542 0.621296 0.031250 0.087037
0 0.926562 0.524074 0.111458 0.107407
4 0.720833 0.370370 0.031250 0.040741
2 0.687500 0.225926 0.108333 0.111111
4 0.521875 0.259259 0.025000 0.037037
4 0.500000 0.241667 0.010417 0.027778
4 0.508333 0.207407 0.008333 0.029630
4 0.490625 0.211111 0.010417 0.025926
4 0.472917 0.212963 0.010417 0.025926
4 0.469792 0.151852 0.008333 0.022222
4 0.493229 0.124074 0.007292 0.018519
1 0.437500 0.111111 0.014583 0.029630
4 0.460417 0.102778 0.004167 0.016667
4 0.477083 0.096296 0.006250 0.014815
4 0.484896 0.094444 0.005208 0.014815
1 0.531250 0.093519 0.029167 0.024074
0 0.543750 0.090741 0.029167 0.025926
1 0.477604 0.057407 0.009375 0.018519
