4 0.397426 0.433987 0.008088 0.020915
0 0.373897 0.444444 0.030147 0.049673
0 0.446691 0.424183 0.024265 0.045752
0 0.398897 0.357516 0.022794 0.043137
0 0.413971 0.313072 0.020588 0.030065
0 0.397059 0.334641 0.027941 0.031373
1 0.357721 0.323529 0.043382 0.035294
4 0.520221 0.292810 0.006618 0.015686
4 0.547059 0.266667 0.011765 0.013072
1 0.528676 0.220915 0.025000 0.020915
0 0.465074 0.192157 0.011029 0.018301
0 0.462132 0.187582 0.009559 0.016993
0 0.457353 0.177124 0.008824 0.014379
0 0.455515 0.171242 0.008088 0.013072
0 0.456250 0.166667 0.006618 0.011765
0 0.448897 0.137908 0.006618 0.014379
0 0.444485 0.130065 0.005147 0.011765
