4 0.679688 0.939815 0.020833 0.031481
4 0.536458 0.982870 0.007292 0.034259
0 0.509115 0.956019 0.040104 0.084259
4 0.392448 0.979167 0.013021 0.041667
0 0.449479 0.884722 0.037500 0.075000
4 0.553385 0.883796 0.008854 0.043519
4 0.541146 0.873148 0.010417 0.044444
0 0.365885 0.926389 0.036979 0.099074
0 0.325260 0.841667 0.059896 0.061111
4 0.283073 0.752315 0.027604 0.021296
0 0.362760 0.743519 0.055729 0.048148
0 0.405208 0.712963 0.027083 0.053704
4 0.483073 0.772685 0.006771 0.026852
4 0.479167 0.737963 0.006250 0.025926
4 0.501563 0.700000 0.006250 0.024074
0 0.524219 0.666204 0.022396 0.047222
0 0.480729 0.643519 0.022917 0.046296
4 0.534115 0.631944 0.017188 0.025000
4 0.550000 0.625926 0.013542 0.018519
4 0.489323 0.687500 0.006771 0.025000
4 0.539062 0.606481 0.010417 0.014815
0 0.542448 0.585648 0.017188 0.032407
4 0.434896 0.668519 0.005208 0.018519
4 0.386719 0.678704 0.010937 0.029630
4 0.398177 0.640278 0.013021 0.021296
4 0.431250 0.608796 0.006250 0.021296
4 0.443229 0.578704 0.006250 0.016667
0 0.462240 0.534722 0.016146 0.030556
0 0.540885 0.547222 0.017188 0.027778
4 0.536458 0.525926 0.015625 0.014815
0 0.534635 0.499074 0.015104 0.031481
0 0.528906 0.458333 0.011979 0.024074
0 0.520052 0.439352 0.017188 0.023148
4 0.506250 0.504630 0.005208 0.014815
4 0.499219 0.491204 0.004687 0.013889
4 0.497917 0.471296 0.004167 0.012963
4 0.496094 0.454167 0.003646 0.013889
4 0.487760 0.486574 0.003646 0.012037
4 0.468229 0.471759 0.004167 0.017593
4 0.462760 0.474537 0.003646 0.012037
4 0.416406 0.604167 0.006771 0.023148
0 0.421615 0.557407 0.017188 0.025926
0 0.427344 0.523611 0.016146 0.032407
0 0.426302 0.494444 0.016146 0.029630
0 0.440625 0.481944 0.013542 0.026852
0 0.435156 0.448148 0.013021 0.025926
1 0.442448 0.412963 0.011979 0.020370
0 0.446615 0.397685 0.011979 0.019444
0 0.516406 0.420833 0.011979 0.021296
4 0.526042 0.400926 0.012500 0.014815
0 0.138802 0.718981 0.056771 0.036111
4 0.048177 0.637963 0.009896 0.029630
4 0.040104 0.636574 0.008333 0.026852
4 0.171354 0.626852 0.009375 0.025926
4 0.269271 0.562037 0.012500 0.016667
4 0.239844 0.570370 0.010937 0.014815
4 0.251042 0.558333 0.012500 0.014815
4 0.275521 0.536574 0.015625 0.015741
4 0.286979 0.517130 0.010417 0.019444
4 0.331510 0.468981 0.014063 0.017593
4 0.359375 0.463889 0.010417 0.016667
4 0.494271 0.390278 0.004167 0.013889
4 0.499219 0.383333 0.004687 0.012963
0 0.451042 0.361111 0.012500 0.020370
1 0.353646 0.345370 0.011458 0.020370
4 0.365625 0.369907 0.010417 0.012037
0 0.503385 0.208796 0.004687 0.006481
4 0.488542 0.220370 0.003125 0.005556
0 0.432552 0.233796 0.006771 0.008333
1 0.438281 0.237500 0.005729 0.010185
0 0.444531 0.236111 0.008854 0.005556
0 0.497135 0.222685 0.004687 0.006481
1 0.509896 0.229630 0.005208 0.007407
4 0.496615 0.238426 0.002604 0.006481
0 0.510677 0.237037 0.004687 0.007407
0 0.500781 0.244444 0.004687 0.011111
0 0.489844 0.241667 0.004687 0.007407
0 0.490625 0.250926 0.005208 0.009259
4 0.497917 0.343519 0.004167 0.009259
4 0.494271 0.340741 0.002083 0.007407
4 0.489063 0.323611 0.003125 0.006481
4 0.501563 0.296759 0.002083 0.008333
4 0.498698 0.293056 0.002604 0.008333
4 0.499479 0.285185 0.002083 0.005556
4 0.499740 0.271296 0.002604 0.005556
4 0.495052 0.285648 0.002604 0.006481
4 0.496615 0.273611 0.002604 0.006481
4 0.496354 0.260648 0.002083 0.006481
4 0.492969 0.310185 0.003646 0.007407
0 0.491927 0.297222 0.006771 0.012963
4 0.483333 0.299074 0.003125 0.007407
4 0.489063 0.279167 0.002083 0.006481
4 0.491667 0.270370 0.002083 0.007407
0 0.483594 0.272222 0.006771 0.011111
4 0.484896 0.219907 0.002083 0.004630
0 0.473958 0.266204 0.006250 0.010185
0 0.471094 0.283796 0.005729 0.010185
4 0.476042 0.306944 0.002083 0.008333
4 0.473698 0.312500 0.002604 0.008333
4 0.477083 0.327778 0.004167 0.009259
0 0.461719 0.310185 0.006771 0.012963
