0 0.358824 0.506536 0.051471 0.074510
0 0.397426 0.563399 0.055147 0.083660
0 0.574632 0.525490 0.044853 0.067974
0 0.517647 0.396078 0.025000 0.036601
0 0.484926 0.306536 0.013971 0.027451
0 0.518750 0.319608 0.013971 0.027451
0 0.527206 0.353595 0.017647 0.032680
0 0.844118 0.477124 0.063235 0.062745
1 0.036765 0.760131 0.073529 0.150327
2 0.709559 0.514379 0.051471 0.087582
2 0.520956 0.290196 0.015441 0.031373
0 0.718750 0.365359 0.019853 0.022222
0 0.205147 0.372549 0.061765 0.036601
0 0.222426 0.359477 0.059559 0.033987
1 0.246691 0.343137 0.034559 0.027451
1 0.114706 0.441176 0.072059 0.037908
4 0.720221 0.803268 0.046324 0.050980
4 0.796324 0.983007 0.064706 0.033987
4 0.649632 0.496732 0.015441 0.041830
4 0.162132 0.523529 0.016912 0.032680
0 0.489706 0.277124 0.010294 0.023529
0 0.285294 0.317647 0.017647 0.031373
0 0.306250 0.315033 0.024265 0.033987
0 0.373897 0.279085 0.021324 0.019608
0 0.359559 0.247712 0.016176 0.024837
1 0.686765 0.326797 0.017647 0.033987
2 0.662500 0.313072 0.026471 0.035294
4 0.741176 0.566667 0.025000 0.037908
