0 0.447396 0.745370 0.055208 0.157407
1 0.496875 0.475926 0.039583 0.096296
1 0.391146 0.167593 0.021875 0.050000
1 0.202083 0.486111 0.058333 0.098148
1 0.066667 0.468519 0.060417 0.062963
2 0.127604 0.229630 0.094792 0.077778
2 0.615625 0.325000 0.043750 0.120370
4 0.611979 0.137037 0.015625 0.018519
4 0.344792 0.105556 0.016667 0.022222
0 0.357292 0.070370 0.035417 0.029630
0 0.409896 0.061111 0.017708 0.033333
0 0.386458 0.033333 0.035417 0.025926
1 0.364583 0.012963 0.029167 0.025926
0 0.410417 0.012963 0.031250 0.025926
