1 0.288971 0.666013 0.197059 0.278431
0 0.699265 0.501307 0.111765 0.134641
0 0.822059 0.439869 0.094118 0.126797
0 0.877206 0.315686 0.073529 0.095425
0 0.896324 0.186275 0.058824 0.074510
0 0.951103 0.078431 0.063971 0.054902
0 0.983824 0.100000 0.032353 0.061438
0 0.760662 0.135948 0.069853 0.065359
1 0.797059 0.118301 0.060294 0.064052
0 0.867647 0.066667 0.060294 0.057516
0 0.520956 0.264052 0.086029 0.067974
1 0.648897 0.203268 0.075735 0.084967
0 0.441544 0.308497 0.093382 0.112418
0 0.028676 0.088235 0.057353 0.056209
0 0.048529 0.116993 0.067647 0.061438
0 0.080147 0.121569 0.069118 0.054902
0 0.131250 0.135294 0.081618 0.043137
0 0.128676 0.162745 0.080882 0.069281
1 0.146691 0.210458 0.062500 0.081046
4 0.788603 0.169935 0.022794 0.033987
4 0.910662 0.143791 0.021324 0.031373
4 0.905882 0.088889 0.016176 0.033987
0 0.901471 0.039869 0.048529 0.037908
0 0.931985 0.034641 0.040441 0.037908
4 0.962132 0.022876 0.024265 0.024837
4 0.679412 0.153595 0.026471 0.043137
