1 0.492279 0.036601 0.013971 0.031373
1 0.531250 0.047712 0.015441 0.030065
1 0.523897 0.022222 0.024265 0.028758
1 0.659926 0.290850 0.059559 0.064052
1 0.648897 0.267974 0.058088 0.052288
0 0.255515 0.602614 0.127206 0.094118
0 0.072059 0.579739 0.136765 0.087582
0 0.197059 0.485621 0.108824 0.092810
0 0.367647 0.873203 0.119118 0.230065
0 0.562500 0.694118 0.123529 0.133333
0 0.462500 0.614379 0.113235 0.091503
4 0.502941 0.893464 0.022059 0.092810
0 0.583824 0.283660 0.030882 0.057516
0 0.430882 0.220261 0.027941 0.056209
0 0.414706 0.346405 0.039706 0.075817
0 0.357721 0.331373 0.041912 0.066667
0 0.521691 0.069935 0.016912 0.030065
4 0.549632 0.148366 0.011029 0.027451
0 0.583088 0.133987 0.048529 0.037908
0 0.561397 0.048366 0.036029 0.028758
0 0.560294 0.032026 0.026471 0.022222
0 0.525368 0.008497 0.013971 0.016993
0 0.421324 0.013725 0.011765 0.024837
0 0.402574 0.026797 0.033088 0.024837
0 0.398897 0.049020 0.028676 0.024837
0 0.404044 0.063399 0.015441 0.032680
0 0.374265 0.066667 0.038235 0.026144
0 0.381250 0.084967 0.038971 0.028758
0 0.386397 0.098039 0.028676 0.033987
0 0.386765 0.120261 0.025000 0.039216
0 0.379044 0.143137 0.025735 0.040523
0 0.373897 0.172549 0.025735 0.044444
0 0.348162 0.124837 0.037500 0.035294
0 0.319853 0.171242 0.060294 0.036601
0 0.315074 0.208497 0.050735 0.053595
4 0.377574 0.027451 0.006618 0.018301
4 0.373529 0.023529 0.004412 0.020915
4 0.360662 0.046405 0.006618 0.024837
0 0.241544 0.282353 0.059559 0.047059
1 0.268015 0.222222 0.084559 0.067974
4 0.072794 0.282353 0.026471 0.028758
4 0.805147 0.604575 0.044118 0.035294
0 0.957353 0.588889 0.085294 0.079739
1 0.946691 0.433333 0.106618 0.124183
4 0.901103 0.361438 0.013971 0.037908
4 0.879044 0.356209 0.015441 0.043137
4 0.738971 0.274510 0.017647 0.033987
4 0.719485 0.263399 0.021324 0.030065
4 0.704044 0.249673 0.018382 0.028758
0 0.630882 0.249673 0.050000 0.044444
0 0.615074 0.215686 0.065441 0.044444
