4 0.415074 0.330719 0.025735 0.033987
4 0.415441 0.311111 0.023529 0.028758
4 0.408824 0.317647 0.026471 0.023529
4 0.410662 0.293464 0.022794 0.030065
4 0.411029 0.322876 0.019118 0.028758
4 0.773162 0.492157 0.022794 0.050980
4 0.959559 0.589542 0.032353 0.052288
0 0.968750 0.879085 0.062500 0.205229
0 0.911765 0.875163 0.117647 0.236601
0 0.817647 0.849020 0.097059 0.213072
0 0.687868 0.839216 0.102206 0.196078
0 0.602941 0.832026 0.080882 0.218301
0 0.587500 0.453595 0.058824 0.086275
4 0.634191 0.443791 0.011029 0.053595
4 0.639338 0.458170 0.031618 0.053595
0 0.527574 0.456863 0.043382 0.084967
4 0.588603 0.583660 0.038971 0.048366
0 0.466544 0.456209 0.043382 0.081046
0 0.412132 0.441176 0.043382 0.087582
0 0.495956 0.846405 0.069853 0.213072
0 0.401103 0.815033 0.096324 0.197386
0 0.294853 0.832026 0.116176 0.215686
0 0.363235 0.446405 0.044118 0.092810
0 0.316176 0.445752 0.052941 0.088889
0 0.249632 0.443791 0.055147 0.090196
0 0.183456 0.436601 0.062500 0.094118
0 0.094118 0.443791 0.072059 0.098039
0 0.033824 0.449020 0.067647 0.113725
4 0.010294 0.701307 0.020588 0.058824
