0 0.537240 0.862963 0.076563 0.174074
4 0.009896 0.868519 0.019792 0.064815
0 0.219271 0.955556 0.063542 0.088889
1 0.243490 0.833333 0.065104 0.159259
0 0.266927 0.695370 0.051562 0.124074
4 0.320052 0.695370 0.018229 0.057407
4 0.190104 0.630556 0.017708 0.051852
4 0.078646 0.547222 0.030208 0.035185
0 0.026562 0.488889 0.053125 0.059259
0 0.022396 0.399074 0.044792 0.051852
0 0.032292 0.335185 0.057292 0.040741
1 0.017188 0.323611 0.034375 0.039815
0 0.164062 0.442593 0.073958 0.053704
4 0.195312 0.464352 0.014583 0.030556
0 0.287500 0.417593 0.067708 0.048148
4 0.255208 0.387963 0.014583 0.029630
4 0.228125 0.386111 0.012500 0.029630
1 0.153125 0.360185 0.051042 0.042593
4 0.172135 0.338889 0.020313 0.024074
0 0.167708 0.319907 0.056250 0.037963
0 0.157552 0.304167 0.047396 0.036111
0 0.126302 0.292130 0.050521 0.034259
1 0.096615 0.257870 0.027604 0.036111
1 0.120052 0.252315 0.027604 0.032407
1 0.143490 0.250463 0.023438 0.028704
1 0.165885 0.246296 0.021354 0.029630
0 0.186979 0.242130 0.025000 0.023148
0 0.214844 0.238889 0.029687 0.025926
0 0.236198 0.231944 0.022396 0.023148
1 0.267188 0.219444 0.034375 0.022222
3 0.267708 0.256481 0.102083 0.074074
0 0.673438 0.918519 0.088542 0.153704
0 0.731250 0.854630 0.088542 0.138889
0 0.614844 0.751852 0.069271 0.111111
0 0.662760 0.706019 0.072396 0.108333
1 0.792708 0.819444 0.103125 0.153704
4 0.884375 0.865741 0.048958 0.077778
4 0.871875 0.648611 0.033333 0.049074
4 0.857552 0.632870 0.021354 0.049074
4 0.772656 0.489352 0.013021 0.034259
0 0.569271 0.622685 0.052083 0.080556
0 0.615104 0.588889 0.054167 0.072222
0 0.670312 0.585185 0.057292 0.074074
0 0.542969 0.534259 0.046354 0.064815
0 0.577865 0.506944 0.043229 0.058333
0 0.599740 0.460648 0.044271 0.052778
4 0.691406 0.473148 0.013021 0.035185
4 0.670312 0.477315 0.011458 0.039815
4 0.657292 0.465741 0.010417 0.037037
0 0.635417 0.442593 0.009375 0.035185
4 0.646354 0.413889 0.021875 0.031481
4 0.631510 0.374537 0.010937 0.032407
4 0.611458 0.342130 0.013542 0.021296
4 0.599479 0.341204 0.017708 0.026852
0 0.553906 0.392593 0.033854 0.044444
1 0.562240 0.356944 0.028646 0.037963
1 0.581510 0.307870 0.027604 0.045370
1 0.446875 0.295370 0.028125 0.038889
0 0.457813 0.260648 0.031250 0.030556
0 0.480469 0.274074 0.029687 0.033333
0 0.517708 0.240741 0.031250 0.027778
0 0.615885 0.270833 0.027604 0.028704
1 0.595052 0.249537 0.031771 0.026852
0 0.332031 0.234259 0.021354 0.025926
0 0.342708 0.220370 0.015625 0.024074
4 0.337500 0.209722 0.012500 0.015741
0 0.200521 0.178241 0.018750 0.019444
0 0.159635 0.200926 0.035937 0.020370
0 0.158333 0.195370 0.037500 0.020370
1 0.154427 0.175926 0.030729 0.020370
1 0.154427 0.170833 0.028646 0.019444
1 0.152344 0.161111 0.022396 0.022222
0 0.151042 0.157407 0.026042 0.018519
0 0.249219 0.194907 0.031771 0.019444
0 0.246615 0.192130 0.029687 0.019444
0 0.238802 0.188426 0.031771 0.019444
0 0.236198 0.180556 0.026562 0.020370
0 0.233073 0.176852 0.032813 0.020370
0 0.224740 0.170833 0.025521 0.017593
1 0.226302 0.164352 0.030729 0.023148
1 0.217448 0.162963 0.023438 0.016667
1 0.217188 0.158333 0.025000 0.016667
1 0.213021 0.156481 0.023958 0.018519
0 0.210417 0.152778 0.025000 0.014815
1 0.201563 0.124537 0.015625 0.013889
0 0.289062 0.149537 0.012500 0.015741
1 0.332292 0.198148 0.019792 0.025926
0 0.319531 0.189352 0.017188 0.019444
0 0.308594 0.180093 0.014063 0.019444
0 0.298698 0.173148 0.014063 0.020370
1 0.337760 0.184722 0.017188 0.023148
0 0.328125 0.178704 0.012500 0.018519
0 0.319531 0.172222 0.014063 0.022222
0 0.308854 0.163889 0.014583 0.020370
1 0.298177 0.155093 0.013021 0.017593
0 0.279948 0.143056 0.014063 0.015741
0 0.273958 0.138426 0.011458 0.013889
0 0.268490 0.134259 0.010937 0.012963
0 0.257031 0.137037 0.011979 0.016667
0 0.261719 0.130093 0.010937 0.013889
0 0.258073 0.125463 0.009896 0.013889
0 0.252083 0.121759 0.009375 0.013889
1 0.245312 0.113889 0.009375 0.012963
1 0.238281 0.108796 0.009896 0.012037
0 0.195573 0.096296 0.007812 0.011111
0 0.209115 0.093981 0.008854 0.010185
0 0.223698 0.106481 0.010937 0.016667
0 0.262240 0.119907 0.011979 0.012037
1 0.270052 0.123148 0.009896 0.012963
0 0.277865 0.127778 0.010937 0.011111
0 0.286198 0.133333 0.010937 0.012963
1 0.292969 0.138426 0.010937 0.013889
0 0.302083 0.143981 0.013542 0.013889
0 0.311719 0.151852 0.013021 0.014815
0 0.320833 0.159259 0.014583 0.016667
0 0.331250 0.162963 0.014583 0.018519
0 0.342969 0.172222 0.015104 0.020370
0 0.357031 0.182407 0.016146 0.022222
0 0.377865 0.080556 0.005729 0.011111
0 0.417969 0.150463 0.010937 0.015741
0 0.444792 0.172685 0.025000 0.021296
0 0.449740 0.169444 0.022396 0.022222
4 0.448177 0.212037 0.009896 0.016667
4 0.463021 0.216204 0.004167 0.015741
0 0.858594 0.318519 0.006771 0.037037
4 0.810937 0.250000 0.009375 0.014815
0 0.580208 0.222685 0.031250 0.023148
0 0.600000 0.226852 0.030208 0.025926
0 0.582292 0.212963 0.030208 0.020370
1 0.574219 0.205093 0.028646 0.026852
0 0.573177 0.199074 0.027604 0.020370
1 0.605469 0.191204 0.029687 0.026852
1 0.615104 0.202778 0.029167 0.027778
1 0.632292 0.191204 0.023958 0.023148
0 0.636979 0.183333 0.022917 0.018519
0 0.644531 0.198148 0.025521 0.020370
1 0.642969 0.215278 0.027604 0.026852
0 0.658333 0.228704 0.028125 0.024074
1 0.667448 0.238889 0.027604 0.024074
0 0.691146 0.243056 0.029167 0.026852
1 0.717969 0.256019 0.032813 0.026852
1 0.677865 0.204167 0.025521 0.032407
0 0.713021 0.223611 0.023958 0.023148
0 0.659896 0.186111 0.020833 0.018519
0 0.671094 0.191204 0.022396 0.019444
1 0.684896 0.171296 0.025000 0.020370
0 0.687760 0.178704 0.018229 0.020370
0 0.693750 0.184722 0.021875 0.019444
0 0.724740 0.208333 0.025521 0.024074
0 0.739583 0.227315 0.027083 0.025000
0 0.760938 0.235185 0.022917 0.027778
0 0.715104 0.172222 0.019792 0.018519
0 0.717708 0.177315 0.020833 0.017593
0 0.717187 0.185648 0.022917 0.019444
1 0.732031 0.189815 0.022396 0.022222
1 0.741927 0.162500 0.021354 0.019444
1 0.742708 0.170370 0.018750 0.018519
1 0.746615 0.177778 0.018229 0.016667
3 0.748177 0.146296 0.044271 0.037037
1 0.767188 0.197685 0.025000 0.026852
1 0.791406 0.206944 0.023438 0.023148
0 0.803385 0.223611 0.025521 0.025000
0 0.764062 0.181944 0.021875 0.021296
0 0.768490 0.171759 0.023438 0.019444
0 0.784375 0.173611 0.020833 0.019444
3 0.793750 0.152778 0.043750 0.046296
1 0.801823 0.168519 0.018229 0.022222
1 0.821875 0.161111 0.017708 0.020370
1 0.831250 0.185185 0.021875 0.022222
1 0.846094 0.172685 0.020313 0.021296
0 0.876302 0.185185 0.020313 0.016667
3 0.804167 0.135185 0.037500 0.033333
0 0.820833 0.155093 0.013542 0.019444
0 0.770573 0.160648 0.018229 0.015741
0 0.825521 0.146759 0.017708 0.017593
0 0.834635 0.153241 0.017188 0.021296
0 0.835156 0.159259 0.018229 0.016667
1 0.844792 0.136111 0.014583 0.020370
0 0.913281 0.182870 0.020313 0.017593
3 0.895573 0.152315 0.042188 0.043519
