4 0.641146 0.959259 0.028125 0.074074
4 0.479167 0.632407 0.012500 0.038889
4 0.319792 0.700000 0.014583 0.044444
4 0.110417 0.838889 0.027083 0.055556
4 0.229167 0.660185 0.018750 0.035185
4 0.205208 0.570370 0.025000 0.037037
4 0.272396 0.553704 0.013542 0.033333
4 0.296354 0.489815 0.011458 0.031481
4 0.242708 0.513889 0.020833 0.024074
4 0.256250 0.496296 0.020833 0.029630
4 0.263021 0.479630 0.015625 0.025926
4 0.610417 0.730556 0.018750 0.072222
4 0.428125 0.521296 0.010417 0.031481
4 0.497396 0.502778 0.007292 0.024074
4 0.366667 0.385185 0.008333 0.018519
4 0.381771 0.372222 0.007292 0.025926
4 0.404167 0.301852 0.006250 0.018519
4 0.360417 0.379630 0.006250 0.022222
0 0.354687 0.467593 0.032292 0.053704
0 0.423437 0.358333 0.019792 0.031481
0 0.458854 0.240741 0.009375 0.018519
0 0.461979 0.225000 0.009375 0.012963
0 0.492708 0.209259 0.008333 0.014815
0 0.500521 0.193519 0.007292 0.009259
0 0.475000 0.181481 0.006250 0.011111
