4 0.394485 0.107843 0.002206 0.006536
4 0.395588 0.181699 0.004412 0.013072
4 0.467279 0.248366 0.005147 0.018301
4 0.445588 0.273203 0.005882 0.020915
4 0.345956 0.356863 0.008088 0.028758
4 0.327941 0.530065 0.013235 0.043137
4 0.750735 0.522876 0.030882 0.033987
4 0.637132 0.860131 0.024265 0.078431
0 0.528309 0.881046 0.077206 0.175163
0 0.469485 0.706536 0.071324 0.126797
0 0.337132 0.635294 0.047794 0.117647
0 0.397059 0.521569 0.042647 0.083660
0 0.294853 0.870588 0.060294 0.175163
0 0.392279 0.895425 0.069853 0.209150
0 0.477941 0.379739 0.032353 0.053595
0 0.515441 0.358170 0.027941 0.047059
0 0.395588 0.411765 0.032353 0.057516
0 0.401838 0.315686 0.025735 0.050980
0 0.454044 0.306536 0.027206 0.050980
0 0.404779 0.203922 0.015441 0.026144
0 0.406985 0.172549 0.013971 0.020915
0 0.374632 0.176471 0.013971 0.023529
0 0.387868 0.122222 0.011029 0.014379
1 0.406250 0.116993 0.008088 0.014379
1 0.434559 0.151634 0.010294 0.023529
1 0.361765 0.209804 0.016176 0.032680
0 0.553676 0.333987 0.041176 0.043137
0 0.556618 0.300654 0.050000 0.031373
0 0.520588 0.254248 0.039706 0.027451
0 0.543382 0.277778 0.041176 0.027451
0 0.529044 0.272549 0.043382 0.035294
0 0.566544 0.291503 0.044853 0.031373
0 0.502574 0.208497 0.030147 0.016993
0 0.509926 0.198693 0.027206 0.023529
0 0.503676 0.181699 0.027941 0.018301
0 0.490441 0.158170 0.025000 0.018301
0 0.465074 0.110458 0.016912 0.011765
0 0.345956 0.139869 0.027206 0.018301
0 0.316912 0.231373 0.044118 0.028758
0 0.332353 0.196732 0.033824 0.030065
0 0.335294 0.131373 0.027941 0.019608
0 0.370956 0.125490 0.015441 0.018301
0 0.515074 0.216993 0.033088 0.020915
0 0.480147 0.145098 0.025000 0.018301
0 0.467279 0.126144 0.018382 0.016993
0 0.473162 0.110458 0.019853 0.016993
0 0.454412 0.106536 0.017647 0.011765
0 0.781250 0.432026 0.074265 0.048366
1 0.797794 0.488889 0.083824 0.060131
1 0.350368 0.173856 0.015441 0.044444
