0 0.257292 0.972222 0.116667 0.055556
0 0.244792 0.898148 0.118750 0.096296
1 0.272917 0.850000 0.081250 0.081481
0 0.281250 0.810185 0.089583 0.057407
0 0.302083 0.775000 0.091667 0.068519
0 0.304688 0.741667 0.088542 0.068519
4 0.442708 0.937037 0.014583 0.059259
4 0.425000 0.728704 0.012500 0.042593
0 0.500521 0.795370 0.038542 0.090741
0 0.547917 0.775000 0.035417 0.068519
4 0.961979 0.498148 0.013542 0.022222
4 0.995833 0.645370 0.008333 0.035185
4 0.597917 0.737963 0.010417 0.038889
4 0.610938 0.739815 0.009375 0.038889
4 0.519271 0.648148 0.009375 0.033333
4 0.421875 0.602778 0.018750 0.024074
0 0.575521 0.408333 0.013542 0.020370
0 0.561979 0.392593 0.011458 0.018519
4 0.576562 0.391667 0.003125 0.012963
4 0.583333 0.375000 0.004167 0.012963
1 0.580208 0.352778 0.008333 0.016667
0 0.555208 0.362963 0.014583 0.014815
0 0.554167 0.356481 0.018750 0.016667
2 0.555208 0.349074 0.014583 0.012963
4 0.590104 0.350926 0.003125 0.009259
4 0.567187 0.369444 0.003125 0.012963
4 0.571354 0.362037 0.003125 0.009259
4 0.582812 0.330556 0.003125 0.009259
0 0.575521 0.317593 0.007292 0.012963
0 0.584896 0.299074 0.005208 0.009259
0 0.584375 0.274074 0.004167 0.007407
0 0.597396 0.274074 0.005208 0.007407
