4 0.113235 0.484314 0.025000 0.022222
4 0.119853 0.475163 0.025000 0.022222
4 0.120956 0.449020 0.024265 0.027451
0 0.104779 0.439216 0.075735 0.039216
0 0.130882 0.336601 0.041176 0.024837
0 0.090441 0.351634 0.045588 0.028758
0 0.087132 0.292157 0.031618 0.024837
0 0.111765 0.281699 0.033824 0.022222
0 0.049265 0.311765 0.041176 0.032680
0 0.017647 0.314379 0.033824 0.032680
0 0.179044 0.541830 0.049265 0.061438
4 0.201838 0.513725 0.011029 0.039216
0 0.228309 0.577778 0.037500 0.075817
0 0.269485 0.608497 0.066912 0.084967
0 0.315074 0.620261 0.063971 0.079739
0 0.383824 0.632026 0.063235 0.082353
0 0.434559 0.655556 0.058824 0.082353
0 0.490441 0.671242 0.054412 0.077124
0 0.530147 0.685621 0.052941 0.087582
0 0.578676 0.692157 0.050000 0.084967
0 0.690074 0.746405 0.052206 0.096732
0 0.757721 0.758824 0.055147 0.098039
4 0.810294 0.768627 0.027941 0.057516
4 0.606618 0.593464 0.025000 0.033987
4 0.611029 0.572549 0.030882 0.026144
4 0.612500 0.559477 0.029412 0.026144
0 0.628676 0.722876 0.054412 0.081046
4 0.652941 0.758170 0.022059 0.070588
1 0.047059 0.805882 0.094118 0.105882
0 0.084926 0.898039 0.118382 0.172549
0 0.188235 0.800000 0.027941 0.049673
0 0.390441 0.961438 0.107353 0.077124
0 0.490441 0.974510 0.077941 0.050980
4 0.972794 0.879739 0.038235 0.065359
