4 0.166544 0.081699 0.028676 0.027451
4 0.213971 0.061438 0.025000 0.023529
4 0.262868 0.092157 0.025735 0.027451
1 0.311029 0.126144 0.072059 0.061438
0 0.440074 0.150980 0.074265 0.053595
0 0.547426 0.131373 0.068382 0.053595
1 0.554044 0.194118 0.061029 0.064052
1 0.430147 0.203268 0.077941 0.064052
0 0.513235 0.262745 0.080882 0.067974
0 0.601838 0.339869 0.091912 0.073203
4 0.449265 0.500000 0.035294 0.035294
2 0.512132 0.439869 0.102206 0.103268
4 0.463971 0.611765 0.033824 0.044444
4 0.513603 0.825490 0.047794 0.053595
0 0.743750 0.688889 0.130147 0.109804
4 0.695221 0.071242 0.021324 0.027451
0 0.648897 0.193464 0.075735 0.049673
0 0.819485 0.145098 0.063971 0.047059
1 0.931618 0.400654 0.095588 0.079739
0 0.858824 0.248366 0.080882 0.062745
0 0.985662 0.400000 0.028676 0.075817
0 0.816912 0.009150 0.058824 0.018301
0 0.567647 0.016340 0.051471 0.032680
