4 0.740104 0.966667 0.044792 0.066667
0 0.910937 0.839815 0.165625 0.116667
0 0.850521 0.760185 0.144792 0.105556
0 0.663542 0.707407 0.075000 0.081481
2 0.522396 0.703704 0.059375 0.114815
0 0.779167 0.669444 0.112500 0.075926
0 0.959896 0.663889 0.080208 0.083333
0 0.049479 0.797222 0.096875 0.135185
4 0.160417 0.699074 0.022917 0.057407
4 0.145833 0.684259 0.018750 0.050000
4 0.238021 0.674074 0.021875 0.044444
4 0.381771 0.671296 0.034375 0.042593
4 0.478125 0.645370 0.012500 0.042593
4 0.450521 0.612037 0.011458 0.038889
4 0.536458 0.608333 0.035417 0.046296
4 0.304167 0.634259 0.027083 0.038889
4 0.394271 0.579630 0.013542 0.040741
4 0.428125 0.575000 0.012500 0.031481
4 0.507292 0.560185 0.018750 0.035185
4 0.326562 0.551852 0.017708 0.029630
4 0.526042 0.550000 0.020833 0.025926
0 0.460417 0.511111 0.027083 0.044444
4 0.483854 0.500000 0.009375 0.025926
4 0.458333 0.481481 0.008333 0.022222
4 0.484896 0.444444 0.007292 0.022222
4 0.445312 0.456481 0.007292 0.020370
4 0.490104 0.388889 0.005208 0.014815
4 0.501042 0.448148 0.016667 0.022222
4 0.487500 0.414815 0.008333 0.022222
4 0.483333 0.425000 0.006250 0.020370
0 0.762500 0.541667 0.041667 0.050000
0 0.720313 0.544444 0.040625 0.051852
4 0.875000 0.567593 0.027083 0.046296
4 0.866667 0.562037 0.027083 0.046296
4 0.843750 0.571296 0.022917 0.038889
4 0.680208 0.575926 0.016667 0.040741
4 0.621354 0.498148 0.019792 0.022222
4 0.559896 0.497222 0.015625 0.016667
2 0.605208 0.426852 0.062500 0.061111
