0 0.634926 0.794771 0.052206 0.135948
0 0.933088 0.766667 0.070588 0.121569
0 0.198897 0.720261 0.084559 0.138562
0 0.258088 0.612418 0.064706 0.095425
0 0.038971 0.737255 0.077941 0.101961
0 0.142279 0.611111 0.078676 0.077124
0 0.165809 0.556863 0.081618 0.067974
2 0.205515 0.452941 0.097794 0.079739
0 0.163235 0.420915 0.063235 0.060131
0 0.245956 0.400654 0.066912 0.050980
0 0.181985 0.326797 0.055147 0.039216
4 0.281250 0.355556 0.012500 0.028758
2 0.276471 0.322222 0.101471 0.064052
0 0.381985 0.382353 0.069853 0.048366
4 0.404044 0.420261 0.027206 0.037908
0 0.429044 0.433987 0.069853 0.057516
1 0.406250 0.341830 0.050735 0.048366
0 0.432721 0.290196 0.031618 0.044444
0 0.451471 0.255556 0.025000 0.035294
4 0.482353 0.254902 0.007353 0.020915
0 0.475000 0.205882 0.019118 0.030065
0 0.488235 0.189542 0.019118 0.028758
0 0.498897 0.168627 0.018382 0.033987
0 0.513235 0.138562 0.016176 0.023529
1 0.536029 0.090196 0.017647 0.023529
4 0.698162 0.516993 0.012500 0.045752
0 0.592279 0.370588 0.043382 0.048366
0 0.617647 0.293464 0.025000 0.040523
0 0.570956 0.162092 0.016912 0.031373
4 0.680147 0.252288 0.008824 0.023529
0 0.673529 0.112418 0.011765 0.018301
2 0.738971 0.106536 0.032353 0.024837
4 0.577941 0.115033 0.004412 0.013072
4 0.583824 0.099346 0.005882 0.013072
4 0.608824 0.103922 0.008824 0.011765
0 0.552206 0.065359 0.010294 0.018301
0 0.618382 0.056209 0.010294 0.015686
0 0.624632 0.035948 0.008088 0.014379
0 0.653676 0.033333 0.008824 0.011765
0 0.627574 0.017647 0.008088 0.011765
0 0.776838 0.050980 0.009559 0.015686
0 0.758088 0.036601 0.010294 0.013072
0 0.769853 0.037255 0.010294 0.011765
4 0.450735 0.172549 0.014706 0.015686
0 0.565441 0.038562 0.008824 0.014379
