0 0.456618 0.589542 0.082353 0.172549
0 0.633824 0.625490 0.058824 0.166013
0 0.757721 0.753595 0.081618 0.181699
0 0.465074 0.907190 0.068382 0.185621
0 0.248897 0.342484 0.083088 0.088889
0 0.554044 0.236601 0.038971 0.091503
0 0.658456 0.214379 0.038971 0.078431
0 0.581618 0.116993 0.041176 0.077124
0 0.604412 0.044444 0.032353 0.067974
0 0.433456 0.086275 0.069853 0.065359
0 0.098529 0.301307 0.098529 0.077124
0 0.074632 0.215686 0.090441 0.073203
0 0.048529 0.358170 0.097059 0.091503
4 0.032721 0.159477 0.015441 0.039216
4 0.052574 0.167320 0.024265 0.044444
4 0.241912 0.169281 0.020588 0.043137
4 0.219853 0.174510 0.014706 0.045752
4 0.190441 0.179085 0.014706 0.039216
4 0.125000 0.441176 0.033824 0.040523
4 0.048162 0.432680 0.033088 0.049673
4 0.178676 0.805882 0.025000 0.077124
4 0.401471 0.503922 0.026471 0.069281
4 0.376471 0.425490 0.020588 0.058824
4 0.459559 0.462745 0.017647 0.057516
4 0.522059 0.349020 0.019118 0.060131
4 0.504779 0.323529 0.021324 0.069281
4 0.485662 0.134641 0.016912 0.044444
2 0.534191 0.022222 0.031618 0.044444
4 0.566912 0.079739 0.007353 0.036601
4 0.574265 0.058824 0.005882 0.031373
4 0.707353 0.115033 0.008824 0.039216
4 0.717279 0.328758 0.009559 0.053595
4 0.600000 0.371242 0.013235 0.052288
4 0.802574 0.918954 0.016912 0.091503
