2 0.316786 0.708095 0.086429 0.185714
2 0.363214 0.440000 0.043571 0.074286
2 0.368571 0.339048 0.020000 0.026667
2 0.453571 0.268571 0.031429 0.017143
2 0.453571 0.253810 0.030000 0.016190
4 0.930714 0.875714 0.017143 0.035238
1 0.157143 0.507619 0.032857 0.040000
1 0.214643 0.425238 0.036429 0.021905
1 0.342857 0.371429 0.027143 0.017143
0 0.276071 0.429524 0.013571 0.030476
0 0.326429 0.397619 0.025714 0.016190
0 0.312500 0.419048 0.029286 0.019048
0 0.091071 0.519524 0.040714 0.023810
0 0.362500 0.395238 0.023571 0.020952
2 0.351429 0.398571 0.020000 0.023810
2 0.368929 0.378095 0.020714 0.020952
2 0.371071 0.370952 0.019286 0.016190
3 0.495000 0.359524 0.030000 0.061905
4 0.771786 0.462857 0.005000 0.013333
4 0.456786 0.581429 0.010714 0.020000
0 0.522143 0.296667 0.011429 0.016190
3 0.400357 0.345238 0.040714 0.023810
1 0.388929 0.310476 0.013571 0.015238
1 0.382857 0.326667 0.015714 0.015238
1 0.359286 0.351905 0.020000 0.021905
0 0.290000 0.356667 0.027143 0.016190
0 0.398929 0.221905 0.015000 0.011429
0 0.442500 0.181429 0.013571 0.008571
0 0.503214 0.151905 0.012143 0.008571
0 0.506429 0.150000 0.011429 0.008571
0 0.469286 0.193333 0.014286 0.009524
0 0.466429 0.201429 0.015714 0.008571
0 0.475357 0.187143 0.010714 0.006667
0 0.480000 0.165238 0.012857 0.008571
0 0.483571 0.162857 0.010000 0.007619
0 0.492143 0.160476 0.012857 0.008571
0 0.496786 0.153810 0.012143 0.008571
0 0.481786 0.143810 0.006429 0.007619
0 0.471429 0.144286 0.005714 0.008571
1 0.196071 0.719524 0.055000 0.048571
1 0.105714 0.745238 0.068571 0.044762
1 0.175714 0.849524 0.032857 0.076190
2 0.900000 0.407143 0.050000 0.058095
2 0.910714 0.480000 0.022857 0.040000
2 0.891786 0.559524 0.022143 0.040952
2 0.929643 0.384286 0.025000 0.035238
1 0.854643 0.357619 0.015000 0.021905
1 0.741786 0.284762 0.017857 0.013333
2 0.808214 0.603810 0.040714 0.068571
2 0.610357 0.058571 0.005000 0.010476
2 0.603929 0.093333 0.006429 0.015238
2 0.597143 0.089048 0.007143 0.010476
2 0.622500 0.052381 0.006429 0.011429
1 0.636071 0.065714 0.003571 0.005714
0 0.146071 0.410000 0.035000 0.018095
0 0.282500 0.560476 0.027857 0.035238
0 0.303929 0.523810 0.026429 0.036190
1 0.303929 0.555238 0.023571 0.032381
