0 0.015000 0.063810 0.030000 0.049524
0 0.099643 0.106667 0.055000 0.068571
4 0.281429 0.371429 0.018571 0.030476
4 0.270357 0.429048 0.023571 0.031429
2 0.275000 0.723333 0.115714 0.145714
0 0.167857 0.847143 0.105714 0.132381
0 0.490000 0.924286 0.130000 0.149524
0 0.650357 0.314762 0.065000 0.075238
0 0.716786 0.248571 0.055000 0.072381
0 0.824643 0.124762 0.056429 0.066667
0 0.763571 0.194762 0.054286 0.065714
0 0.863571 0.081905 0.048571 0.059048
0 0.907500 0.039048 0.049286 0.055238
4 0.893571 0.118095 0.020000 0.020952
0 0.946786 0.012857 0.046429 0.023810
4 0.918571 0.116667 0.020000 0.020000
4 0.153214 0.033333 0.013571 0.022857
