0 0.603340 0.893321 0.049061 0.118738
0 0.516962 0.662801 0.030793 0.058442
0 0.557933 0.551020 0.026096 0.050093
0 0.539144 0.419759 0.022965 0.030612
1 0.400835 0.695269 0.031315 0.091837
1 0.527401 0.347403 0.015136 0.025046
0 0.467380 0.340909 0.014092 0.032468
0 0.442850 0.386364 0.017223 0.039889
2 0.444415 0.349258 0.019311 0.047310
0 0.451722 0.324212 0.014092 0.032468
2 0.439979 0.231447 0.029228 0.023191
0 0.402923 0.369666 0.024008 0.030612
4 0.357255 0.430891 0.010960 0.021336
4 0.281315 0.637755 0.018789 0.030612
4 0.352296 0.759740 0.031315 0.037106
2 0.524008 0.294527 0.016701 0.047310
2 0.534708 0.279685 0.018267 0.030612
4 0.509656 0.238868 0.004697 0.012059
1 0.452505 0.155844 0.012526 0.011132
0 0.485125 0.177180 0.005741 0.011132
4 0.493215 0.139147 0.002088 0.005566
0 0.600731 0.197588 0.007307 0.014842
