0 0.263571 0.082381 0.071429 0.052381
2 0.330357 0.141429 0.032143 0.107619
0 0.245000 0.200000 0.048571 0.047619
0 0.252500 0.294762 0.047857 0.046667
0 0.258571 0.333810 0.050000 0.044762
4 0.389286 0.310000 0.010000 0.042857
4 0.327143 0.607143 0.028571 0.023810
4 0.589643 0.437619 0.022143 0.029524
4 0.590000 0.460000 0.025714 0.020952
4 0.586071 0.488095 0.010714 0.042857
4 0.335000 0.667619 0.030000 0.019048
4 0.335000 0.720000 0.027143 0.026667
4 0.280000 0.780476 0.028571 0.018095
4 0.228929 0.842381 0.032143 0.021905
4 0.228929 0.877143 0.032143 0.024762
4 0.293929 0.892857 0.032143 0.023810
0 0.307143 0.941429 0.075714 0.065714
0 0.319286 0.983810 0.082857 0.032381
0 0.550714 0.796667 0.072857 0.063810
2 0.512500 0.265238 0.039286 0.111429
0 0.543929 0.441429 0.049286 0.035238
0 0.619643 0.482381 0.037857 0.063810
0 0.551786 0.477619 0.040714 0.031429
0 0.552500 0.516190 0.049286 0.036190
0 0.550714 0.628095 0.072857 0.067619
