4 0.590000 0.214286 0.004286 0.009524
4 0.611429 0.241905 0.007143 0.013333
4 0.554643 0.295714 0.010714 0.023810
4 0.559286 0.353810 0.008571 0.025714
4 0.527143 0.498095 0.015714 0.047619
1 0.278929 0.199048 0.012143 0.019048
0 0.292500 0.199524 0.013571 0.014286
2 0.250714 0.194762 0.020000 0.025714
2 0.569643 0.259524 0.023571 0.039048
0 0.585714 0.195714 0.005714 0.010476
0 0.617143 0.192381 0.005714 0.007619
0 0.620714 0.223810 0.014286 0.013333
0 0.604643 0.211905 0.010714 0.012381
0 0.652500 0.229048 0.015000 0.016190
0 0.672143 0.217619 0.011429 0.012381
0 0.697143 0.228095 0.015714 0.014286
0 0.703571 0.260476 0.021429 0.025714
0 0.713214 0.289048 0.035000 0.027619
0 0.617143 0.210952 0.011429 0.010476
1 0.614286 0.215238 0.012857 0.015238
4 0.816786 0.252381 0.007857 0.009524
0 0.731429 0.272381 0.027143 0.022857
0 0.732500 0.330476 0.046429 0.051429
0 0.777143 0.345238 0.047143 0.042857
0 0.773929 0.300952 0.033571 0.030476
0 0.803571 0.321905 0.041429 0.036190
0 0.754286 0.370000 0.048571 0.050476
0 0.818214 0.380000 0.060714 0.057143
0 0.796071 0.431429 0.066429 0.064762
0 0.865000 0.489524 0.082857 0.080000
0 0.887143 0.440952 0.082857 0.070476
0 0.907500 0.381429 0.073571 0.052381
1 0.847143 0.343333 0.054286 0.050476
1 0.823571 0.281905 0.037143 0.028571
4 0.908929 0.284762 0.010714 0.013333
4 0.889286 0.276667 0.010000 0.014286
0 0.941429 0.578095 0.117143 0.133333
0 0.970000 0.517619 0.060000 0.084762
0 0.975000 0.459524 0.047143 0.063810
0 0.971786 0.429048 0.056429 0.054286
0 0.945357 0.816667 0.109286 0.214286
2 0.759643 0.285238 0.035000 0.033333
