0 0.027897 0.506679 0.042918 0.062977
0 0.376967 0.737595 0.100143 0.110687
0 0.603004 0.640744 0.047210 0.081107
0 0.721030 0.501908 0.055794 0.053435
0 0.652718 0.465649 0.069385 0.053435
0 0.119099 0.408397 0.043634 0.047710
0 0.016452 0.466126 0.032904 0.056298
1 0.326180 0.775286 0.103004 0.121183
4 0.364449 0.537214 0.032189 0.034351
1 0.506438 0.696565 0.075823 0.118321
0 0.667024 0.447519 0.062232 0.045802
0 0.679900 0.426050 0.057940 0.046756
0 0.742489 0.369752 0.052933 0.050573
1 0.723176 0.389790 0.044349 0.050573
4 0.081187 0.383588 0.022175 0.022901
4 0.069385 0.371660 0.024320 0.021947
4 0.692775 0.372615 0.010730 0.021947
1 0.757511 0.358302 0.060086 0.044847
0 0.768956 0.347805 0.042918 0.033397
0 0.800072 0.328244 0.047926 0.034351
0 0.818312 0.313931 0.040057 0.028626
0 0.837625 0.297233 0.030043 0.023855
1 0.829399 0.301050 0.046495 0.044847
1 0.863019 0.284351 0.023605 0.041985
0 0.920243 0.327767 0.020744 0.029580
0 0.880901 0.255248 0.036481 0.021947
0 0.892704 0.245229 0.034335 0.022901
0 0.912375 0.231870 0.030758 0.024809
1 0.576180 0.919370 0.116595 0.159351
