4 0.147857 0.023333 0.028571 0.021905
1 0.204643 0.029524 0.075000 0.053333
0 0.212500 0.084762 0.083571 0.055238
4 0.159286 0.416667 0.028571 0.018095
4 0.155357 0.443333 0.030714 0.014286
4 0.154643 0.498095 0.030714 0.017143
4 0.148571 0.515714 0.032857 0.016190
0 0.155000 0.559524 0.031429 0.016190
0 0.147500 0.590000 0.030714 0.014286
4 0.237143 0.805238 0.010000 0.048571
0 0.285000 0.918095 0.041429 0.110476
0 0.445000 0.960952 0.032857 0.076190
1 0.299286 0.782857 0.040000 0.114286
1 0.311071 0.645238 0.039286 0.119048
0 0.310714 0.521905 0.040000 0.104762
1 0.457857 0.469048 0.031429 0.103810
0 0.313214 0.364762 0.039286 0.097143
