4 0.489562 0.978664 0.014614 0.038961
0 0.499217 0.450371 0.023486 0.056586
0 0.566023 0.512059 0.030793 0.053803
2 0.511482 0.408627 0.026096 0.049165
0 0.628653 0.738404 0.065240 0.072356
4 0.631524 0.857607 0.018789 0.045455
4 0.631002 0.893321 0.025052 0.029685
4 0.639092 0.961503 0.025574 0.026902
0 0.534708 0.241187 0.027662 0.018553
0 0.570459 0.211039 0.013570 0.026902
4 0.609603 0.331169 0.008351 0.022263
4 0.618215 0.338126 0.005741 0.019481
4 0.632046 0.347866 0.007307 0.018553
4 0.639092 0.350186 0.006785 0.019481
4 0.601775 0.308905 0.006263 0.018553
4 0.573591 0.266234 0.006263 0.016698
4 0.620042 0.178571 0.004175 0.013915
4 0.527140 0.224490 0.009395 0.012987
4 0.528967 0.218924 0.008873 0.012987
4 0.536534 0.198980 0.008351 0.012059
4 0.573852 0.191095 0.006785 0.012987
4 0.563152 0.185993 0.009395 0.012059
2 0.569415 0.140074 0.012526 0.022263
2 0.581681 0.128015 0.010960 0.025974
4 0.591336 0.118738 0.003132 0.009276
4 0.611430 0.098794 0.003653 0.010204
4 0.635438 0.230519 0.005741 0.015770
4 0.652923 0.080705 0.005219 0.009276
4 0.649008 0.102968 0.005741 0.009276
4 0.679802 0.099722 0.004697 0.010204
4 0.654228 0.049629 0.002610 0.008349
1 0.632307 0.038033 0.006785 0.014842
0 0.621086 0.050557 0.008351 0.012059
2 0.604123 0.041280 0.008873 0.017625
1 0.630219 0.026438 0.006785 0.013915
3 0.611691 0.024119 0.026096 0.025974
4 0.647965 0.026902 0.002610 0.007421
4 0.638048 0.020408 0.002610 0.005566
4 0.638570 0.025974 0.002610 0.007421
0 0.642223 0.010668 0.006785 0.008349
1 0.612996 0.006957 0.007829 0.010204
