4 0.091750 0.600000 0.080500 0.076000
4 0.169750 0.469000 0.070500 0.052667
4 0.255750 0.581333 0.082500 0.070667
4 0.434500 0.493000 0.024000 0.086000
4 0.551250 0.378000 0.027500 0.064000
1 0.309500 0.429667 0.125000 0.215333
0 0.481500 0.329667 0.101000 0.118000
0 0.482500 0.218667 0.067000 0.084000
4 0.479250 0.100000 0.012500 0.041333
4 0.476500 0.065000 0.015000 0.030000
4 0.494500 0.069333 0.019000 0.033333
4 0.658500 0.095667 0.020000 0.036667
4 0.674750 0.095000 0.017500 0.035333
1 0.702500 0.110667 0.096000 0.065333
4 0.701750 0.094667 0.017500 0.037333
4 0.742500 0.101333 0.015000 0.044000
4 0.612250 0.055667 0.016500 0.034000
4 0.565000 0.019000 0.012000 0.038000
4 0.168500 0.426333 0.052000 0.064667
