0 0.134643 0.765238 0.059286 0.138095
0 0.227857 0.203810 0.044286 0.099048
0 0.251071 0.078095 0.042143 0.095238
0 0.626429 0.147619 0.071429 0.055238
0 0.559286 0.531429 0.037143 0.112381
0 0.554643 0.692381 0.040714 0.121905
0 0.547857 0.873333 0.048571 0.154286
0 0.601429 0.676667 0.038571 0.124762
0 0.517500 0.493333 0.039286 0.114286
1 0.560357 0.018571 0.030714 0.037143
1 0.448214 0.082857 0.032143 0.076190
0 0.183571 0.457143 0.054286 0.121905
0 0.158929 0.608571 0.055000 0.125714
0 0.102857 0.944762 0.065714 0.110476
4 0.239286 0.624762 0.018571 0.049524
0 0.207143 0.322381 0.042857 0.100000
4 0.245000 0.349048 0.014286 0.050476
