0 0.238214 0.371827 0.016429 0.020305
0 0.193571 0.421320 0.017143 0.020305
0 0.214643 0.399746 0.015000 0.017766
4 0.179643 0.352157 0.006429 0.008883
1 0.261429 0.347081 0.017143 0.021574
0 0.280000 0.324873 0.012857 0.017766
0 0.296429 0.300761 0.012857 0.020305
0 0.311071 0.314721 0.015000 0.017766
3 0.316429 0.264594 0.028571 0.049492
3 0.075714 0.751269 0.067143 0.073604
1 0.123214 0.660533 0.023571 0.029188
0 0.011786 0.902919 0.013571 0.041878
0 0.025714 0.887690 0.011429 0.031726
0 0.054643 0.871193 0.013571 0.039340
0 0.068929 0.862310 0.013571 0.036802
0 0.082857 0.853426 0.012857 0.036802
4 0.130000 0.832487 0.004286 0.017766
4 0.121786 0.833122 0.010714 0.013959
2 0.163571 0.873731 0.048571 0.052030
2 0.234286 0.833122 0.065714 0.057107
1 0.151071 0.823604 0.023571 0.040609
1 0.188929 0.803299 0.020714 0.032995
1 0.206429 0.790609 0.022857 0.040609
1 0.226786 0.778553 0.020714 0.036802
1 0.243929 0.769670 0.019286 0.036802
0 0.171429 0.812183 0.021429 0.035533
0 0.136786 0.753807 0.025000 0.027919
3 0.075000 0.815355 0.075714 0.044416
1 0.195357 0.730330 0.020714 0.026650
0 0.315000 0.785533 0.024286 0.025381
0 0.350000 0.798223 0.022857 0.022843
1 0.313929 0.741751 0.023571 0.024112
1 0.315000 0.760787 0.022857 0.024112
1 0.252857 0.656091 0.022857 0.027919
1 0.262857 0.678934 0.020000 0.025381
0 0.326071 0.647843 0.022143 0.024112
0 0.289286 0.611041 0.021429 0.026650
0 0.427143 0.675127 0.020000 0.020305
0 0.357143 0.491751 0.018571 0.021574
0 0.377500 0.527284 0.019286 0.024112
1 0.393214 0.669416 0.015000 0.031726
2 0.427143 0.699239 0.022857 0.025381
0 0.464286 0.456853 0.018571 0.022843
0 0.525000 0.413071 0.018571 0.016497
1 0.483571 0.393401 0.018571 0.020305
3 0.523929 0.369924 0.030714 0.034264
0 0.550357 0.342005 0.017857 0.016497
1 0.494643 0.913071 0.023571 0.026650
1 0.525714 0.893401 0.024286 0.027919
0 0.554286 0.879442 0.024286 0.027919
3 0.671071 0.858503 0.045000 0.046954
3 0.655714 0.900381 0.064286 0.074873
3 0.665357 0.928934 0.070714 0.078680
3 0.777143 0.960660 0.041429 0.076142
3 0.752857 0.894036 0.042857 0.097716
3 0.780357 0.810279 0.042143 0.110406
0 0.920000 0.963198 0.028571 0.048223
1 0.974286 0.709391 0.027143 0.045685
1 0.986429 0.701142 0.025714 0.044416
1 0.993929 0.696066 0.012143 0.041878
3 0.874286 0.675761 0.070000 0.046954
0 0.715000 0.621827 0.020000 0.030457
1 0.713929 0.585660 0.019286 0.031726
0 0.671786 0.460025 0.016429 0.029188
3 0.739286 0.590102 0.048571 0.096447
0 0.713571 0.435279 0.018571 0.017766
3 0.809286 0.409898 0.050000 0.043147
3 0.896429 0.389594 0.048571 0.040609
1 0.987143 0.279822 0.017143 0.016497
1 0.905357 0.243020 0.017857 0.016497
0 0.902143 0.260787 0.018571 0.013959
0 0.734286 0.298858 0.017143 0.013959
0 0.681429 0.281091 0.015714 0.013959
1 0.641786 0.356599 0.019286 0.015228
4 0.665714 0.365482 0.007143 0.010152
0 0.603929 0.312817 0.012143 0.024112
0 0.591071 0.257614 0.016429 0.015228
3 0.772857 0.197335 0.040000 0.031726
3 0.925714 0.210660 0.045714 0.035533
3 0.877857 0.174492 0.042857 0.031726
1 0.937143 0.182741 0.015714 0.020305
1 0.991786 0.188452 0.016429 0.019036
0 0.965357 0.189086 0.016429 0.012690
0 0.827143 0.164975 0.014286 0.012690
0 0.767857 0.156726 0.014286 0.011421
1 0.719286 0.163706 0.010000 0.012690
0 0.684643 0.147843 0.012143 0.008883
0 0.616429 0.162437 0.011429 0.010152
1 0.556071 0.212563 0.012143 0.024112
1 0.523214 0.197335 0.010714 0.019036
0 0.541429 0.213832 0.010000 0.019036
3 0.518929 0.128807 0.020714 0.052030
3 0.355357 0.153553 0.007857 0.025381
3 0.378929 0.129442 0.013571 0.032995
3 0.387857 0.133249 0.011429 0.027919
3 0.414643 0.155457 0.030714 0.029188
3 0.414286 0.145305 0.030000 0.031726
3 0.416071 0.136421 0.032143 0.031726
3 0.417500 0.131345 0.026429 0.029188
3 0.423571 0.124365 0.018571 0.025381
3 0.401786 0.105330 0.030714 0.030457
3 0.420357 0.105330 0.030714 0.030457
3 0.417857 0.095178 0.030000 0.030457
3 0.418214 0.087563 0.029286 0.032995
3 0.423929 0.083122 0.022143 0.031726
3 0.423571 0.073604 0.030000 0.032995
3 0.399286 0.074873 0.008571 0.027919
3 0.392857 0.055838 0.010000 0.035533
3 0.400714 0.019670 0.011429 0.034264
0 0.439643 0.005711 0.006429 0.011421
0 0.449643 0.008249 0.005000 0.011421
0 0.463214 0.021574 0.006429 0.012690
0 0.444643 0.019036 0.005000 0.010152
0 0.449286 0.033629 0.007143 0.011421
1 0.454286 0.049492 0.007143 0.015228
0 0.460714 0.065355 0.008571 0.011421
0 0.471786 0.086929 0.007857 0.011421
0 0.486071 0.075508 0.007857 0.013959
0 0.480000 0.108503 0.010000 0.013959
