0 0.110357 0.077411 0.029286 0.022843
1 0.230714 0.017766 0.014286 0.032995
0 0.284286 0.040609 0.011429 0.025381
0 0.167500 0.219543 0.015000 0.030457
1 0.143214 0.265228 0.017857 0.035533
1 0.170357 0.292513 0.017857 0.044416
1 0.176429 0.375635 0.018571 0.040609
3 0.140000 0.354695 0.022857 0.077411
1 0.235714 0.865482 0.037143 0.111675
0 0.197500 0.668782 0.040714 0.038071
0 0.207143 0.461294 0.028571 0.064721
0 0.241786 0.399112 0.025000 0.054569
1 0.331429 0.248096 0.018571 0.044416
0 0.370000 0.201777 0.017143 0.032995
1 0.401071 0.303299 0.020714 0.038071
1 0.343929 0.298223 0.017857 0.045685
1 0.353929 0.341371 0.020714 0.053299
1 0.496786 0.359772 0.039286 0.039340
0 0.433571 0.585660 0.051429 0.049492
0 0.505357 0.593909 0.049286 0.048223
1 0.626071 0.245558 0.032143 0.034264
1 0.635000 0.258883 0.035714 0.043147
0 0.712500 0.255076 0.025000 0.035533
0 0.699643 0.178934 0.022143 0.038071
3 0.972500 0.299492 0.055000 0.093909
0 0.851786 0.392766 0.033571 0.041878
0 0.723929 0.471447 0.039286 0.046954
0 0.646786 0.513959 0.039286 0.045685
1 0.358571 0.819162 0.038571 0.112944
