1 0.356472 0.689703 0.053236 0.127087
4 0.443894 0.649351 0.013048 0.042672
4 0.411795 0.498609 0.016701 0.043599
4 0.440501 0.503711 0.011482 0.042672
4 0.421190 0.426716 0.012526 0.042672
4 0.399008 0.317254 0.021399 0.025974
4 0.508351 0.333488 0.012526 0.043599
4 0.530793 0.744898 0.009395 0.057514
4 0.822286 0.803803 0.032881 0.041744
4 0.708768 0.721243 0.021921 0.043599
4 0.699635 0.700835 0.025574 0.036178
4 0.695720 0.665584 0.026096 0.032468
0 0.680324 0.546382 0.028706 0.064935
4 0.773225 0.595083 0.012004 0.049165
4 0.745564 0.550557 0.012004 0.051020
4 0.758351 0.557050 0.013570 0.047310
4 0.768006 0.555195 0.014092 0.047310
4 0.670407 0.451299 0.010960 0.034323
4 0.702505 0.441095 0.012526 0.038033
4 0.736691 0.440631 0.019311 0.031540
4 0.734342 0.394249 0.019833 0.027829
4 0.657620 0.224026 0.010438 0.028757
4 0.636482 0.204082 0.016180 0.016698
4 0.623695 0.091373 0.009395 0.021336
0 0.599426 0.100186 0.018267 0.038961
4 0.537839 0.074675 0.007829 0.023191
4 0.497129 0.159091 0.016180 0.023191
1 0.605167 0.045455 0.019311 0.044527
4 0.502610 0.134972 0.017745 0.021336
4 0.463205 0.089518 0.012004 0.023191
4 0.452766 0.088590 0.006785 0.021336
4 0.440501 0.084416 0.010438 0.016698
4 0.462161 0.063080 0.012004 0.016698
4 0.457985 0.048701 0.015136 0.017625
4 0.458246 0.047774 0.012526 0.017625
0 0.443111 0.186920 0.027140 0.058442
4 0.406837 0.260668 0.020355 0.031540
4 0.459029 0.023655 0.015136 0.015770
4 0.459290 0.018553 0.011482 0.016698
0 0.509134 0.027365 0.018267 0.038033
4 0.647704 0.019944 0.012526 0.013915
