1 0.043250 0.500667 0.053500 0.037333
1 0.084000 0.476333 0.046000 0.038000
1 0.104750 0.484667 0.043500 0.034667
1 0.117750 0.460000 0.035500 0.026667
1 0.115000 0.496000 0.040000 0.041333
2 0.083250 0.513333 0.051500 0.036000
0 0.080750 0.705000 0.094500 0.067333
0 0.145000 0.642667 0.084000 0.062667
0 0.236500 0.579333 0.049000 0.052000
0 0.133250 0.801667 0.021500 0.052667
4 0.389000 0.647667 0.021000 0.027333
1 0.438000 0.666667 0.075000 0.074667
1 0.486500 0.634000 0.069000 0.058667
4 0.552750 0.654333 0.014500 0.035333
4 0.569500 0.659000 0.015000 0.034000
0 0.921000 0.606333 0.086000 0.047333
1 0.822000 0.586667 0.082000 0.052000
4 0.653750 0.567333 0.021500 0.016000
4 0.595750 0.529000 0.019500 0.023333
4 0.432750 0.496667 0.010500 0.018667
1 0.508250 0.400333 0.031500 0.027333
1 0.537000 0.384667 0.025000 0.024000
2 0.538000 0.354000 0.025000 0.025333
4 0.311500 0.500667 0.016000 0.012000
4 0.394250 0.434667 0.015500 0.013333
4 0.480000 0.390000 0.009000 0.010667
4 0.516250 0.375000 0.008500 0.014000
4 0.339500 0.748667 0.015000 0.040000
4 0.421250 0.603333 0.019500 0.024000
4 0.781250 0.549333 0.025500 0.026667
4 0.818250 0.561000 0.009500 0.026000
4 0.884750 0.575000 0.011500 0.027333
