0 0.175357 0.893810 0.115000 0.212381
0 0.319286 0.887619 0.102857 0.224762
0 0.456071 0.871905 0.115000 0.256190
0 0.585000 0.870952 0.117143 0.258095
0 0.044286 0.800476 0.088571 0.136190
0 0.038214 0.449048 0.076429 0.119048
0 0.230000 0.234762 0.084286 0.206667
0 0.376786 0.276190 0.095000 0.234286
0 0.636786 0.054762 0.172143 0.105714
0 0.666786 0.166667 0.169286 0.123810
0 0.701786 0.261429 0.166429 0.115238
0 0.687857 0.383810 0.174286 0.123810
1 0.860714 0.675714 0.241429 0.174286
1 0.715714 0.890476 0.130000 0.219048
2 0.038929 0.594762 0.077857 0.172381
1 0.366071 0.074762 0.085000 0.147619
