4 0.271399 0.563544 0.020877 0.038033
4 0.261482 0.607607 0.025052 0.031540
1 0.953027 0.913729 0.092902 0.153989
4 0.931106 0.745826 0.020877 0.057514
0 0.814196 0.692022 0.093946 0.064935
4 0.641441 0.761596 0.016701 0.051948
4 0.718685 0.505102 0.021921 0.025046
3 0.726775 0.464286 0.110125 0.075139
0 0.649791 0.425788 0.028184 0.038961
2 0.708246 0.428108 0.059499 0.043599
4 0.731472 0.403525 0.016180 0.022263
1 0.697547 0.389610 0.039144 0.038961
4 0.504697 0.509740 0.011482 0.034323
0 0.406576 0.405844 0.042797 0.032468
4 0.383873 0.356679 0.013048 0.019481
4 0.675365 0.294991 0.011482 0.012987
0 0.644833 0.286178 0.030793 0.019481
4 0.653706 0.273191 0.009916 0.010204
0 0.598121 0.264842 0.014614 0.023191
1 0.556628 0.272727 0.014092 0.029685
0 0.485125 0.282931 0.028706 0.020408
4 0.406576 0.314007 0.010438 0.015770
4 0.432672 0.281076 0.009395 0.016698
4 0.464509 0.231911 0.006263 0.012987
1 0.481472 0.203618 0.012004 0.023191
1 0.520355 0.198980 0.017745 0.017625
0 0.500783 0.226809 0.026618 0.017625
1 0.500783 0.249536 0.020355 0.012987
0 0.499739 0.256957 0.027662 0.014842
0 0.496608 0.265770 0.028706 0.017625
0 0.493476 0.272727 0.027662 0.020408
4 0.522443 0.294063 0.012526 0.014842
0 0.568633 0.156308 0.006785 0.010204
2 0.558194 0.148887 0.006785 0.015770
0 0.611691 0.169295 0.016701 0.015770
4 0.555585 0.125232 0.002610 0.003711
4 0.557933 0.120130 0.002088 0.004638
