0 0.423571 0.856667 0.024286 0.080952
0 0.475714 0.844762 0.024286 0.078095
4 0.419286 0.767619 0.012857 0.030476
4 0.432857 0.697619 0.010000 0.021905
4 0.469643 0.689524 0.007857 0.022857
4 0.490000 0.681905 0.008571 0.020952
4 0.508214 0.679524 0.009286 0.021905
4 0.520714 0.603333 0.014286 0.018095
4 0.553929 0.592857 0.013571 0.018095
4 0.673571 0.510000 0.012857 0.016190
4 0.677143 0.486667 0.017143 0.015238
4 0.472857 0.085714 0.004286 0.009524
3 0.460357 0.152381 0.013571 0.040000
1 0.612143 0.201429 0.020000 0.016190
0 0.484286 0.047619 0.005714 0.007619
0 0.572857 0.045714 0.004286 0.007619
0 0.526071 0.034762 0.009286 0.006667
