1 0.638571 0.581853 0.040000 0.092640
1 0.574286 0.725254 0.030000 0.100254
1 0.770000 0.839467 0.041429 0.105330
1 0.930000 0.498096 0.047143 0.079949
1 0.849643 0.327411 0.035000 0.073604
1 0.818929 0.258883 0.033571 0.058376
1 0.728929 0.063452 0.025000 0.048223
1 0.852500 0.138325 0.027857 0.045685
0 0.524643 0.847716 0.053571 0.065990
0 0.506071 0.388959 0.020714 0.057107
0 0.462500 0.281091 0.019286 0.049492
0 0.710714 0.110406 0.021429 0.032995
0 0.924286 0.147208 0.027143 0.035533
0 0.450714 0.168147 0.027143 0.044416
0 0.446071 0.113579 0.026429 0.034264
0 0.443214 0.097716 0.025000 0.032995
0 0.438571 0.049492 0.022857 0.035533
0 0.434643 0.033629 0.022143 0.031726
0 0.452143 0.011421 0.021429 0.022843
0 0.047857 0.486041 0.040000 0.078680
0 0.134286 0.442259 0.030000 0.069797
0 0.105000 0.375000 0.028571 0.054569
0 0.148929 0.224619 0.027857 0.053299
0 0.255357 0.048858 0.017857 0.044416
0 0.192143 0.089467 0.022857 0.044416
1 0.171071 0.046954 0.022143 0.053299
3 0.108929 0.145305 0.056429 0.148477
3 0.639286 0.455584 0.031429 0.111675
3 0.890357 0.086929 0.052143 0.110406
3 0.849286 0.039340 0.050000 0.078680
2 0.960357 0.185279 0.050714 0.071066
4 0.850357 0.237944 0.009286 0.024112
4 0.888929 0.237310 0.009286 0.020305
4 0.861429 0.296954 0.007143 0.020305
4 0.948929 0.348350 0.010714 0.024112
