0 0.562500 0.480000 0.076429 0.053333
0 0.343929 0.434286 0.057857 0.055238
0 0.310714 0.358571 0.052857 0.056190
0 0.255000 0.369524 0.042857 0.045714
0 0.188571 0.348095 0.040000 0.048571
0 0.150714 0.360952 0.037143 0.045714
0 0.159286 0.308095 0.037143 0.044762
0 0.130714 0.321429 0.035714 0.046667
0 0.171071 0.258095 0.035000 0.040000
0 0.139643 0.268571 0.035000 0.040000
0 0.110357 0.228095 0.027857 0.031429
0 0.105714 0.281429 0.035714 0.050476
0 0.086071 0.250952 0.025000 0.039048
0 0.073571 0.226667 0.027143 0.030476
0 0.080357 0.180476 0.027857 0.037143
0 0.023571 0.138571 0.030000 0.044762
0 0.880000 0.435238 0.078571 0.038095
0 0.844643 0.396190 0.076429 0.036190
0 0.932500 0.394286 0.077857 0.032381
4 0.063214 0.370952 0.015000 0.018095
4 0.066786 0.409524 0.015000 0.024762
4 0.043571 0.454762 0.015714 0.025714
4 0.379286 0.577619 0.030000 0.025714
4 0.283571 0.800952 0.041429 0.028571
4 0.674286 0.349524 0.027143 0.017143
3 0.830714 0.555714 0.221429 0.119048
