0 0.076429 0.740476 0.078571 0.132381
0 0.131071 0.599524 0.067857 0.120952
0 0.173929 0.466667 0.056429 0.108571
0 0.243571 0.370000 0.050000 0.088571
1 0.247857 0.252381 0.044286 0.064762
1 0.292857 0.105714 0.032857 0.060952
0 0.275714 0.180000 0.048571 0.066667
0 0.535000 0.527619 0.041429 0.112381
0 0.473929 0.496667 0.035000 0.063810
0 0.418929 0.525238 0.040714 0.084762
0 0.493929 0.743810 0.105000 0.068571
0 0.627143 0.780476 0.102857 0.082857
4 0.600000 0.591429 0.034286 0.040000
4 0.595000 0.303810 0.031429 0.028571
4 0.576786 0.145714 0.023571 0.022857
1 0.507500 0.290952 0.036429 0.084762
0 0.462143 0.137619 0.028571 0.054286
0 0.473571 0.085238 0.027143 0.048571
0 0.547500 0.121429 0.033571 0.054286
4 0.481429 0.378095 0.030000 0.032381
4 0.450000 0.310952 0.021429 0.039048
1 0.577857 0.083810 0.050000 0.043810
0 0.571429 0.063810 0.057143 0.040000
1 0.320714 0.027619 0.034286 0.055238
0 0.328929 0.080000 0.033571 0.051429
0 0.958929 0.796667 0.082143 0.071429
