4 0.051071 0.122381 0.013571 0.029524
0 0.013214 0.178095 0.026429 0.043810
0 0.058929 0.144286 0.045000 0.039048
0 0.055714 0.170000 0.061429 0.039048
0 0.088929 0.110952 0.056429 0.035238
1 0.147143 0.067619 0.034286 0.036190
0 0.074286 0.210000 0.068571 0.040952
0 0.120000 0.165714 0.064286 0.034286
0 0.136071 0.157143 0.062143 0.030476
0 0.148214 0.139524 0.059286 0.025714
0 0.164286 0.127619 0.057143 0.024762
0 0.166071 0.112857 0.050714 0.020000
0 0.282857 0.281905 0.067143 0.049524
4 0.187857 0.925714 0.032857 0.102857
4 0.215714 0.924762 0.031429 0.104762
4 0.265357 0.897619 0.032143 0.096190
4 0.340714 0.891429 0.024286 0.097143
4 0.385357 0.867619 0.030714 0.106667
4 0.357500 0.959524 0.030714 0.079048
1 0.390357 0.272381 0.076429 0.057143
1 0.466786 0.252857 0.067857 0.056190
2 0.441429 0.409524 0.131429 0.120000
2 0.581786 0.017143 0.026429 0.034286
0 0.584643 0.089524 0.026429 0.032381
2 0.707500 0.110952 0.043571 0.050476
0 0.656786 0.214762 0.039286 0.052381
0 0.689643 0.411905 0.105000 0.096190
0 0.843571 0.622857 0.104286 0.163810
0 0.907857 0.544286 0.102857 0.132381
1 0.799643 0.056190 0.036429 0.030476
