0 0.378000 0.866000 0.071000 0.153333
0 0.602500 0.382000 0.019000 0.016000
0 0.590250 0.365000 0.014500 0.012667
0 0.476750 0.475000 0.021500 0.031333
0 0.461750 0.539333 0.023500 0.038667
0 0.473250 0.506667 0.021500 0.032000
0 0.485000 0.445667 0.018000 0.026000
0 0.569750 0.511333 0.037500 0.029333
0 0.525500 0.356333 0.009000 0.012667
0 0.533000 0.332333 0.017000 0.010000
1 0.509250 0.349000 0.008500 0.014000
1 0.628000 0.629333 0.036000 0.082667
1 0.495250 0.632667 0.034500 0.058667
2 0.673000 0.825000 0.105000 0.268667
2 0.676750 0.584333 0.098500 0.091333
0 0.642250 0.526000 0.057500 0.032000
0 0.740250 0.523000 0.055500 0.032667
1 0.678000 0.502000 0.054000 0.036000
0 0.664500 0.462333 0.040000 0.031333
0 0.649000 0.422333 0.037000 0.022000
0 0.643750 0.409333 0.035500 0.017333
0 0.628000 0.392667 0.026000 0.020000
0 0.747500 0.560667 0.055000 0.033333
4 0.527250 0.438667 0.005500 0.013333
4 0.533250 0.675000 0.010500 0.030000
4 0.523500 0.750667 0.013000 0.038667
4 0.482250 0.861000 0.017500 0.051333
4 0.661000 0.427333 0.014000 0.012000
4 0.611500 0.364333 0.004000 0.010000
4 0.530500 0.462333 0.007000 0.016667
