4 0.556889 0.026438 0.021921 0.039889
4 0.573591 0.012523 0.027140 0.025046
4 0.569676 0.157699 0.025574 0.029685
4 0.572808 0.262987 0.020355 0.036178
4 0.576461 0.278293 0.025574 0.033395
4 0.579593 0.315863 0.029749 0.026902
4 0.597860 0.411410 0.025574 0.034323
4 0.732255 0.536178 0.014614 0.053803
4 0.616910 0.712430 0.021921 0.061224
4 0.602296 0.629406 0.021921 0.052876
4 0.661013 0.674861 0.014092 0.052876
4 0.647965 0.532931 0.012004 0.047310
4 0.633873 0.969852 0.014092 0.058442
0 0.882568 0.530148 0.052192 0.136364
