0 0.677857 0.709524 0.050000 0.034286
0 0.320714 0.489524 0.021429 0.041905
0 0.445000 0.788571 0.042857 0.062857
1 0.575000 0.842857 0.070000 0.057143
1 0.505714 0.920476 0.067143 0.052381
1 0.663571 0.661429 0.040000 0.040952
2 0.346786 0.931429 0.055000 0.135238
0 0.395714 0.331429 0.015714 0.020952
0 0.384643 0.270952 0.013571 0.016190
4 0.338929 0.330000 0.005000 0.012381
0 0.153929 0.191905 0.010714 0.014286
4 0.669286 0.634286 0.018571 0.019048
4 0.700714 0.639048 0.015714 0.013333
4 0.727143 0.695714 0.018571 0.014286
0 0.529643 0.217143 0.009286 0.013333
0 0.895714 0.317143 0.012857 0.015238
4 0.798214 0.961429 0.026429 0.016190
