0 0.345357 0.858571 0.105000 0.242857
0 0.685714 0.908571 0.102857 0.182857
0 0.658571 0.690952 0.077143 0.164762
0 0.617500 0.368095 0.052143 0.103810
0 0.589643 0.200000 0.036429 0.064762
0 0.606429 0.256190 0.034286 0.070476
0 0.577143 0.045238 0.020000 0.023810
0 0.576429 0.025714 0.022857 0.026667
0 0.571786 0.010000 0.022143 0.020000
0 0.479643 0.088571 0.025000 0.041905
0 0.458929 0.217143 0.040714 0.074286
1 0.397500 0.528571 0.070714 0.152381
1 0.446071 0.413810 0.055000 0.130476
1 0.642500 0.500000 0.066429 0.142857
1 0.465357 0.162857 0.030714 0.059048
1 0.590714 0.152857 0.028571 0.052381
1 0.588929 0.115714 0.026429 0.050476
1 0.584643 0.088571 0.025000 0.047619
1 0.579286 0.063810 0.022857 0.038095
1 0.483571 0.016190 0.034286 0.032381
