0 0.338571 0.423223 0.014286 0.034264
0 0.315714 0.460025 0.015714 0.036802
0 0.312500 0.617386 0.020714 0.052030
0 0.310000 0.689086 0.021429 0.060914
0 0.375714 0.962563 0.024286 0.072335
0 0.327857 0.119924 0.007143 0.016497
0 0.321429 0.204949 0.008571 0.019036
0 0.338214 0.145305 0.009286 0.016497
0 0.354286 0.370558 0.011429 0.030457
0 0.357500 0.405457 0.013571 0.031726
0 0.337857 0.303934 0.010000 0.024112
0 0.317143 0.401650 0.014286 0.031726
0 0.318214 0.376269 0.013571 0.029188
0 0.321071 0.253807 0.012143 0.022843
0 0.345000 0.058376 0.015714 0.012690
0 0.363929 0.053934 0.016429 0.011421
0 0.353214 0.322335 0.010714 0.025381
0 0.354643 0.342640 0.012143 0.022843
0 0.358571 0.461294 0.014286 0.041878
0 0.362143 0.547589 0.017143 0.044416
0 0.363571 0.595812 0.017143 0.041878
0 0.365000 0.644670 0.020000 0.045685
0 0.366786 0.711929 0.020714 0.055838
1 0.368214 0.782995 0.025000 0.076142
1 0.351071 0.279822 0.009286 0.031726
1 0.318571 0.084391 0.011429 0.013959
1 0.320000 0.305838 0.012857 0.027919
1 0.319643 0.343909 0.012143 0.027919
1 0.360357 0.496193 0.015000 0.040609
1 0.313571 0.494924 0.015714 0.038071
1 0.312500 0.566624 0.019286 0.049492
1 0.310357 0.776650 0.023571 0.073604
1 0.341071 0.738579 0.020714 0.060914
1 0.373214 0.877538 0.026429 0.082487
0 0.336429 0.257614 0.010000 0.038071
1 0.340000 0.163071 0.010000 0.024112
0 0.830714 0.564721 0.005714 0.025381
