0 0.062500 0.566624 0.026429 0.041878
0 0.228214 0.530457 0.040714 0.020305
0 0.093571 0.769036 0.040000 0.048223
0 0.142857 0.946066 0.045714 0.054569
0 0.446786 0.875635 0.032143 0.058376
1 0.497143 0.956853 0.030000 0.060914
0 0.808214 0.597716 0.022143 0.038071
0 0.957857 0.383249 0.017143 0.027919
4 0.996071 0.336294 0.005000 0.017766
2 0.855000 0.481599 0.032857 0.052030
2 0.875357 0.359137 0.025000 0.040609
0 0.968929 0.241117 0.016429 0.020305
0 0.930714 0.240482 0.012857 0.016497
1 0.937857 0.258249 0.017143 0.024112
1 0.925357 0.284264 0.015000 0.022843
0 0.908929 0.272208 0.016429 0.021574
3 0.877500 0.291878 0.056429 0.063452
1 0.840714 0.370558 0.018571 0.022843
0 0.815714 0.248096 0.018571 0.019036
4 0.774286 0.258249 0.007143 0.011421
3 0.752143 0.346447 0.051429 0.073604
3 0.631071 0.451142 0.057857 0.085025
1 0.563571 0.381345 0.024286 0.026650
0 0.494643 0.422589 0.025000 0.022843
0 0.406429 0.473985 0.028571 0.029188
