0 0.334750 0.916000 0.114500 0.166667
4 0.294000 0.422667 0.039000 0.082667
4 0.513500 0.467000 0.028000 0.083333
0 0.443500 0.412667 0.084000 0.200000
4 0.654500 0.267000 0.034000 0.071333
4 0.647250 0.208667 0.053500 0.060000
4 0.747500 0.154333 0.052000 0.051333
4 0.766000 0.131667 0.055000 0.043333
1 0.696500 0.079667 0.142000 0.108667
4 0.730000 0.028667 0.043000 0.030667
4 0.722000 0.017667 0.044000 0.031333
4 0.669500 0.020000 0.046000 0.040000
4 0.620750 0.032000 0.024500 0.057333
4 0.604500 0.036333 0.028000 0.055333
4 0.367250 0.105333 0.023500 0.066667
4 0.340500 0.099333 0.027000 0.069333
4 0.377000 0.027333 0.027000 0.054667
4 0.347750 0.048333 0.023500 0.048667
