0 0.070000 0.534762 0.058571 0.033333
0 0.278929 0.514762 0.056429 0.033333
0 0.523571 0.497619 0.051429 0.046667
0 0.600714 0.462857 0.055714 0.036190
0 0.708214 0.459048 0.053571 0.034286
0 0.818929 0.444286 0.052143 0.033333
0 0.941071 0.482857 0.050714 0.030476
0 0.426429 0.875238 0.024286 0.066667
0 0.470000 0.803333 0.025714 0.073333
0 0.537500 0.756190 0.023571 0.070476
2 0.538571 0.920476 0.035714 0.136190
4 0.512143 0.231905 0.010000 0.029524
4 0.430000 0.150000 0.008571 0.033333
4 0.625000 0.410476 0.021429 0.015238
4 0.647500 0.528095 0.023571 0.012381
4 0.693214 0.513810 0.022143 0.012381
4 0.494643 0.663333 0.009286 0.025714
4 0.483929 0.626667 0.010714 0.026667
4 0.448571 0.614762 0.010000 0.031429
4 0.436071 0.632857 0.009286 0.027619
4 0.386071 0.619524 0.010714 0.031429
4 0.842500 0.474286 0.027857 0.013333
4 0.810000 0.517143 0.027143 0.011429
4 0.409643 0.077143 0.009286 0.026667
