4 0.465500 0.551333 0.019000 0.052000
4 0.533000 0.718667 0.032000 0.072000
4 0.513250 0.787000 0.059500 0.039333
4 0.428500 0.886333 0.072000 0.046000
4 0.276000 0.861667 0.071000 0.039333
4 0.398750 0.610333 0.014500 0.055333
4 0.414750 0.535667 0.025500 0.047333
4 0.399500 0.350000 0.022000 0.020000
4 0.145250 0.867000 0.079500 0.055333
4 0.842000 0.585333 0.023000 0.061333
4 0.783000 0.609333 0.018000 0.053333
0 0.925500 0.681667 0.149000 0.116667
0 0.265750 0.721333 0.173500 0.093333
0 0.247250 0.148333 0.025500 0.015333
0 0.070500 0.149667 0.020000 0.016667
0 0.095500 0.149000 0.021000 0.011333
0 0.377750 0.206000 0.032500 0.021333
0 0.355250 0.214000 0.036500 0.021333
0 0.326250 0.219000 0.021500 0.023333
0 0.345000 0.190000 0.034000 0.018667
0 0.277000 0.184000 0.028000 0.017333
0 0.230500 0.184667 0.032000 0.016000
0 0.143250 0.188000 0.029500 0.016000
0 0.252250 0.210667 0.039500 0.017333
0 0.195750 0.208667 0.032500 0.017333
0 0.168500 0.215667 0.038000 0.020667
0 0.214500 0.210000 0.037000 0.018667
0 0.211500 0.249000 0.040000 0.024667
0 0.193250 0.255000 0.039500 0.027333
0 0.175000 0.263000 0.039000 0.024667
0 0.170500 0.269667 0.040000 0.028667
1 0.233250 0.294000 0.035500 0.036000
1 0.119250 0.303333 0.060500 0.032000
1 0.225750 0.230000 0.036500 0.030667
2 0.215500 0.236333 0.046000 0.028667
0 0.349500 0.249667 0.043000 0.023333
0 0.292500 0.246667 0.025000 0.032000
0 0.270000 0.270000 0.023000 0.030667
1 0.175250 0.340000 0.048500 0.042667
1 0.224500 0.337333 0.060000 0.037333
1 0.237000 0.353000 0.059000 0.044667
1 0.365500 0.330333 0.060000 0.035333
1 0.369000 0.352000 0.055000 0.034667
1 0.357000 0.370667 0.065000 0.037333
1 0.195000 0.423000 0.085000 0.048667
4 0.239750 0.392000 0.030500 0.024000
1 0.427500 0.342333 0.024000 0.051333
