4 0.487857 0.989213 0.008571 0.019036
0 0.501429 0.973350 0.021429 0.050761
0 0.519286 0.938452 0.020000 0.069797
1 0.535357 0.898477 0.017857 0.063452
1 0.549286 0.853426 0.021429 0.072335
1 0.562857 0.805203 0.021429 0.064721
1 0.578571 0.768401 0.022857 0.064721
2 0.625357 0.861675 0.062143 0.144670
0 0.719286 0.658629 0.020000 0.050761
0 0.673571 0.684010 0.024286 0.053299
1 0.655000 0.654188 0.027143 0.054569
1 0.638929 0.631980 0.027857 0.055838
2 0.978214 0.075508 0.023571 0.069797
2 0.731786 0.435279 0.027857 0.060914
0 0.706786 0.406091 0.023571 0.043147
3 0.712500 0.200508 0.059286 0.116751
1 0.702500 0.039975 0.020714 0.044416
1 0.655357 0.222081 0.023571 0.053299
1 0.581429 0.496193 0.022857 0.055838
4 0.543214 0.544416 0.007857 0.022843
1 0.438214 0.029822 0.016429 0.036802
0 0.520714 0.168147 0.018571 0.039340
1 0.485357 0.210025 0.016429 0.039340
1 0.538929 0.222081 0.017857 0.050761
0 0.532500 0.336929 0.017857 0.046954
1 0.552857 0.394036 0.018571 0.049492
0 0.550000 0.456853 0.021429 0.053299
0 0.526071 0.523477 0.022143 0.054569
3 0.521429 0.604695 0.031429 0.082487
0 0.488571 0.700508 0.018571 0.063452
0 0.462500 0.646574 0.022143 0.059645
0 0.463571 0.725254 0.020000 0.064721
2 0.452500 0.843909 0.050714 0.162437
1 0.443214 0.640228 0.020714 0.052030
0 0.423214 0.734137 0.023571 0.067259
1 0.427500 0.809645 0.023571 0.063452
2 0.391429 0.941624 0.028571 0.086294
0 0.398214 0.859137 0.022143 0.063452
0 0.314286 0.864213 0.025714 0.068528
0 0.350000 0.794416 0.024286 0.063452
1 0.337857 0.699873 0.022857 0.059645
1 0.331071 0.570431 0.019286 0.052030
1 0.221429 0.020305 0.012857 0.035533
0 0.214643 0.076777 0.013571 0.039340
4 0.078571 0.283629 0.011429 0.013959
4 0.178929 0.127538 0.003571 0.013959
0 0.207143 0.150381 0.015714 0.036802
0 0.197857 0.219543 0.015714 0.040609
0 0.186429 0.284898 0.018571 0.044416
0 0.178214 0.345812 0.017857 0.046954
1 0.163214 0.411802 0.025000 0.052030
0 0.140000 0.521574 0.024286 0.048223
0 0.120714 0.590736 0.025714 0.054569
0 0.094286 0.690990 0.027143 0.059645
1 0.062143 0.798223 0.034286 0.065990
1 0.025000 0.915609 0.038571 0.074873
