0 0.593214 0.799048 0.055000 0.137143
0 0.703929 0.731905 0.062143 0.134286
0 0.813214 0.870952 0.073571 0.145714
0 0.873214 0.853333 0.076429 0.140952
0 0.808571 0.663810 0.075714 0.125714
0 0.505714 0.394286 0.045714 0.091429
0 0.303571 0.556667 0.041429 0.080952
0 0.162857 0.442857 0.084286 0.047619
0 0.471786 0.236190 0.040714 0.076190
0 0.778929 0.319048 0.053571 0.080000
0 0.723214 0.287143 0.050714 0.077143
0 0.544643 0.182857 0.039286 0.074286
0 0.503571 0.042857 0.027143 0.055238
0 0.439643 0.103333 0.033571 0.067619
0 0.093571 0.922857 0.120000 0.080000
0 0.216786 0.885714 0.095000 0.163810
0 0.183214 0.700952 0.090714 0.081905
1 0.591786 0.531429 0.045000 0.093333
2 0.590000 0.336190 0.065714 0.112381
1 0.461786 0.030476 0.036429 0.060952
0 0.526429 0.285714 0.035714 0.080000
0 0.173214 0.397619 0.070714 0.039048
0 0.169286 0.356190 0.074286 0.038095
0 0.168571 0.230952 0.072857 0.039048
0 0.171429 0.195238 0.074286 0.036190
0 0.175000 0.160952 0.067143 0.032381
0 0.173929 0.028095 0.063571 0.035238
0 0.237143 0.171905 0.035714 0.073333
0 0.174286 0.264762 0.078571 0.045714
1 0.167143 0.133810 0.065714 0.042857
0 0.176429 0.053333 0.064286 0.038095
0 0.167500 0.501429 0.086429 0.046667
0 0.093571 0.659524 0.044286 0.124762
1 0.275000 0.051429 0.028571 0.072381
3 0.383214 0.331429 0.073571 0.236190
0 0.718571 0.976190 0.052857 0.045714
0 0.891786 0.055714 0.047857 0.035238
0 0.858571 0.014286 0.052857 0.028571
0 0.905357 0.083810 0.057857 0.038095
0 0.974643 0.039048 0.050714 0.057143
0 0.915357 0.109048 0.060714 0.040952
4 0.174286 0.084286 0.028571 0.021905
4 0.152143 0.571429 0.034286 0.019048
4 0.152143 0.551905 0.037143 0.018095
4 0.157143 0.528571 0.038571 0.032381
4 0.331786 0.896190 0.016429 0.051429
4 0.955357 0.347619 0.026429 0.034286
4 0.918571 0.431429 0.020000 0.030476
4 0.917500 0.286667 0.017857 0.028571
