1 0.459500 0.937000 0.047000 0.126000
4 0.639250 0.887000 0.019500 0.051333
4 0.688250 0.954667 0.017500 0.070667
0 0.579000 0.689333 0.038000 0.077333
1 0.568250 0.608000 0.039500 0.073333
1 0.452750 0.680667 0.035500 0.090667
1 0.457750 0.599000 0.030500 0.059333
1 0.556000 0.556667 0.033000 0.056000
0 0.463500 0.550333 0.031000 0.051333
1 0.461500 0.500000 0.025000 0.034667
1 0.499750 0.444333 0.020500 0.027333
0 0.536500 0.471333 0.025000 0.040000
1 0.463000 0.461333 0.022000 0.040000
0 0.465000 0.433000 0.019000 0.030000
1 0.457250 0.405000 0.016500 0.022000
1 0.483500 0.404667 0.025000 0.026667
1 0.462250 0.373000 0.015500 0.023333
1 0.498500 0.380000 0.031000 0.032000
0 0.521250 0.404000 0.019500 0.028000
1 0.545250 0.398000 0.020500 0.028000
0 0.513000 0.371333 0.032000 0.018667
1 0.531000 0.358333 0.016000 0.022000
0 0.395250 0.403333 0.040500 0.024000
0 0.361250 0.389667 0.035500 0.023333
0 0.376000 0.376667 0.033000 0.018667
0 0.369000 0.359333 0.028000 0.018667
1 0.395000 0.366000 0.033000 0.022667
1 0.375250 0.339667 0.026500 0.019333
1 0.396500 0.341667 0.017000 0.018000
0 0.400500 0.355667 0.029000 0.018000
1 0.432250 0.375667 0.025500 0.024667
1 0.426500 0.349667 0.030000 0.020667
1 0.435250 0.339333 0.027500 0.022667
1 0.455750 0.353667 0.013500 0.018000
1 0.460500 0.320667 0.011000 0.018667
1 0.439500 0.328000 0.021000 0.018667
0 0.458500 0.336667 0.013000 0.016000
0 0.476000 0.344667 0.020000 0.016000
0 0.483250 0.361333 0.017500 0.020000
0 0.977250 0.664333 0.045500 0.087333
4 0.913000 0.658000 0.022000 0.036000
4 0.889000 0.655000 0.018000 0.035333
4 0.878000 0.579667 0.013000 0.028667
4 0.910000 0.571333 0.014000 0.026667
1 0.957750 0.585000 0.059500 0.080667
4 0.915000 0.522333 0.011000 0.027333
4 0.910250 0.379333 0.016500 0.013333
1 0.949750 0.389333 0.058500 0.033333
4 0.979000 0.380667 0.016000 0.014667
4 0.990750 0.391333 0.018500 0.010667
4 0.777750 0.451000 0.021500 0.014000
4 0.779750 0.456000 0.020500 0.013333
1 0.781750 0.427000 0.025500 0.034000
4 0.760000 0.407000 0.010000 0.016667
1 0.746750 0.417000 0.039500 0.032667
4 0.684250 0.400667 0.011500 0.016000
4 0.690250 0.403000 0.012500 0.012667
0 0.622000 0.210333 0.012000 0.006000
2 0.693750 0.237667 0.053500 0.027333
0 0.707000 0.253000 0.021000 0.010000
1 0.702250 0.266333 0.012500 0.011333
0 0.731500 0.242333 0.018000 0.010000
0 0.747500 0.240000 0.019000 0.008000
2 0.768500 0.246000 0.040000 0.014667
0 0.743750 0.256000 0.021500 0.010667
1 0.740000 0.260667 0.018000 0.013333
2 0.732250 0.264000 0.026500 0.017333
1 0.727500 0.270000 0.021000 0.013333
0 0.723750 0.274667 0.020500 0.010667
0 0.751500 0.267000 0.012000 0.012667
0 0.773750 0.253000 0.021500 0.010000
1 0.786750 0.262000 0.012500 0.014667
1 0.782500 0.266000 0.016000 0.014667
1 0.783500 0.270667 0.009000 0.014667
1 0.776750 0.276000 0.015500 0.017333
4 0.727750 0.305000 0.006500 0.007333
2 0.767750 0.281667 0.013500 0.010000
1 0.759250 0.288000 0.016500 0.014667
1 0.770750 0.289667 0.020500 0.014000
1 0.773250 0.298333 0.021500 0.014000
0 0.794500 0.242333 0.019000 0.008667
0 0.822250 0.244000 0.021500 0.009333
0 0.852500 0.244333 0.022000 0.010000
0 0.823000 0.255333 0.021000 0.009333
0 0.827000 0.259000 0.018000 0.011333
0 0.801750 0.258000 0.023500 0.010667
1 0.794750 0.306333 0.026500 0.018000
1 0.777750 0.320333 0.022500 0.015333
1 0.807000 0.311000 0.031000 0.016667
2 0.810250 0.319333 0.015500 0.018667
1 0.843000 0.310667 0.027000 0.016000
1 0.830250 0.321000 0.024500 0.014000
1 0.870750 0.314000 0.014500 0.018667
4 0.893000 0.333333 0.006000 0.013333
4 0.853500 0.369667 0.010000 0.010000
4 0.674500 0.365667 0.013000 0.012667
4 0.696500 0.337667 0.006000 0.011333
