0 0.654643 0.975238 0.050714 0.049524
4 0.695000 0.896667 0.020000 0.048571
4 0.654643 0.840476 0.022143 0.048571
0 0.581786 0.712381 0.049286 0.089524
4 0.569286 0.605238 0.015714 0.035238
4 0.017143 0.936667 0.034286 0.033333
0 0.067857 0.707619 0.085714 0.089524
4 0.072500 0.579048 0.013571 0.034286
4 0.085714 0.575714 0.012857 0.037143
4 0.111429 0.531905 0.028571 0.023810
4 0.105714 0.522381 0.022857 0.029524
4 0.084643 0.501905 0.020714 0.024762
0 0.238929 0.406667 0.055000 0.047619
4 0.308214 0.378095 0.009286 0.024762
4 0.326071 0.359524 0.007857 0.021905
4 0.381786 0.431905 0.010714 0.027619
4 0.413929 0.496667 0.012143 0.027619
4 0.371429 0.590000 0.011429 0.033333
4 0.381429 0.617619 0.010000 0.033333
4 0.436071 0.587619 0.012143 0.038095
4 0.456786 0.594286 0.017857 0.040000
4 0.472143 0.583810 0.012857 0.038095
4 0.487143 0.612381 0.014286 0.036190
4 0.484643 0.575714 0.012143 0.033333
4 0.502500 0.577619 0.012143 0.037143
4 0.475357 0.544762 0.010714 0.032381
4 0.531786 0.490000 0.012143 0.029524
4 0.511071 0.420476 0.019286 0.023810
4 0.456429 0.297143 0.011429 0.024762
4 0.349286 0.281429 0.010000 0.025714
4 0.350000 0.201905 0.007143 0.019048
4 0.426071 0.617143 0.015000 0.034286
1 0.401071 0.527143 0.027857 0.065714
0 0.442500 0.519524 0.033571 0.071429
0 0.426071 0.442857 0.029286 0.062857
0 0.407500 0.390476 0.032143 0.053333
0 0.391786 0.277619 0.022143 0.042857
1 0.292857 0.339048 0.030000 0.051429
4 0.289286 0.309524 0.020000 0.015238
4 0.297857 0.298571 0.020000 0.018095
0 0.296786 0.248571 0.040714 0.034286
0 0.298571 0.221905 0.034286 0.026667
1 0.292500 0.198571 0.035000 0.029524
0 0.287143 0.123810 0.027143 0.024762
2 0.298571 0.077619 0.021429 0.050476
4 0.327500 0.132381 0.009286 0.017143
4 0.922143 0.803810 0.038571 0.024762
4 0.908214 0.778571 0.037857 0.023810
4 0.983929 0.388571 0.010714 0.026667
4 0.965000 0.389524 0.012857 0.024762
4 0.971429 0.384762 0.010000 0.026667
4 0.922500 0.384286 0.009286 0.025714
1 0.790357 0.482381 0.030714 0.056190
4 0.879643 0.373333 0.020714 0.022857
4 0.910714 0.321429 0.010000 0.020000
4 0.756071 0.375714 0.022143 0.021905
0 0.687500 0.389048 0.055000 0.033333
4 0.705714 0.294762 0.008571 0.023810
4 0.692500 0.300476 0.012143 0.031429
4 0.681071 0.288571 0.007857 0.022857
4 0.665000 0.290952 0.012857 0.023810
0 0.636429 0.214762 0.042857 0.027619
4 0.595357 0.211905 0.009286 0.018095
4 0.645357 0.187619 0.016429 0.015238
4 0.592500 0.171429 0.009286 0.019048
4 0.578214 0.182857 0.013571 0.019048
4 0.613929 0.130476 0.006429 0.017143
4 0.626071 0.125714 0.013571 0.013333
4 0.591071 0.116667 0.015000 0.014286
4 0.742143 0.573333 0.028571 0.019048
0 0.644286 0.355238 0.044286 0.040000
0 0.552857 0.375238 0.034286 0.043810
4 0.570000 0.370952 0.015714 0.027619
0 0.535714 0.325714 0.028571 0.040000
0 0.523214 0.280952 0.025000 0.038095
0 0.510714 0.244762 0.021429 0.034286
0 0.552143 0.234286 0.022857 0.041905
4 0.495357 0.216667 0.017857 0.016190
4 0.481786 0.204762 0.019286 0.015238
4 0.505357 0.194286 0.017857 0.015238
0 0.456071 0.190476 0.025000 0.032381
0 0.406071 0.160476 0.022143 0.027619
4 0.435714 0.157619 0.017143 0.018095
0 0.442143 0.141905 0.022857 0.030476
3 0.506071 0.149048 0.077857 0.058095
0 0.468214 0.138095 0.023571 0.030476
1 0.493929 0.118095 0.019286 0.028571
0 0.429286 0.120952 0.020000 0.028571
4 0.401429 0.099048 0.008571 0.019048
