1 0.529643 0.598350 0.033571 0.110406
2 0.968571 0.820431 0.062857 0.173858
0 0.848929 0.402284 0.026429 0.058376
0 0.865714 0.458122 0.031429 0.058376
1 0.374286 0.381980 0.027143 0.076142
0 0.451429 0.319162 0.022857 0.062183
3 0.552500 0.243020 0.040714 0.186548
1 0.506071 0.158629 0.023571 0.068528
0 0.426429 0.145305 0.020000 0.044416
0 0.450714 0.029188 0.020000 0.035533
2 0.400714 0.031726 0.034286 0.063452
2 0.800357 0.234772 0.036429 0.088832
1 0.743214 0.066624 0.023571 0.044416
0 0.719286 0.281091 0.024286 0.052030
