0 0.394643 0.943333 0.056429 0.113333
1 0.505714 0.954762 0.061429 0.090476
4 0.776071 0.945238 0.046429 0.035238
4 0.770357 0.904762 0.050714 0.034286
0 0.664643 0.704286 0.090714 0.067619
0 0.621071 0.593810 0.123571 0.079048
4 0.753214 0.662381 0.043571 0.037143
0 0.275357 0.677143 0.053571 0.146667
1 0.276429 0.864762 0.057143 0.154286
1 0.457143 0.101905 0.041429 0.106667
0 0.292500 0.167619 0.046429 0.110476
0 0.297500 0.063333 0.042143 0.105714
0 0.622500 0.492857 0.110714 0.075238
0 0.567500 0.364286 0.093571 0.061905
4 0.685714 0.627619 0.045714 0.030476
4 0.697500 0.311429 0.020714 0.059048
4 0.664286 0.283810 0.014286 0.041905
4 0.635714 0.135714 0.034286 0.027619
4 0.627500 0.119524 0.032143 0.035238
4 0.520357 0.260000 0.039286 0.028571
4 0.496429 0.062857 0.030000 0.026667
