2 0.490000 0.863810 0.045714 0.152381
2 0.468571 0.574762 0.052857 0.124762
2 0.518571 0.474286 0.055714 0.222857
2 0.528214 0.263810 0.045000 0.186667
2 0.534286 0.140952 0.032857 0.087619
2 0.538929 0.029048 0.030714 0.058095
2 0.499286 0.110952 0.034286 0.086667
0 0.357500 0.696190 0.039286 0.099048
0 0.323214 0.570476 0.046429 0.091429
0 0.298571 0.486190 0.038571 0.077143
0 0.053214 0.446190 0.053571 0.086667
1 0.025000 0.425238 0.050000 0.079048
0 0.026429 0.311905 0.052857 0.037143
1 0.338214 0.224762 0.027857 0.062857
4 0.166429 0.681429 0.025714 0.031429
4 0.148571 0.811905 0.034286 0.021905
