4 0.011250 0.035333 0.019500 0.026667
1 0.229000 0.147667 0.056000 0.080667
4 0.111250 0.198000 0.017500 0.033333
4 0.102250 0.340000 0.026500 0.052000
4 0.249000 0.576333 0.019000 0.051333
4 0.132750 0.488333 0.034500 0.038000
4 0.050250 0.571667 0.029500 0.032667
1 0.121750 0.705000 0.079500 0.202000
0 0.313250 0.109667 0.056500 0.068667
4 0.365000 0.068667 0.017000 0.034667
1 0.427250 0.352333 0.062500 0.100667
4 0.367250 0.610333 0.020500 0.040667
2 0.457000 0.538333 0.117000 0.126000
1 0.640000 0.012333 0.032000 0.024667
0 0.667250 0.006333 0.033500 0.012667
0 0.506500 0.210000 0.079000 0.084000
0 0.559500 0.266333 0.092000 0.059333
0 0.611250 0.134667 0.070500 0.064000
1 0.591250 0.337667 0.093500 0.090000
4 0.668500 0.391667 0.038000 0.030000
4 0.667000 0.467000 0.033000 0.036667
0 0.676500 0.083333 0.063000 0.054667
2 0.751250 0.816000 0.120500 0.174667
0 0.801000 0.565667 0.055000 0.070000
0 0.859750 0.943000 0.132500 0.114000
0 0.840250 0.621000 0.119500 0.098000
4 0.913250 0.647000 0.032500 0.052667
4 0.965250 0.585000 0.024500 0.055333
