4 0.428929 0.031429 0.012143 0.024762
0 0.503929 0.055714 0.027857 0.050476
4 0.345357 0.163333 0.013571 0.018095
4 0.345714 0.238095 0.011429 0.026667
1 0.455714 0.220476 0.031429 0.056190
4 0.385357 0.306190 0.016429 0.018095
4 0.938214 0.372857 0.029286 0.018095
4 0.828214 0.301429 0.023571 0.023810
4 0.818214 0.310952 0.020714 0.021905
4 0.810000 0.339048 0.027143 0.020952
1 0.966071 0.423810 0.067857 0.053333
0 0.883214 0.408095 0.067857 0.044762
0 0.761786 0.297143 0.060714 0.041905
1 0.695714 0.275714 0.062857 0.054286
0 0.419643 0.480952 0.042143 0.087619
0 0.344286 0.765714 0.047143 0.100952
0 0.321071 0.889524 0.050714 0.110476
1 0.258929 0.906190 0.056429 0.111429
4 0.196429 0.421429 0.030000 0.018095
4 0.179643 0.460476 0.025000 0.018095
4 0.368571 0.415714 0.015714 0.031429
4 0.346071 0.461905 0.016429 0.032381
4 0.065000 0.816667 0.022857 0.027619
4 0.104286 0.796667 0.028571 0.023810
4 0.128214 0.613810 0.030714 0.020000
4 0.227500 0.555714 0.023571 0.018095
2 0.337143 0.610476 0.068571 0.121905
4 0.383571 0.985714 0.028571 0.026667
4 0.400357 0.930000 0.026429 0.021905
4 0.423929 0.833333 0.030714 0.020952
4 0.429643 0.815714 0.029286 0.018095
4 0.436429 0.771905 0.027143 0.021905
4 0.445357 0.757619 0.026429 0.023810
4 0.412500 0.735238 0.026429 0.032381
4 0.433571 0.718095 0.027143 0.019048
4 0.452500 0.704762 0.010714 0.032381
4 0.446071 0.671905 0.025000 0.020000
4 0.230000 0.859048 0.024286 0.049524
4 0.466429 0.579524 0.017143 0.033333
4 0.308214 0.555238 0.017857 0.034286
