1 0.476500 0.862333 0.036000 0.120667
1 0.437000 0.855000 0.042000 0.123333
1 0.625500 0.769667 0.101000 0.064667
1 0.645250 0.560000 0.073500 0.048000
1 0.418000 0.601333 0.078000 0.054667
1 0.383250 0.664667 0.072500 0.053333
1 0.313750 0.617333 0.075500 0.058667
1 0.269250 0.558333 0.080500 0.050000
1 0.186000 0.622000 0.078000 0.046667
1 0.115250 0.651333 0.044500 0.105333
1 0.188250 0.514667 0.080500 0.053333
1 0.176750 0.462000 0.106500 0.054667
1 0.248500 0.457000 0.045000 0.104667
1 0.264250 0.266333 0.037500 0.062000
1 0.220500 0.265667 0.034000 0.083333
1 0.312750 0.388667 0.048500 0.049333
0 0.236000 0.089333 0.070000 0.078667
1 0.675250 0.097000 0.043500 0.100667
1 0.646750 0.118667 0.047500 0.096000
1 0.602500 0.143333 0.069000 0.052000
0 0.674500 0.983667 0.095000 0.032667
4 0.212250 0.379000 0.019500 0.038000
4 0.130500 0.438000 0.030000 0.025333
4 0.455000 0.335667 0.014000 0.032667
1 0.529750 0.157000 0.084500 0.055333
4 0.048750 0.677667 0.026500 0.050000
4 0.613000 0.695333 0.032000 0.033333
