4 0.166232 0.607143 0.036013 0.067718
4 0.298017 0.801948 0.058455 0.121521
4 0.436587 0.391929 0.017223 0.060297
4 0.365605 0.391466 0.019311 0.042672
4 0.504697 0.417904 0.014614 0.062152
1 0.458246 0.728664 0.065762 0.179035
4 0.643528 0.852968 0.026096 0.108534
4 0.554541 0.698980 0.020355 0.088126
4 0.524269 0.592301 0.040188 0.056586
0 0.604645 0.240260 0.029749 0.074212
2 0.620303 0.125232 0.069415 0.170686
4 0.556106 0.137755 0.010960 0.045455
4 0.476775 0.254174 0.014092 0.044527
0 0.484603 0.109462 0.038100 0.068646
1 0.979384 0.191095 0.040188 0.085343
