2 0.070000 0.769524 0.127143 0.104762
2 0.523929 0.613810 0.066429 0.061905
2 0.702857 0.495238 0.057143 0.066667
2 0.942143 0.334286 0.057143 0.064762
4 0.139643 0.937619 0.020714 0.020000
4 0.437857 0.889048 0.025714 0.025714
0 0.269643 0.734762 0.062143 0.048571
4 0.174286 0.691429 0.025714 0.011429
4 0.630357 0.615238 0.016429 0.017143
4 0.738929 0.655238 0.016429 0.013333
4 0.722500 0.696190 0.016429 0.015238
4 0.859643 0.611905 0.012143 0.018095
4 0.896071 0.585238 0.017857 0.018095
0 0.990714 0.309048 0.018571 0.023810
