0 0.566806 0.946660 0.040710 0.104824
1 0.569154 0.647032 0.025574 0.062152
0 0.321242 0.701299 0.057933 0.053803
0 0.348382 0.640074 0.053758 0.053803
2 0.580115 0.451763 0.041232 0.161410
2 0.559238 0.286178 0.027662 0.089981
4 0.391962 0.480056 0.017745 0.017625
4 0.385177 0.477273 0.014614 0.017625
4 0.388048 0.462894 0.014092 0.014842
0 0.418058 0.379870 0.018789 0.041744
1 0.442850 0.324212 0.015136 0.023191
4 0.449896 0.301484 0.012526 0.011132
4 0.454332 0.304267 0.009916 0.011132
4 0.454854 0.199907 0.003653 0.010204
4 0.462683 0.197124 0.005741 0.012059
4 0.433977 0.240260 0.006785 0.009276
4 0.437630 0.230983 0.006785 0.011132
4 0.473382 0.193414 0.007307 0.008349
0 0.470511 0.160019 0.009916 0.021336
4 0.503132 0.148887 0.003132 0.010204
4 0.502349 0.140074 0.003653 0.009276
4 0.500783 0.131725 0.003653 0.009276
4 0.497390 0.134045 0.003132 0.012059
4 0.486430 0.133117 0.005219 0.010204
4 0.487213 0.121058 0.007829 0.008349
1 0.499217 0.070037 0.005741 0.012059
0 0.503653 0.039889 0.006263 0.009276
4 0.525313 0.009740 0.002610 0.004638
4 0.514614 0.067254 0.003132 0.012059
0 0.531576 0.057514 0.007829 0.011132
0 0.546190 0.056586 0.006785 0.011132
0 0.546190 0.040353 0.005741 0.010204
0 0.547234 0.024119 0.005741 0.009276
0 0.545146 0.015306 0.004697 0.008349
0 0.548017 0.007885 0.005219 0.010204
0 0.545929 0.073284 0.008351 0.014842
0 0.545407 0.108998 0.008351 0.015770
2 0.559760 0.083024 0.007829 0.013915
4 0.556889 0.072820 0.003132 0.006494
0 0.560804 0.128479 0.007829 0.015770
0 0.570198 0.104824 0.014092 0.012987
2 0.547234 0.169295 0.014092 0.034323
4 0.580376 0.157236 0.004175 0.010204
4 0.581159 0.168367 0.003653 0.010204
0 0.546712 0.225881 0.012004 0.019481
4 0.583246 0.226345 0.003653 0.011132
4 0.594468 0.250928 0.004175 0.017625
4 0.743215 0.947588 0.028184 0.043599
4 0.737213 0.919759 0.027662 0.032468
4 0.772182 0.793599 0.010960 0.034323
4 0.733559 0.668367 0.008873 0.032468
4 0.709812 0.647959 0.010438 0.030612
4 0.716858 0.638219 0.008873 0.029685
4 0.717380 0.615492 0.008873 0.028757
4 0.736952 0.598794 0.018789 0.017625
4 0.720251 0.554267 0.014614 0.017625
4 0.698069 0.444341 0.013048 0.016698
4 0.655010 0.504638 0.015658 0.020408
4 0.658142 0.492115 0.014614 0.013915
4 0.639614 0.396568 0.013048 0.019481
4 0.619781 0.292208 0.012004 0.014842
4 0.632568 0.205009 0.009395 0.011132
4 0.615344 0.190631 0.004175 0.012059
4 0.609603 0.076531 0.003132 0.006494
4 0.612735 0.062616 0.002088 0.004638
0 0.613779 0.049165 0.010438 0.009276
0 0.605167 0.040353 0.004697 0.008349
0 0.599687 0.021800 0.005219 0.010204
0 0.604123 0.019017 0.009916 0.012059
1 0.573330 0.012987 0.006785 0.011132
