4 0.282098 0.696660 0.048539 0.040816
1 0.293058 0.558442 0.102818 0.090909
1 0.293319 0.483302 0.087683 0.079777
0 0.318894 0.417440 0.084551 0.074212
1 0.464770 0.315863 0.070459 0.069573
0 0.467902 0.386364 0.084029 0.080705
0 0.475209 0.473562 0.086117 0.075139
0 0.480689 0.550557 0.102296 0.080705
0 0.453549 0.641929 0.097077 0.089054
3 0.562630 0.816790 0.062630 0.316327
2 0.640658 0.865492 0.064196 0.235622
4 0.775052 0.807050 0.044885 0.038961
0 0.721555 0.559833 0.097599 0.089981
0 0.710073 0.487941 0.089248 0.074212
0 0.709290 0.413729 0.090814 0.066790
2 0.716075 0.350649 0.104384 0.085343
4 0.505480 0.194805 0.023486 0.033395
0 0.813413 0.071429 0.069415 0.057514
4 0.648486 0.216141 0.023486 0.027829
4 0.653184 0.200371 0.031837 0.033395
4 0.679280 0.050093 0.012004 0.038961
4 0.583507 0.070501 0.011482 0.038961
4 0.557411 0.066327 0.012526 0.039889
4 0.529228 0.074675 0.013570 0.038033
4 0.517223 0.061224 0.012526 0.042672
4 0.488518 0.060761 0.009395 0.039889
4 0.458768 0.065399 0.010438 0.034323
4 0.449374 0.057978 0.012526 0.045455
4 0.419102 0.087199 0.020877 0.031540
4 0.400835 0.077458 0.020877 0.026902
4 0.405010 0.059833 0.020877 0.030612
4 0.401096 0.040816 0.010960 0.037106
4 0.394833 0.037106 0.008873 0.040816
4 0.353862 0.043599 0.020877 0.033395
4 0.329593 0.032004 0.012004 0.039889
4 0.269572 0.043135 0.020355 0.028757
4 0.227035 0.138683 0.025052 0.032468
4 0.224426 0.108998 0.037578 0.043599
4 0.122651 0.151670 0.025052 0.036178
4 0.048017 0.128942 0.030271 0.029685
4 0.077244 0.036642 0.026096 0.030612
4 0.103862 0.044527 0.021921 0.035250
4 0.111430 0.052412 0.019311 0.034323
4 0.119520 0.062616 0.020877 0.039889
4 0.129175 0.038497 0.019311 0.036178
