4 0.433929 0.430000 0.043571 0.035238
4 0.372857 0.518571 0.037143 0.044762
4 0.668571 0.042381 0.012857 0.029524
4 0.689286 0.042857 0.017143 0.024762
4 0.707857 0.058095 0.014286 0.017143
4 0.694286 0.069048 0.012857 0.018095
4 0.716429 0.085714 0.015714 0.022857
4 0.893214 0.153810 0.019286 0.021905
0 0.760357 0.049524 0.050714 0.047619
0 0.778929 0.012381 0.032143 0.024762
2 0.745000 0.016190 0.067143 0.032381
0 0.476429 0.860000 0.121429 0.144762
0 0.616071 0.723333 0.109286 0.113333
0 0.677857 0.793810 0.111429 0.126667
0 0.831786 0.764286 0.096429 0.119048
0 0.891786 0.454286 0.075000 0.081905
0 0.827857 0.625238 0.088571 0.090476
1 0.717143 0.623333 0.088571 0.100000
1 0.962500 0.298095 0.062143 0.068571
0 0.965714 0.580952 0.068571 0.095238
0 0.980714 0.447619 0.038571 0.066667
0 0.336429 0.971429 0.088571 0.057143
