0 0.031071 0.014286 0.039286 0.024762
0 0.083214 0.014762 0.040714 0.025714
0 0.012500 0.044286 0.025000 0.025714
0 0.145714 0.005714 0.042857 0.011429
4 0.067857 0.638571 0.014286 0.029524
4 0.137500 0.450000 0.009286 0.027619
4 0.184643 0.308095 0.010714 0.025714
4 0.216071 0.258571 0.010714 0.023810
4 0.279286 0.260000 0.010000 0.026667
4 0.468571 0.196190 0.018571 0.017143
4 0.497500 0.203333 0.012143 0.023810
4 0.516786 0.205714 0.007857 0.020952
4 0.527500 0.206667 0.009286 0.022857
4 0.427500 0.167619 0.016429 0.011429
4 0.421429 0.112381 0.008571 0.026667
4 0.407857 0.101429 0.017143 0.014286
4 0.400357 0.073333 0.016429 0.013333
4 0.393214 0.011905 0.016429 0.014286
4 0.269286 0.083810 0.008571 0.024762
4 0.201071 0.040476 0.016429 0.014286
0 0.367857 0.034286 0.021429 0.036190
0 0.305714 0.068095 0.020000 0.037143
1 0.192857 0.080000 0.035714 0.034286
0 0.406071 0.209048 0.037857 0.039048
0 0.418929 0.227143 0.037857 0.040952
0 0.496786 0.247619 0.022143 0.040000
0 0.442143 0.239524 0.035714 0.050476
1 0.474643 0.243333 0.017857 0.042857
1 0.532500 0.254762 0.016429 0.040952
4 0.366071 0.401905 0.016429 0.032381
0 0.028214 0.197143 0.033571 0.043810
2 0.217857 0.360476 0.037143 0.065714
0 0.107857 0.405238 0.037143 0.061905
0 0.044286 0.564286 0.041429 0.071429
0 0.195357 0.898095 0.046429 0.100952
0 0.225000 0.786667 0.042857 0.093333
0 0.247857 0.684286 0.041429 0.077143
0 0.262143 0.540000 0.037143 0.070476
0 0.480000 0.541905 0.051429 0.043810
4 0.679643 0.663333 0.009286 0.029524
4 0.550714 0.650952 0.027143 0.025714
4 0.543571 0.642857 0.022857 0.026667
4 0.537857 0.632857 0.020000 0.027619
0 0.741429 0.779524 0.058571 0.084762
0 0.648571 0.880000 0.052857 0.053333
