0 0.258571 0.397843 0.040000 0.036802
1 0.242857 0.465736 0.018571 0.068528
1 0.267857 0.462563 0.018571 0.069797
1 0.229286 0.641497 0.020000 0.090102
1 0.277857 0.597716 0.018571 0.086294
0 0.228214 0.730330 0.019286 0.062183
0 0.376071 0.366117 0.036429 0.029188
0 0.436071 0.333122 0.016429 0.059645
1 0.457857 0.317259 0.018571 0.053299
0 0.946429 0.496193 0.038571 0.050761
1 0.946071 0.563452 0.049286 0.040609
1 0.990714 0.599619 0.018571 0.074873
1 0.949643 0.596447 0.049286 0.038071
1 0.436071 0.720812 0.029286 0.086294
1 0.231071 0.937183 0.025000 0.092640
