3 0.782143 0.838571 0.135714 0.140000
3 0.748571 0.769524 0.127143 0.127619
3 0.724286 0.714286 0.104286 0.099048
3 0.712500 0.674762 0.097857 0.090476
3 0.710714 0.642381 0.091429 0.075238
3 0.715000 0.620476 0.087143 0.071429
3 0.717143 0.600476 0.082857 0.071429
3 0.710714 0.501429 0.071429 0.054286
3 0.702857 0.484762 0.067143 0.049524
3 0.701071 0.467619 0.065000 0.043810
3 0.688929 0.446667 0.056429 0.040000
0 0.547500 0.381905 0.010714 0.013333
0 0.696786 0.294762 0.006429 0.008571
0 0.725714 0.297143 0.005714 0.005714
0 0.736786 0.296190 0.005000 0.007619
0 0.393929 0.647619 0.023571 0.038095
1 0.045000 0.813810 0.048571 0.054286
0 0.136786 0.869048 0.055000 0.042857
