0 0.157500 0.952381 0.085000 0.064762
0 0.363571 0.932381 0.090000 0.062857
2 0.566786 0.909524 0.127857 0.074286
4 0.659286 0.846190 0.037143 0.018095
1 0.895357 0.867143 0.097857 0.054286
0 0.942857 0.612381 0.080000 0.049524
0 0.831071 0.619524 0.085000 0.052381
1 0.740000 0.618095 0.075714 0.047619
1 0.637143 0.620952 0.091429 0.045714
1 0.415357 0.636667 0.069286 0.050476
0 0.337500 0.650952 0.082143 0.048571
2 0.245714 0.660000 0.085714 0.047619
2 0.117857 0.678095 0.077143 0.041905
4 0.479286 0.498571 0.028571 0.020000
4 0.335357 0.442857 0.016429 0.036190
4 0.513929 0.457619 0.013571 0.042857
0 0.795714 0.507143 0.087143 0.052381
1 0.166429 0.152857 0.051429 0.069524
0 0.201071 0.126190 0.059286 0.071429
0 0.295357 0.132381 0.069286 0.068571
0 0.228214 0.104762 0.056429 0.072381
1 0.262500 0.076190 0.049286 0.064762
0 0.293571 0.055714 0.055714 0.067619
0 0.320357 0.030476 0.052143 0.060952
1 0.423214 0.156190 0.039286 0.057143
0 0.456071 0.133810 0.057857 0.065714
0 0.501429 0.130952 0.050000 0.063810
0 0.538214 0.121905 0.055000 0.072381
0 0.569643 0.096667 0.062143 0.082857
