0 0.095251 0.142857 0.039144 0.025974
0 0.099687 0.122449 0.031315 0.016698
0 0.095511 0.100186 0.031315 0.020408
0 0.094207 0.085343 0.030793 0.018553
2 0.092902 0.065399 0.037578 0.019481
4 0.106994 0.037570 0.013570 0.013915
4 0.090292 0.044063 0.013570 0.012059
0 0.093163 0.030148 0.028706 0.013915
0 0.093424 0.017161 0.026096 0.015770
0 0.088727 0.214750 0.029228 0.039889
0 0.090031 0.483766 0.052714 0.043599
0 0.533142 0.360853 0.039144 0.038961
0 0.505219 0.406772 0.042797 0.043599
4 0.561065 0.284323 0.006263 0.013915
4 0.547495 0.258349 0.005219 0.015770
4 0.541754 0.246289 0.006263 0.010204
4 0.533925 0.231447 0.005219 0.012059
0 0.750522 0.450371 0.041754 0.056586
0 0.423539 0.499072 0.053758 0.051948
