4 0.318250 0.877000 0.022500 0.071333
4 0.345250 0.883000 0.019500 0.076667
4 0.334000 0.843667 0.022000 0.050000
4 0.369500 0.819667 0.022000 0.056667
4 0.336750 0.809333 0.022500 0.042667
4 0.460500 0.734000 0.014000 0.037333
4 0.690750 0.968000 0.061500 0.064000
1 0.714500 0.849333 0.149000 0.110667
4 0.810000 0.890667 0.062000 0.049333
4 0.827750 0.799333 0.034500 0.049333
4 0.669500 0.807000 0.037000 0.048667
4 0.726000 0.814333 0.030000 0.044667
4 0.622000 0.823000 0.018000 0.056667
4 0.603500 0.828000 0.024000 0.054667
4 0.438000 0.643333 0.006000 0.022667
4 0.513250 0.592333 0.005500 0.012667
0 0.474500 0.582333 0.015000 0.016667
4 0.505500 0.581333 0.005000 0.012000
1 0.525250 0.577667 0.013500 0.019333
1 0.522750 0.568333 0.012500 0.016667
1 0.522250 0.565000 0.010500 0.018000
0 0.516500 0.559000 0.011000 0.012667
1 0.467000 0.561000 0.021000 0.012667
0 0.484250 0.553333 0.010500 0.012000
1 0.513500 0.542333 0.008000 0.010000
1 0.509250 0.535333 0.007500 0.010667
0 0.489250 0.542667 0.006500 0.006667
0 0.490250 0.537000 0.007500 0.007333
1 0.501250 0.532667 0.006500 0.006667
0 0.520250 0.536333 0.007500 0.008667
1 0.527750 0.533333 0.007500 0.006667
1 0.493000 0.533667 0.006000 0.007333
0 0.498750 0.535667 0.011500 0.006000
