0 0.114807 0.630248 0.119456 0.132634
0 0.239986 0.844466 0.135193 0.127863
0 0.282189 0.763359 0.129471 0.120229
0 0.316881 0.677958 0.120172 0.104008
0 0.358727 0.617844 0.108011 0.098282
0 0.376609 0.552481 0.100858 0.080153
0 0.738197 0.426527 0.054363 0.110687
3 0.840486 0.269084 0.045780 0.101145
0 0.757868 0.245706 0.040773 0.088740
0 0.954936 0.677004 0.060086 0.155534
0 0.948856 0.143607 0.025036 0.058206
0 0.793991 0.075859 0.024320 0.060115
4 0.798999 0.349237 0.015737 0.038168
4 0.350143 0.334447 0.026466 0.027672
4 0.435265 0.456584 0.035050 0.052481
4 0.515737 0.446565 0.038627 0.030534
4 0.617310 0.574427 0.042918 0.028626
4 0.545422 0.579676 0.037911 0.041031
4 0.671316 0.139313 0.022175 0.024809
0 0.708155 0.106870 0.064378 0.043893
0 0.640558 0.114981 0.060801 0.041031
0 0.582260 0.025763 0.030043 0.040076
0 0.481760 0.036737 0.030758 0.031489
1 0.567239 0.084447 0.070100 0.073473
1 0.645923 0.064408 0.050072 0.041031
