0 0.019643 0.164762 0.039286 0.127619
0 0.015000 0.040476 0.030000 0.080952
3 0.177857 0.420476 0.174286 0.294286
4 0.339643 0.322857 0.033571 0.072381
4 0.356429 0.117619 0.022857 0.052381
0 0.503929 0.021905 0.055000 0.043810
0 0.636429 0.125238 0.051429 0.132381
4 0.735357 0.161429 0.025000 0.067619
4 0.751071 0.148095 0.029286 0.056190
0 0.452500 0.289524 0.097857 0.186667
0 0.536429 0.383333 0.078571 0.195238
0 0.413929 0.554762 0.095000 0.233333
0 0.508571 0.653333 0.097143 0.274286
0 0.370357 0.860476 0.123571 0.263810
