0 0.095357 0.889048 0.112143 0.061905
0 0.289286 0.345714 0.045714 0.118095
0 0.301429 0.151905 0.042857 0.107619
0 0.501429 0.097619 0.034286 0.086667
0 0.644286 0.334286 0.038571 0.106667
0 0.790357 0.311905 0.070714 0.086667
0 0.775357 0.255238 0.070714 0.080000
0 0.802857 0.372857 0.064286 0.071429
0 0.773214 0.453333 0.070714 0.083810
1 0.814286 0.551429 0.081429 0.080000
1 0.772143 0.188095 0.067143 0.077143
2 0.695000 0.576190 0.111429 0.226667
0 0.651071 0.459524 0.042143 0.113333
0 0.637500 0.161905 0.036429 0.095238
4 0.184286 0.131429 0.034286 0.026667
4 0.171429 0.201429 0.031429 0.033333
0 0.807857 0.880476 0.052857 0.138095
4 0.570000 0.762381 0.010000 0.052381
2 0.597143 0.069048 0.044286 0.138095
0 0.636071 0.054286 0.032143 0.087619
4 0.765714 0.040000 0.025714 0.030476
1 0.769286 0.015714 0.031429 0.031429
