4 0.210334 0.510668 0.014614 0.015770
4 0.246086 0.487477 0.015136 0.013915
4 0.443111 0.676716 0.011482 0.034323
0 0.500522 0.566790 0.017745 0.051948
4 0.331681 0.479592 0.019311 0.024119
4 0.367693 0.474954 0.018267 0.024119
0 0.504175 0.322820 0.018789 0.044527
3 0.497129 0.173933 0.015136 0.039889
4 0.468424 0.141929 0.007829 0.012987
0 0.480428 0.124304 0.009916 0.022263
0 0.501044 0.127087 0.010438 0.022263
1 0.500783 0.096475 0.008873 0.020408
0 0.510177 0.094620 0.008873 0.020408
0 0.466336 0.092301 0.017223 0.013915
4 0.488257 0.084416 0.003653 0.007421
4 0.492171 0.084416 0.003132 0.007421
4 0.483038 0.069109 0.003653 0.010204
4 0.322808 0.191095 0.004697 0.014842
0 0.325939 0.220315 0.010960 0.026902
4 0.474426 0.067718 0.004175 0.007421
4 0.492171 0.054267 0.003132 0.008349
0 0.520616 0.088126 0.007829 0.016698
1 0.521660 0.107143 0.008873 0.021336
0 0.518006 0.063544 0.006785 0.013915
2 0.527662 0.188312 0.011482 0.029685
0 0.543058 0.359462 0.017223 0.032468
4 0.528706 0.389610 0.006263 0.018553
4 0.562891 0.499072 0.012004 0.025974
1 0.565240 0.622449 0.026096 0.064935
1 0.579593 0.779221 0.028706 0.076067
4 0.559499 0.934601 0.013570 0.051020
4 0.539927 0.923006 0.010960 0.042672
1 0.756785 0.614564 0.038622 0.075139
1 0.713466 0.540353 0.042797 0.043599
0 0.700678 0.503711 0.029749 0.046382
4 0.811848 0.511596 0.005741 0.021336
4 0.804802 0.506494 0.005219 0.025974
4 0.807933 0.495826 0.008351 0.017625
2 0.641180 0.448516 0.032881 0.080705
