4 0.218929 0.319524 0.027857 0.016190
4 0.212500 0.425714 0.029286 0.017143
4 0.213214 0.456190 0.029286 0.020952
4 0.200000 0.568095 0.017143 0.035238
4 0.211786 0.656190 0.033571 0.011429
4 0.207500 0.682857 0.023571 0.017143
4 0.192857 0.940476 0.020000 0.042857
0 0.288571 0.958095 0.040000 0.081905
1 0.376071 0.863810 0.039286 0.120000
4 0.306071 0.707619 0.016429 0.028571
4 0.337857 0.710000 0.017143 0.027619
4 0.320357 0.547619 0.025000 0.015238
4 0.318214 0.536667 0.027857 0.012381
4 0.317500 0.513810 0.026429 0.018095
4 0.325357 0.495714 0.030714 0.016190
1 0.370357 0.460000 0.033571 0.095238
0 0.374643 0.334286 0.037857 0.102857
4 0.326429 0.307143 0.030000 0.020000
1 0.378929 0.209048 0.040714 0.101905
0 0.507143 0.043810 0.031429 0.087619
0 0.515714 0.377143 0.034286 0.097143
0 0.520357 0.514286 0.035000 0.097143
0 0.518929 0.648095 0.035000 0.115238
0 0.514286 0.789048 0.034286 0.109524
0 0.524643 0.929048 0.036429 0.130476
