0 0.867500 0.897619 0.077857 0.134286
1 0.955000 0.652857 0.078571 0.088571
1 0.556786 0.855238 0.075000 0.099048
0 0.247143 0.118095 0.055714 0.053333
4 0.338571 0.504762 0.031429 0.040000
4 0.351786 0.466190 0.017857 0.048571
0 0.296429 0.462857 0.075714 0.078095
4 0.302500 0.415238 0.022143 0.040000
1 0.266071 0.409048 0.065000 0.100000
2 0.142857 0.250000 0.114286 0.090476
0 0.135000 0.210476 0.082857 0.049524
1 0.120357 0.186190 0.060714 0.042857
0 0.111786 0.160000 0.060714 0.040000
0 0.100357 0.140000 0.057857 0.041905
0 0.067857 0.102381 0.074286 0.056190
0 0.052500 0.073810 0.070714 0.040952
1 0.037143 0.051905 0.055714 0.035238
0 0.124286 0.750000 0.078571 0.136190
