0 0.313214 0.972857 0.082143 0.054286
0 0.382143 0.840476 0.035714 0.126667
4 0.278929 0.791905 0.020714 0.039048
4 0.368214 0.746190 0.036429 0.031429
4 0.368571 0.715714 0.032857 0.033333
4 0.370357 0.687619 0.033571 0.028571
0 0.370714 0.607143 0.032857 0.094286
0 0.251071 0.520952 0.029286 0.070476
0 0.290357 0.522857 0.033571 0.085714
0 0.332143 0.511905 0.035714 0.090476
0 0.554643 0.510476 0.033571 0.087619
4 0.462857 0.352381 0.011429 0.040000
0 0.731429 0.886190 0.050000 0.117143
0 0.691429 0.754286 0.040000 0.097143
1 0.691786 0.622381 0.059286 0.075238
4 0.710000 0.577143 0.027143 0.022857
4 0.698929 0.510952 0.026429 0.025714
4 0.718571 0.476190 0.022857 0.024762
0 0.660714 0.506667 0.044286 0.083810
1 0.683571 0.457619 0.037143 0.071429
4 0.746071 0.395238 0.013571 0.034286
4 0.714643 0.406667 0.013571 0.034286
1 0.671429 0.371905 0.037143 0.065714
0 0.628929 0.340952 0.040714 0.072381
0 0.539286 0.320476 0.027143 0.071429
4 0.649643 0.289048 0.027857 0.021905
4 0.645000 0.267619 0.022857 0.022857
4 0.642857 0.253810 0.025714 0.025714
4 0.639286 0.236667 0.021429 0.023810
4 0.634643 0.222857 0.022143 0.026667
2 0.597857 0.195714 0.035714 0.090476
4 0.627143 0.181905 0.024286 0.020952
4 0.623571 0.160000 0.024286 0.019048
4 0.607500 0.148095 0.022143 0.021905
2 0.610357 0.100000 0.033571 0.070476
0 0.475000 0.120952 0.025714 0.060952
0 0.361429 0.336667 0.042857 0.075238
0 0.113929 0.367143 0.043571 0.063810
0 0.157143 0.353333 0.044286 0.066667
0 0.196429 0.349524 0.041429 0.062857
0 0.233929 0.346667 0.045000 0.059048
0 0.274286 0.336190 0.048571 0.070476
0 0.312500 0.322381 0.037857 0.075238
0 0.356786 0.246190 0.029286 0.073333
0 0.352857 0.176190 0.027143 0.064762
0 0.355714 0.115714 0.025714 0.060000
0 0.045357 0.356190 0.039286 0.064762
0 0.015714 0.354286 0.031429 0.055238
