0 0.086000 0.750333 0.172000 0.236667
0 0.351250 0.400000 0.118500 0.126667
0 0.440500 0.410667 0.101000 0.122667
0 0.344500 0.250667 0.119000 0.076000
0 0.403750 0.199000 0.104500 0.062000
1 0.615750 0.333000 0.111500 0.088667
1 0.594500 0.268667 0.108000 0.096000
0 0.673500 0.309667 0.122000 0.078000
0 0.731500 0.280333 0.125000 0.075333
1 0.640000 0.211667 0.087000 0.086000
1 0.621500 0.163000 0.057000 0.068667
1 0.723750 0.179000 0.118500 0.080667
1 0.701000 0.151000 0.094000 0.062000
1 0.684000 0.133667 0.077000 0.056667
0 0.643500 0.097667 0.049000 0.044667
1 0.727500 0.091667 0.080000 0.056667
0 0.744500 0.084333 0.071000 0.044667
0 0.709000 0.064333 0.083000 0.036667
1 0.743250 0.050000 0.052500 0.049333
0 0.743250 0.041000 0.068500 0.040667
0 0.736250 0.029000 0.064500 0.035333
0 0.743500 0.022000 0.049000 0.029333
0 0.490500 0.087333 0.063000 0.045333
1 0.501750 0.063667 0.065500 0.048667
0 0.511500 0.054000 0.061000 0.034667
0 0.524750 0.044333 0.068500 0.038000
0 0.578750 0.044333 0.031500 0.039333
4 0.897250 0.535333 0.066500 0.068000
4 0.701250 0.384000 0.021500 0.061333
4 0.752500 0.239000 0.040000 0.048667
3 0.554250 0.012000 0.063500 0.024000
