2 0.518214 0.854061 0.085000 0.170051
0 0.633571 0.956853 0.054286 0.083756
0 0.615000 0.699239 0.045714 0.096447
0 0.662500 0.628807 0.062143 0.062183
4 0.713571 0.923223 0.025714 0.067259
2 0.783929 0.561548 0.120714 0.110406
1 0.909286 0.505711 0.054286 0.059645
0 0.961786 0.481599 0.057857 0.054569
1 0.320000 0.784264 0.080000 0.091371
2 0.166429 0.855964 0.165714 0.138325
2 0.293214 0.624365 0.112143 0.134518
0 0.364643 0.546320 0.030714 0.079949
1 0.377500 0.413071 0.030714 0.085025
1 0.372500 0.247462 0.022143 0.045685
0 0.284643 0.362944 0.027857 0.073604
1 0.517500 0.263959 0.053571 0.038071
