2 0.454071 0.163265 0.113779 0.141002
4 0.470772 0.252783 0.025052 0.039889
1 0.414927 0.292208 0.057411 0.064935
0 0.402140 0.429035 0.070459 0.069573
2 0.396660 0.532931 0.090814 0.097403
0 0.390397 0.609926 0.069937 0.080705
0 0.331420 0.649351 0.076200 0.089054
2 0.308455 0.756030 0.130480 0.155844
0 0.298539 0.868738 0.083507 0.097403
0 0.271660 0.957792 0.086117 0.080705
0 0.571764 0.864564 0.084029 0.098330
1 0.585073 0.760204 0.067850 0.086271
0 0.612735 0.689239 0.076200 0.092764
0 0.614562 0.608534 0.077766 0.081633
1 0.687109 0.238404 0.054802 0.074212
1 0.684499 0.193414 0.068372 0.065863
1 0.697547 0.119202 0.068372 0.086271
1 0.704071 0.066790 0.069937 0.074212
1 0.716075 0.016234 0.066806 0.030612
2 0.883351 0.041744 0.030793 0.081633
