2 0.034447 0.355288 0.066806 0.129870
2 0.192589 0.792208 0.182672 0.413729
4 0.678236 0.647495 0.017223 0.053803
4 0.560543 0.634972 0.014614 0.056586
4 0.553758 0.545918 0.012526 0.049165
4 0.618737 0.242115 0.008873 0.027829
4 0.589509 0.205009 0.006785 0.024119
4 0.584812 0.149351 0.005741 0.016698
4 0.612213 0.154453 0.006263 0.017625
4 0.619520 0.130334 0.008351 0.015770
4 0.615605 0.109462 0.004697 0.016698
4 0.609864 0.085807 0.004697 0.012059
4 0.660491 0.105288 0.008873 0.010204
1 0.633612 0.120594 0.025052 0.033395
2 0.572025 0.088126 0.017745 0.031540
1 0.568894 0.072820 0.010438 0.025046
2 0.594468 0.024119 0.008351 0.018553
4 0.584290 0.019481 0.003653 0.009276
4 0.601253 0.019017 0.003132 0.008349
4 0.605167 0.018089 0.003653 0.010204
0 0.539666 0.084879 0.013570 0.026902
0 0.541493 0.070037 0.010960 0.021336
0 0.522965 0.079314 0.017745 0.025046
0 0.817850 0.178571 0.038622 0.039889
4 0.807933 0.217069 0.014614 0.016698
4 0.946503 0.276438 0.015136 0.024119
0 0.574896 0.035250 0.007829 0.016698
0 0.576722 0.024119 0.006263 0.012987
