0 0.209551 0.951763 0.060021 0.094620
4 0.340031 0.859462 0.030793 0.038033
4 0.366649 0.751391 0.036013 0.040816
4 0.375000 0.710111 0.037056 0.041744
4 0.378132 0.672542 0.027662 0.027829
4 0.383351 0.652597 0.030793 0.028757
4 0.387004 0.634045 0.024530 0.038033
4 0.384134 0.612709 0.027140 0.030612
4 0.268267 0.566790 0.028184 0.033395
4 0.294624 0.573284 0.016180 0.038961
4 0.313674 0.577458 0.020877 0.036178
4 0.483820 0.775974 0.017745 0.069573
0 0.571503 0.617347 0.035491 0.108534
4 0.620564 0.647959 0.015658 0.052876
4 0.552714 0.535250 0.015658 0.037106
1 0.585595 0.439703 0.030271 0.094620
4 0.602557 0.397495 0.021399 0.025046
4 0.661273 0.350186 0.026096 0.026902
4 0.657620 0.324212 0.017745 0.026902
4 0.651618 0.317254 0.019311 0.025974
4 0.650313 0.294063 0.019833 0.024119
4 0.652140 0.291744 0.020355 0.023191
4 0.651357 0.284323 0.017745 0.026902
4 0.605950 0.358534 0.012526 0.032468
4 0.599165 0.285714 0.016701 0.029685
4 0.647965 0.232375 0.019311 0.026902
4 0.594468 0.238868 0.016701 0.025046
0 0.422234 0.372449 0.032359 0.076994
0 0.475731 0.247681 0.024530 0.057514
4 0.323330 0.487477 0.023486 0.028757
4 0.329854 0.461503 0.022965 0.023191
4 0.324635 0.444805 0.025052 0.026902
4 0.338205 0.361781 0.024008 0.025974
4 0.341858 0.352968 0.020877 0.025046
4 0.397965 0.132653 0.015136 0.022263
4 0.404489 0.094620 0.014614 0.020408
0 0.488779 0.129870 0.019311 0.040816
0 0.450157 0.035250 0.016180 0.033395
4 0.429541 0.023191 0.008351 0.022263
4 0.482777 0.022263 0.008351 0.020408
1 0.508090 0.078850 0.021399 0.050093
0 0.503653 0.037570 0.016701 0.038033
4 0.595772 0.174397 0.007829 0.025974
4 0.589770 0.147495 0.018789 0.022263
4 0.614562 0.179499 0.013048 0.025046
4 0.622129 0.063080 0.011482 0.018553
