0 0.183571 0.565714 0.057143 0.123810
1 0.218214 0.275714 0.047857 0.109524
1 0.240357 0.156667 0.045000 0.098095
1 0.209643 0.446667 0.045000 0.095238
0 0.194643 0.016190 0.072143 0.032381
4 0.121071 0.164286 0.026429 0.035238
1 0.745357 0.960000 0.089286 0.080000
0 0.569643 0.926667 0.045000 0.146667
2 0.518571 0.798095 0.051429 0.188571
1 0.525000 0.578095 0.041429 0.123810
1 0.569643 0.570476 0.035000 0.099048
0 0.572500 0.753333 0.039286 0.133333
1 0.751429 0.653333 0.050000 0.114286
4 0.738929 0.737619 0.032143 0.023810
4 0.494643 0.428095 0.012143 0.044762
0 0.573929 0.277619 0.036429 0.103810
2 0.669286 0.287619 0.035714 0.114286
0 0.566429 0.054762 0.031429 0.086667
0 0.574643 0.437619 0.052143 0.109524
1 0.220000 0.914286 0.075714 0.154286
0 0.137857 0.913810 0.067143 0.160952
0 0.701786 0.534762 0.092143 0.067619
