0 0.522000 0.740667 0.161000 0.094667
0 0.029500 0.791667 0.059000 0.106000
0 0.074250 0.590333 0.126500 0.080667
0 0.271000 0.606333 0.138000 0.088667
0 0.251250 0.536667 0.127500 0.086667
0 0.415750 0.510667 0.123500 0.076000
0 0.551250 0.498333 0.119500 0.070000
0 0.678000 0.483667 0.123000 0.078000
0 0.720750 0.463000 0.094500 0.064667
0 0.798250 0.440333 0.110500 0.056667
0 0.883750 0.508000 0.090500 0.070667
0 0.933000 0.447000 0.089000 0.059333
0 0.902750 0.411667 0.094500 0.044667
0 0.973250 0.392333 0.053500 0.058000
0 0.907500 0.356667 0.071000 0.046667
4 0.065750 0.491000 0.012500 0.028667
4 0.065750 0.480000 0.016500 0.030667
4 0.417750 0.422667 0.011500 0.033333
4 0.456250 0.414000 0.017500 0.037333
4 0.821750 0.351333 0.017500 0.032000
0 0.802250 0.148667 0.028500 0.022667
1 0.778000 0.141000 0.020000 0.023333
0 0.763000 0.138667 0.019000 0.016000
0 0.732500 0.128000 0.023000 0.016000
1 0.721500 0.120667 0.024000 0.022667
2 0.707000 0.112667 0.025000 0.026667
0 0.696000 0.113333 0.021000 0.017333
0 0.620750 0.091333 0.019500 0.014667
1 0.610750 0.083333 0.016500 0.013333
1 0.556500 0.065000 0.017000 0.014000
