1 0.666429 0.641905 0.045714 0.118095
0 0.562143 0.359048 0.040000 0.099048
0 0.348571 0.769048 0.052857 0.168571
0 0.350357 0.610000 0.047857 0.138095
0 0.360357 0.426190 0.046429 0.103810
0 0.373929 0.275238 0.045000 0.104762
0 0.376429 0.182381 0.032857 0.086667
0 0.374286 0.089048 0.038571 0.082857
0 0.371071 0.012857 0.023571 0.025714
1 0.811786 0.224762 0.069286 0.047619
0 0.823214 0.267143 0.083571 0.044762
0 0.830000 0.312857 0.090000 0.054286
0 0.846429 0.355238 0.085714 0.045714
0 0.865000 0.396190 0.080000 0.049524
1 0.883571 0.442381 0.098571 0.048571
0 0.901786 0.507143 0.109286 0.054286
0 0.918929 0.574762 0.105000 0.069524
0 0.937500 0.633333 0.106429 0.059048
0 0.954286 0.703810 0.091429 0.070476
1 0.957857 0.780000 0.084286 0.062857
1 0.978214 0.860476 0.043571 0.044762
1 0.753571 0.045714 0.067143 0.047619
1 0.743214 0.016190 0.062143 0.032381
