0 0.430357 0.850476 0.060714 0.163810
0 0.141071 0.843333 0.076429 0.172381
4 0.097857 0.934286 0.047143 0.030476
4 0.094286 0.956667 0.054286 0.033333
4 0.148571 0.601905 0.041429 0.026667
1 0.378214 0.350000 0.043571 0.113333
0 0.395000 0.221429 0.045714 0.119048
1 0.234286 0.197143 0.108571 0.070476
0 0.251786 0.140952 0.096429 0.064762
4 0.189643 0.300000 0.045000 0.040000
4 0.215714 0.319048 0.032857 0.030476
0 0.647143 0.495238 0.051429 0.135238
0 0.624643 0.345238 0.046429 0.111429
1 0.641071 0.670476 0.055000 0.156190
