0 0.551786 0.302381 0.010714 0.014286
0 0.540000 0.316667 0.010000 0.014286
0 0.556786 0.360952 0.013571 0.020952
0 0.561429 0.408571 0.018571 0.028571
0 0.577143 0.475238 0.020000 0.034286
2 0.539643 0.442381 0.020714 0.046667
0 0.538571 0.522857 0.022857 0.038095
0 0.565714 0.583333 0.031429 0.044762
0 0.492143 0.604286 0.050000 0.048571
0 0.443214 0.556190 0.027857 0.049524
0 0.488571 0.510000 0.021429 0.039048
0 0.460357 0.502381 0.022143 0.040952
0 0.431786 0.492857 0.022143 0.037143
0 0.420357 0.533810 0.026429 0.042857
0 0.402857 0.673333 0.071429 0.053333
0 0.887143 0.726190 0.072857 0.042857
0 0.965714 0.783333 0.068571 0.048571
0 0.956071 0.837143 0.086429 0.047619
0 0.303214 0.708095 0.076429 0.048571
0 0.350357 0.743810 0.079286 0.053333
0 0.084643 0.813810 0.097857 0.054286
4 0.147857 0.707143 0.012857 0.018095
4 0.569286 0.323810 0.004286 0.007619
4 0.585000 0.335714 0.004286 0.006667
4 0.595000 0.344762 0.004286 0.005714
4 0.603571 0.318095 0.002857 0.007619
4 0.608929 0.323810 0.003571 0.007619
4 0.612500 0.331429 0.003571 0.007619
4 0.693929 0.599048 0.009286 0.019048
4 0.772500 0.657143 0.025000 0.019048
4 0.723929 0.662857 0.023571 0.019048
4 0.746429 0.649524 0.018571 0.017143
4 0.715357 0.630952 0.019286 0.012381
