0 0.303758 0.224490 0.067850 0.061224
0 0.635960 0.257421 0.067328 0.067718
0 0.856733 0.290816 0.070459 0.060297
1 0.970251 0.307514 0.055324 0.064007
0 0.703810 0.591373 0.045407 0.132653
0 0.759916 0.610853 0.043841 0.151206
0 0.871608 0.673933 0.055324 0.136364
4 0.800626 0.742579 0.014614 0.073284
4 0.884656 0.846475 0.018789 0.067718
4 0.968163 0.843228 0.025052 0.063080
4 0.642745 0.741187 0.018267 0.066790
4 0.624217 0.740724 0.020877 0.073284
4 0.599948 0.758813 0.020355 0.055659
4 0.580115 0.749536 0.012004 0.055659
4 0.724948 0.840445 0.019833 0.066790
4 0.750000 0.903989 0.024008 0.062152
1 0.706159 0.873377 0.032359 0.093692
2 0.024530 0.295918 0.049061 0.066790
