3 0.031429 0.873096 0.057143 0.126904
1 0.111071 0.791878 0.030714 0.058376
3 0.191071 0.435914 0.067857 0.125635
3 0.249643 0.299492 0.063571 0.109137
3 0.253571 0.331853 0.062857 0.107868
3 0.341429 0.171320 0.052857 0.091371
3 0.443571 0.036802 0.047143 0.073604
2 0.528929 0.008883 0.015000 0.017766
3 0.565714 0.010787 0.018571 0.021574
0 0.558929 0.091371 0.015000 0.027919
4 0.531786 0.039340 0.005000 0.012690
1 0.463929 0.149112 0.019286 0.029188
0 0.518214 0.202411 0.016429 0.031726
0 0.534286 0.251904 0.018571 0.034264
0 0.605714 0.276650 0.011429 0.038071
0 0.442500 0.340102 0.020714 0.038071
1 0.482500 0.303934 0.019286 0.046954
0 0.527857 0.356599 0.014286 0.040609
3 0.713929 0.072335 0.016429 0.088832
3 0.611071 0.852157 0.029286 0.163706
0 0.456429 0.723985 0.018571 0.064721
0 0.501786 0.578046 0.016429 0.057107
1 0.423214 0.515228 0.020714 0.053299
1 0.604286 0.485406 0.014286 0.044416
3 0.633929 0.272208 0.022143 0.112944
4 0.296429 0.418147 0.008571 0.019036
1 0.212500 0.694797 0.030714 0.062183
1 0.256429 0.428299 0.024286 0.039340
0 0.281786 0.701142 0.026429 0.059645
