0 0.238214 0.022381 0.005000 0.021905
4 0.247500 0.043810 0.020714 0.019048
4 0.226071 0.058571 0.019286 0.021905
4 0.198929 0.122381 0.020714 0.014286
4 0.196786 0.136190 0.019286 0.013333
0 0.300714 0.184762 0.035714 0.057143
4 0.245000 0.284286 0.018571 0.020000
4 0.250357 0.289048 0.022143 0.020000
4 0.343214 0.055238 0.009286 0.026667
4 0.345714 0.151429 0.010000 0.028571
1 0.367500 0.050000 0.026429 0.061905
0 0.401429 0.011429 0.018571 0.022857
0 0.404286 0.052381 0.021429 0.049524
0 0.405714 0.117619 0.024286 0.056190
4 0.461786 0.011905 0.020714 0.014286
4 0.461786 0.006190 0.017857 0.012381
4 0.460714 0.052857 0.017143 0.012381
4 0.457500 0.076667 0.015000 0.023810
4 0.492143 0.102857 0.020000 0.020952
0 0.469286 0.122381 0.055714 0.039048
0 0.466786 0.159048 0.056429 0.038095
0 0.463571 0.222381 0.050000 0.039048
2 0.383571 0.198571 0.032857 0.086667
1 0.482500 0.279048 0.050714 0.053333
4 0.553214 0.242857 0.019286 0.019048
4 0.566786 0.232381 0.007857 0.022857
4 0.548214 0.224286 0.019286 0.014286
4 0.538214 0.219048 0.017857 0.020952
4 0.573929 0.304762 0.020714 0.017143
0 0.481071 0.351429 0.066429 0.040000
0 0.412500 0.420476 0.027857 0.077143
1 0.367500 0.377143 0.027857 0.072381
1 0.483929 0.390000 0.062143 0.052381
0 0.525714 0.417619 0.065714 0.042857
1 0.493929 0.500000 0.069286 0.045714
0 0.406429 0.501429 0.038571 0.082857
4 0.519286 0.540476 0.021429 0.023810
4 0.503929 0.616190 0.026429 0.030476
4 0.538214 0.614286 0.010714 0.040000
4 0.598929 0.610000 0.015000 0.037143
4 0.636071 0.589048 0.023571 0.016190
4 0.496071 0.669524 0.010714 0.032381
4 0.801071 0.450952 0.027857 0.021905
4 0.198571 0.588095 0.010000 0.037143
4 0.268571 0.689048 0.014286 0.033333
4 0.287857 0.686190 0.007143 0.042857
1 0.336429 0.761905 0.037143 0.118095
1 0.422143 0.734762 0.032857 0.101905
4 0.439286 0.940952 0.014286 0.043810
2 0.372143 0.963333 0.045714 0.071429
0 0.229643 0.412381 0.022143 0.015238
