0 0.730950 0.753711 0.034969 0.065863
0 0.787317 0.794991 0.054802 0.092764
0 0.810804 0.895176 0.045407 0.096475
1 0.763570 0.713822 0.035491 0.071429
0 0.564979 0.159555 0.006785 0.016698
1 0.548800 0.136364 0.007829 0.018553
0 0.548017 0.106679 0.007307 0.012987
0 0.556628 0.074675 0.007829 0.012059
0 0.543580 0.011596 0.004697 0.010204
4 0.460073 0.168367 0.003653 0.008349
4 0.455115 0.189239 0.003132 0.011132
4 0.591336 0.211967 0.003132 0.010204
4 0.619520 0.266234 0.003132 0.012987
4 0.619259 0.235158 0.003653 0.012059
4 0.636482 0.330705 0.005741 0.012059
4 0.529749 0.378015 0.012526 0.017625
4 0.586639 0.428108 0.012526 0.012059
4 0.607255 0.436920 0.007829 0.012987
4 0.692589 0.672078 0.006263 0.025046
4 0.427975 0.342301 0.004175 0.012987
4 0.411534 0.433673 0.004697 0.013915
4 0.420146 0.434137 0.005219 0.012987
4 0.342641 0.687384 0.006785 0.024119
4 0.367954 0.681354 0.008351 0.017625
4 0.318372 0.791744 0.007307 0.026902
4 0.331159 0.793599 0.006785 0.028757
4 0.349426 0.791744 0.007829 0.026902
4 0.286795 0.934601 0.009916 0.032468
4 0.852818 0.922542 0.024008 0.025046
4 0.863257 0.952226 0.028184 0.021336
4 0.779749 0.583024 0.009395 0.030612
0 0.809760 0.333488 0.028706 0.025046
0 0.822286 0.364564 0.029749 0.020408
4 0.786534 0.583952 0.007307 0.023191
