0 0.018929 0.392381 0.037857 0.059048
0 0.037500 0.790000 0.049286 0.122857
4 0.553929 0.475714 0.015000 0.037143
4 0.596429 0.374286 0.012857 0.028571
0 0.388214 0.352857 0.055000 0.071429
0 0.460714 0.239524 0.050000 0.071429
0 0.494286 0.260952 0.044286 0.072381
4 0.369286 0.227619 0.012857 0.032381
4 0.355714 0.200000 0.022857 0.024762
0 0.536786 0.128571 0.040714 0.055238
4 0.653571 0.266190 0.017143 0.031429
4 0.636071 0.336667 0.016429 0.039048
0 0.597857 0.720476 0.071429 0.088571
0 0.640357 0.850952 0.066429 0.069524
0 0.690000 0.961905 0.088571 0.076190
