4 0.131263 0.264842 0.016180 0.021336
4 0.149791 0.345083 0.020877 0.016698
4 0.185021 0.313544 0.018267 0.016698
0 0.239823 0.219388 0.045407 0.056586
4 0.269833 0.243506 0.016701 0.017625
4 0.283403 0.250000 0.017745 0.019481
0 0.074635 0.684601 0.066806 0.076067
0 0.176931 0.777365 0.043841 0.057514
0 0.373173 0.384972 0.052192 0.057514
0 0.336900 0.335807 0.050626 0.061224
3 0.357516 0.252783 0.082463 0.110390
0 0.344207 0.147032 0.042276 0.047310
4 0.343946 0.183673 0.015658 0.018553
0 0.387004 0.114100 0.038100 0.063080
4 0.427714 0.115955 0.014092 0.018553
0 0.490605 0.160946 0.043841 0.054731
0 0.505480 0.193414 0.044363 0.056586
4 0.482516 0.478664 0.014092 0.024119
0 0.632046 0.128015 0.044885 0.057514
0 0.620303 0.096011 0.039144 0.054731
0 0.582203 0.085343 0.041232 0.050093
4 0.498173 0.067254 0.014092 0.017625
4 0.559760 0.021336 0.012004 0.018553
4 0.498956 0.029221 0.014614 0.021336
