0 0.247500 0.451777 0.043571 0.109137
0 0.328214 0.264594 0.040714 0.105330
1 0.375000 0.058376 0.044286 0.114213
0 0.457857 0.133883 0.037143 0.110406
0 0.426429 0.213198 0.037143 0.114213
0 0.503929 0.333122 0.037857 0.112944
1 0.452500 0.385787 0.036429 0.101523
0 0.552857 0.594543 0.041429 0.118020
1 0.525357 0.708756 0.043571 0.123096
0 0.626071 0.939721 0.042143 0.118020
1 0.729643 0.875635 0.060714 0.073604
1 0.714286 0.806472 0.068571 0.079949
0 0.702143 0.735406 0.075714 0.077411
0 0.671071 0.605330 0.066429 0.071066
0 0.645357 0.546320 0.055000 0.057107
0 0.626786 0.357234 0.059286 0.059645
0 0.616786 0.297589 0.057857 0.059645
1 0.638214 0.416244 0.066429 0.068528
4 0.602143 0.142766 0.015714 0.052030
4 0.596786 0.104061 0.040714 0.032995
1 0.604286 0.034898 0.058571 0.067259
