4 0.920500 0.601000 0.047000 0.023333
4 0.902750 0.625000 0.048500 0.024667
4 0.842500 0.631667 0.036000 0.014000
0 0.817250 0.597000 0.111500 0.076667
4 0.720250 0.561000 0.036500 0.015333
4 0.719000 0.590333 0.043000 0.026000
1 0.727500 0.470000 0.062000 0.132000
1 0.789000 0.466333 0.068000 0.134000
4 0.715000 0.349667 0.020000 0.050000
4 0.543750 0.203333 0.018500 0.060000
4 0.318750 0.362667 0.030500 0.033333
4 0.359750 0.369667 0.033500 0.026000
4 0.547750 0.462000 0.019500 0.046667
4 0.474500 0.541667 0.018000 0.050000
4 0.456000 0.805333 0.016000 0.056000
0 0.941500 0.932667 0.116000 0.088000
4 0.823250 0.904333 0.036500 0.039333
4 0.031000 0.884667 0.040000 0.030667
