0 0.237857 0.179524 0.027143 0.052381
0 0.416071 0.344286 0.037857 0.075238
0 0.463929 0.592857 0.047857 0.107619
0 0.389286 0.802381 0.055714 0.141905
0 0.528929 0.923810 0.057857 0.148571
0 0.529643 0.433333 0.045000 0.081905
0 0.606071 0.363810 0.027857 0.047619
0 0.650357 0.795238 0.069286 0.123810
0 0.768214 0.569524 0.052143 0.089524
0 0.366429 0.285238 0.031429 0.067619
0 0.078571 0.023810 0.045714 0.040000
1 0.217857 0.328571 0.034286 0.074286
1 0.310714 0.040000 0.022857 0.053333
1 0.561071 0.352381 0.036429 0.064762
1 0.593929 0.816190 0.055000 0.116190
0 0.880000 0.801429 0.097143 0.138095
3 0.692143 0.356190 0.112857 0.190476
0 0.529643 0.110000 0.027857 0.039048
0 0.486786 0.008095 0.025000 0.016190
0 0.041786 0.364286 0.082143 0.048571
4 0.231786 0.482381 0.009286 0.027619
4 0.267500 0.538095 0.010714 0.032381
