1 0.220250 0.764667 0.158500 0.114667
1 0.230500 0.694667 0.133000 0.093333
4 0.065750 0.691667 0.066500 0.055333
1 0.521750 0.892000 0.097500 0.216000
4 0.682500 0.768000 0.044000 0.054667
4 0.685750 0.730000 0.044500 0.061333
4 0.637250 0.673000 0.017500 0.059333
4 0.576500 0.603333 0.018000 0.053333
0 0.482500 0.595000 0.052000 0.103333
4 0.350500 0.508333 0.032000 0.016667
4 0.466250 0.473333 0.028500 0.029333
4 0.790750 0.440000 0.015500 0.020000
4 0.621000 0.450333 0.027000 0.022000
4 0.391500 0.379000 0.022000 0.014000
1 0.448750 0.363000 0.034500 0.058000
0 0.461000 0.314000 0.025000 0.030667
1 0.529000 0.272333 0.040000 0.028667
4 0.424500 0.282667 0.005000 0.012000
4 0.422000 0.269000 0.006000 0.015333
4 0.414750 0.276333 0.005500 0.011333
4 0.450250 0.277333 0.006500 0.012000
4 0.478250 0.272333 0.014500 0.016667
4 0.435500 0.191333 0.005000 0.010667
4 0.423750 0.208000 0.009500 0.006667
4 0.415750 0.206333 0.011500 0.008667
0 0.425000 0.176667 0.009000 0.012000
0 0.445000 0.166667 0.010000 0.010667
1 0.460250 0.175333 0.010500 0.017333
0 0.456500 0.166000 0.008000 0.012000
0 0.455000 0.160333 0.007000 0.010000
0 0.450750 0.157000 0.009500 0.011333
0 0.422250 0.149333 0.008500 0.010667
0 0.422000 0.136333 0.005000 0.007333
0 0.430500 0.133667 0.006000 0.007333
0 0.443750 0.137000 0.005500 0.007333
0 0.441000 0.132667 0.011000 0.006667
0 0.422500 0.129333 0.007000 0.009333
0 0.423000 0.125333 0.005000 0.008000
1 0.431500 0.123667 0.009000 0.007333
0 0.437500 0.128333 0.007000 0.010000
0 0.445000 0.127000 0.010000 0.006000
4 0.777000 0.404333 0.012000 0.026000
0 0.984250 0.399000 0.031500 0.036667
1 0.937250 0.584667 0.108500 0.088000
1 0.973000 0.641667 0.054000 0.094000
