0 0.038571 0.119524 0.038571 0.035238
0 0.055357 0.171429 0.026429 0.038095
4 0.022500 0.217143 0.016429 0.028571
4 0.111786 0.390000 0.013571 0.027619
4 0.083571 0.250000 0.010000 0.018095
0 0.133571 0.460952 0.037143 0.057143
0 0.191071 0.828571 0.079286 0.068571
0 0.394643 0.743333 0.052143 0.094286
1 0.245714 0.962381 0.054286 0.073333
1 0.363929 0.525714 0.042143 0.070476
1 0.386786 0.480000 0.042143 0.085714
0 0.427500 0.482381 0.035000 0.061905
4 0.443929 0.432381 0.017857 0.026667
4 0.428571 0.412381 0.011429 0.019048
0 0.520000 0.454286 0.040000 0.059048
0 0.522857 0.395238 0.041429 0.049524
1 0.677857 0.343810 0.058571 0.070476
4 0.689286 0.286667 0.017143 0.017143
1 0.741429 0.536667 0.065714 0.075238
0 0.863929 0.407619 0.057857 0.055238
0 0.915000 0.359524 0.052857 0.046667
0 0.947143 0.352381 0.055714 0.053333
1 0.948571 0.490476 0.054286 0.062857
1 0.974643 0.477143 0.050714 0.064762
1 0.923214 0.264762 0.057857 0.060952
0 0.854643 0.247619 0.035000 0.036190
4 0.793214 0.296190 0.019286 0.020952
