1 0.384643 0.934645 0.043571 0.112944
1 0.371429 0.750635 0.042857 0.085025
4 0.341071 0.532995 0.012143 0.035533
4 0.395714 0.423858 0.011429 0.022843
3 0.179643 0.321066 0.092143 0.071066
3 0.321071 0.299492 0.083571 0.065990
3 0.465357 0.269036 0.109286 0.083756
3 0.587857 0.257614 0.077143 0.063452
0 0.613214 0.034264 0.007857 0.012690
1 0.619643 0.040609 0.007857 0.012690
0 0.623929 0.034264 0.007857 0.010152
0 0.643929 0.035533 0.007857 0.012690
0 0.673214 0.039340 0.006429 0.012690
4 0.599643 0.138325 0.003571 0.015228
1 0.986429 0.219543 0.027143 0.038071
1 0.946786 0.219543 0.046429 0.035533
1 0.901071 0.225888 0.037857 0.032995
1 0.946071 0.390228 0.063571 0.087563
1 0.987143 0.432107 0.025714 0.064721
1 0.910714 0.413706 0.051429 0.093909
1 0.880000 0.421320 0.050000 0.096447
0 0.845714 0.429569 0.027143 0.057107
0 0.979643 0.578680 0.040714 0.091371
0 0.989643 0.640863 0.020714 0.058376
0 0.579643 0.437183 0.017857 0.041878
0 0.565000 0.328680 0.020000 0.030457
4 0.646071 0.261421 0.012143 0.032995
4 0.657857 0.260787 0.014286 0.024112
4 0.661786 0.256980 0.012143 0.026650
4 0.675357 0.253173 0.012143 0.029188
4 0.682500 0.255711 0.009286 0.026650
4 0.687500 0.255076 0.010714 0.027919
4 0.696786 0.253173 0.012143 0.029188
4 0.704286 0.253173 0.010000 0.026650
4 0.709643 0.250635 0.013571 0.031726
4 0.712500 0.251904 0.013571 0.026650
4 0.721429 0.249365 0.011429 0.029188
4 0.727500 0.248731 0.015000 0.027919
4 0.733571 0.249365 0.012857 0.026650
4 0.741786 0.250000 0.013571 0.027919
1 0.811429 0.231599 0.045714 0.039340
1 0.855357 0.226523 0.040714 0.036802
