4 0.356733 0.642393 0.018267 0.023191
4 0.369781 0.588126 0.017223 0.022263
4 0.384395 0.523191 0.007829 0.022263
4 0.406054 0.497217 0.008351 0.024119
4 0.437370 0.439239 0.012526 0.013915
4 0.429019 0.427180 0.012526 0.013915
4 0.430585 0.422078 0.010438 0.014842
0 0.427453 0.512987 0.018789 0.035250
4 0.464248 0.498145 0.007829 0.016698
2 0.445981 0.578850 0.021399 0.044527
0 0.465553 0.638219 0.024008 0.046382
1 0.491127 0.572356 0.025052 0.055659
0 0.486952 0.516234 0.020877 0.039889
0 0.486952 0.479128 0.014614 0.036178
0 0.498434 0.424397 0.014614 0.026902
0 0.442328 0.819109 0.031837 0.089054
4 0.415971 0.925788 0.019833 0.057514
4 0.546451 0.961503 0.011482 0.047310
4 0.596294 0.808905 0.022443 0.031540
4 0.604123 0.889610 0.019311 0.038961
4 0.686326 0.961039 0.026096 0.037106
4 0.679802 0.945269 0.030793 0.037106
4 0.673278 0.903989 0.028184 0.032468
4 0.680585 0.896104 0.028184 0.031540
4 0.672756 0.881262 0.024008 0.033395
4 0.664405 0.799629 0.027140 0.033395
4 0.617171 0.717996 0.016180 0.029685
4 0.614823 0.710575 0.019833 0.022263
4 0.594729 0.705009 0.012004 0.035250
4 0.584812 0.664657 0.020355 0.028757
4 0.619520 0.550093 0.015658 0.022263
4 0.582463 0.556586 0.013570 0.018553
4 0.578810 0.556122 0.015658 0.017625
4 0.581420 0.546382 0.014614 0.016698
4 0.575157 0.532468 0.012526 0.016698
4 0.564979 0.437848 0.010960 0.016698
0 0.553497 0.422078 0.014092 0.035250
4 0.573330 0.415584 0.008873 0.014842
1 0.550626 0.366883 0.011482 0.030612
0 0.544102 0.325139 0.013048 0.017625
1 0.514614 0.349258 0.009395 0.025046
1 0.508873 0.359926 0.010438 0.027829
0 0.501044 0.390074 0.013570 0.026902
0 0.509395 0.291280 0.009395 0.016698
4 0.464248 0.400278 0.012004 0.013915
4 0.554280 0.300557 0.004175 0.011132
4 0.553236 0.292208 0.005219 0.007421
4 0.520877 0.275046 0.004175 0.010204
0 0.570720 0.282931 0.018267 0.014842
2 0.561587 0.264842 0.026096 0.019481
4 0.562109 0.235158 0.004175 0.010204
2 0.890658 0.250928 0.054802 0.038033
0 0.744520 0.243970 0.009916 0.012987
0 0.737213 0.253711 0.018267 0.015770
2 0.827244 0.244898 0.030271 0.020408
0 0.528184 0.237941 0.011482 0.017625
1 0.515397 0.239332 0.009916 0.014842
0 0.514092 0.224490 0.009395 0.011132
2 0.475992 0.212430 0.019833 0.016698
1 0.477557 0.210575 0.011482 0.012987
1 0.479645 0.209184 0.009395 0.012059
1 0.481211 0.207328 0.009395 0.012059
4 0.504958 0.194805 0.002610 0.005566
0 0.460856 0.236085 0.017745 0.015770
3 0.464509 0.243506 0.025052 0.021336
0 0.513048 0.155380 0.007307 0.008349
0 0.516701 0.153989 0.005219 0.005566
