2 0.576200 0.758349 0.125261 0.106679
1 0.561326 0.952690 0.071503 0.079777
4 0.712422 0.790353 0.032359 0.027829
0 0.591075 0.596939 0.073591 0.075139
1 0.611691 0.526902 0.073069 0.077922
0 0.616388 0.455009 0.072025 0.067718
0 0.622390 0.350186 0.069415 0.054731
0 0.624217 0.280612 0.065762 0.067718
1 0.797234 0.523191 0.038100 0.146568
2 0.763309 0.108998 0.027662 0.112245
0 0.757046 0.024119 0.027662 0.048237
0 0.818111 0.034323 0.031837 0.068646
1 0.855167 0.044527 0.030793 0.089054
0 0.653184 0.016698 0.061065 0.033395
