0 0.842500 0.751429 0.115000 0.114286
0 0.530714 0.361429 0.078571 0.073333
0 0.463214 0.252857 0.066429 0.067619
0 0.344643 0.225714 0.065000 0.057143
0 0.076429 0.728571 0.085714 0.091429
0 0.044643 0.553810 0.053571 0.124762
0 0.249643 0.213333 0.063571 0.064762
0 0.360357 0.126190 0.053571 0.054286
0 0.459643 0.191905 0.057857 0.056190
0 0.267143 0.111905 0.050000 0.050476
0 0.231429 0.140952 0.055714 0.057143
0 0.281786 0.077619 0.060714 0.067619
0 0.157857 0.201905 0.058571 0.066667
0 0.098214 0.146190 0.055000 0.052381
0 0.137143 0.121429 0.065714 0.060000
0 0.111786 0.055714 0.052143 0.046667
0 0.030000 0.099048 0.052857 0.051429
0 0.045000 0.054762 0.055714 0.050476
0 0.061071 0.021905 0.056429 0.043810
1 0.375714 0.302381 0.067143 0.067619
1 0.155357 0.634286 0.073571 0.087619
1 0.447143 0.435714 0.080000 0.082857
1 0.649286 0.521429 0.085714 0.084762
1 0.768929 0.530952 0.105000 0.098095
0 0.038571 0.788095 0.077143 0.105714
3 0.366071 0.023810 0.109286 0.047619
4 0.155000 0.348095 0.024286 0.029524
4 0.906071 0.221905 0.029286 0.028571
4 0.558929 0.010476 0.023571 0.020952
