0 0.483929 0.845714 0.073571 0.125714
0 0.409286 0.812857 0.058571 0.115238
0 0.258214 0.754762 0.055000 0.098095
0 0.190000 0.716190 0.071429 0.085714
0 0.058214 0.632857 0.073571 0.052381
0 0.149643 0.560000 0.059286 0.045714
0 0.697857 0.926667 0.168571 0.137143
0 0.800000 0.760476 0.128571 0.086667
0 0.018214 0.599048 0.036429 0.059048
4 0.541429 0.531905 0.014286 0.039048
4 0.566786 0.540476 0.023571 0.039048
4 0.584643 0.545238 0.022143 0.037143
4 0.544643 0.475238 0.029286 0.026667
0 0.960357 0.871905 0.079286 0.124762
