4 0.252857 0.179524 0.030000 0.023810
1 0.258571 0.269048 0.054286 0.058095
4 0.508929 0.147619 0.019286 0.026667
4 0.562143 0.100952 0.007143 0.034286
4 0.572143 0.098571 0.005714 0.029524
0 0.510714 0.260476 0.017143 0.033333
2 0.709286 0.080476 0.082857 0.149524
0 0.657857 0.205238 0.042857 0.071429
0 0.593571 0.330476 0.048571 0.072381
1 0.550000 0.429524 0.045714 0.074286
2 0.499286 0.430000 0.071429 0.122857
4 0.360714 0.415238 0.020000 0.026667
4 0.332143 0.521905 0.018571 0.030476
4 0.351429 0.637143 0.025714 0.013333
4 0.080000 0.718571 0.037143 0.021905
4 0.042500 0.767143 0.026429 0.027619
4 0.051071 0.943333 0.027857 0.027619
4 0.151786 0.979524 0.033571 0.039048
4 0.238929 0.858571 0.030714 0.037143
4 0.265357 0.811429 0.032143 0.024762
4 0.274286 0.888095 0.038571 0.044762
0 0.317857 0.933810 0.080000 0.130476
4 0.946071 0.901429 0.032143 0.037143
4 0.927500 0.916667 0.030714 0.033333
0 0.849643 0.851905 0.090714 0.086667
1 0.762143 0.777619 0.087143 0.101905
4 0.776786 0.843810 0.039286 0.028571
4 0.692857 0.804286 0.034286 0.027619
4 0.663571 0.749524 0.030000 0.024762
1 0.356071 0.734762 0.069286 0.100000
