3 0.440240 0.588126 0.038100 0.142857
3 0.624739 0.512987 0.035491 0.116883
0 0.487996 0.771800 0.025052 0.085343
0 0.492171 0.571892 0.020877 0.054731
0 0.713987 0.765306 0.030271 0.076067
0 0.816545 0.824675 0.061065 0.053803
0 0.886482 0.841373 0.068372 0.063080
0 0.866910 0.982375 0.075157 0.033395
1 0.693894 0.532004 0.017223 0.043599
1 0.718946 0.488868 0.034969 0.037106
4 0.774008 0.615492 0.017745 0.017625
4 0.724687 0.542672 0.013048 0.025974
4 0.685021 0.293135 0.009916 0.011132
0 0.558455 0.211039 0.010438 0.019481
1 0.544102 0.197588 0.010960 0.020408
0 0.556367 0.137291 0.008351 0.014842
0 0.556106 0.100649 0.006785 0.012059
0 0.549582 0.057514 0.006263 0.011132
0 0.558194 0.043135 0.006785 0.010204
0 0.552714 0.019017 0.005219 0.008349
0 0.636482 0.229128 0.012004 0.020408
1 0.631002 0.206401 0.009395 0.019481
0 0.626044 0.194341 0.010960 0.017625
0 0.619259 0.159091 0.008873 0.015770
0 0.616910 0.147959 0.014614 0.015770
1 0.614301 0.136827 0.009395 0.017625
4 0.794885 0.758813 0.009395 0.025974
4 0.823852 0.794991 0.021399 0.025974
4 0.400574 0.424861 0.004697 0.012987
4 0.429019 0.294063 0.004175 0.011132
4 0.438413 0.254638 0.003132 0.013915
4 0.672756 0.344156 0.005219 0.020408
4 0.646138 0.205473 0.008351 0.010204
