0 0.134134 0.565399 0.033403 0.084416
0 0.158925 0.519481 0.036013 0.072356
0 0.178758 0.453154 0.041232 0.071429
4 0.059238 0.120594 0.018267 0.031540
4 0.062630 0.164657 0.024008 0.028757
1 0.019833 0.259740 0.039666 0.076067
4 0.028445 0.370130 0.016180 0.029685
2 0.026618 0.845547 0.040710 0.102968
2 0.350731 0.633117 0.059499 0.123377
4 0.873434 0.078386 0.026618 0.021336
0 0.800365 0.266698 0.028706 0.089981
0 0.775574 0.326531 0.030271 0.079777
2 0.729645 0.726345 0.045929 0.100186
4 0.362996 0.918367 0.016180 0.035250
