4 0.020000 0.847143 0.040000 0.080952
0 0.135357 0.945714 0.099286 0.104762
0 0.940000 0.926667 0.117143 0.146667
2 0.542500 0.741905 0.076429 0.234286
1 0.238571 0.521429 0.074286 0.120952
0 0.430000 0.437619 0.111429 0.096190
4 0.699286 0.542857 0.030000 0.051429
0 0.814286 0.388571 0.080000 0.118095
4 0.959286 0.380000 0.042857 0.032381
0 0.541429 0.370476 0.045714 0.114286
0 0.267857 0.355238 0.067143 0.110476
0 0.289643 0.200476 0.047857 0.090476
0 0.333929 0.053810 0.037857 0.058095
0 0.445000 0.213333 0.091429 0.068571
0 0.450357 0.164286 0.085000 0.063810
0 0.449286 0.080000 0.081429 0.072381
0 0.452143 0.045238 0.070000 0.052381
0 0.735357 0.246190 0.056429 0.100000
0 0.655714 0.266667 0.097143 0.078095
0 0.647857 0.213333 0.091429 0.070476
0 0.638929 0.170952 0.082143 0.073333
0 0.633929 0.093333 0.063571 0.070476
1 0.722857 0.131905 0.060000 0.086667
0 0.763214 0.124762 0.060714 0.089524
4 0.860357 0.134762 0.022143 0.037143
1 0.900714 0.251905 0.092857 0.092381
