0 0.371071 0.394762 0.032143 0.098095
0 0.385714 0.756190 0.040000 0.131429
0 0.653571 0.867143 0.058571 0.153333
0 0.519643 0.601429 0.037857 0.120952
0 0.480357 0.310952 0.027857 0.084762
0 0.475000 0.213333 0.028571 0.062857
0 0.778571 0.408095 0.040000 0.082857
1 0.846786 0.152381 0.035000 0.066667
1 0.558571 0.204762 0.028571 0.059048
0 0.518214 0.203810 0.023571 0.068571
0 0.600000 0.233333 0.028571 0.064762
0 0.605000 0.327619 0.032857 0.076190
0 0.654286 0.329048 0.040000 0.086667
0 0.642143 0.229524 0.028571 0.062857
0 0.909286 0.158095 0.047143 0.070476
0 0.561071 0.048095 0.053571 0.046667
3 0.449286 0.102857 0.154286 0.121905
3 0.697500 0.124286 0.120714 0.170476
0 0.851786 0.373333 0.055000 0.080000
0 0.943571 0.156190 0.037143 0.068571
0 0.977500 0.153810 0.036429 0.067619
0 0.861071 0.232857 0.059286 0.075238
0 0.954643 0.344762 0.067857 0.045714
0 0.968929 0.250952 0.062143 0.042857
4 0.238571 0.240000 0.011429 0.026667
4 0.245714 0.201905 0.015714 0.032381
4 0.182143 0.176190 0.020000 0.032381
4 0.976429 0.430476 0.028571 0.015238
4 0.176071 0.224762 0.023571 0.020952
4 0.219286 0.929048 0.017143 0.063810
4 0.313929 0.042381 0.019286 0.020000
