4 0.167500 0.664762 0.033571 0.024762
4 0.071786 0.664286 0.023571 0.020000
4 0.092500 0.641905 0.025000 0.017143
0 0.329643 0.659048 0.056429 0.038095
0 0.248571 0.672381 0.084286 0.047619
4 0.373571 0.703333 0.032857 0.031429
4 0.380000 0.697619 0.034286 0.029524
0 0.373214 0.674762 0.083571 0.042857
0 0.473214 0.685714 0.093571 0.045714
1 0.437143 0.659048 0.044286 0.053333
4 0.703214 0.707619 0.045000 0.034286
0 0.838571 0.713333 0.117143 0.057143
0 0.918571 0.700000 0.105714 0.051429
0 0.972857 0.677619 0.052857 0.056190
0 0.736071 0.657143 0.037857 0.034286
0 0.728571 0.640476 0.028571 0.039048
0 0.725000 0.638095 0.027143 0.043810
0 0.718929 0.618571 0.023571 0.035238
0 0.590000 0.597143 0.015714 0.020952
0 0.633929 0.607619 0.019286 0.020952
0 0.636071 0.604286 0.017857 0.029524
0 0.651429 0.689048 0.095714 0.044762
