0 0.780010 0.776438 0.040188 0.087199
1 0.807411 0.875696 0.038622 0.081633
0 0.724687 0.566790 0.025574 0.046382
0 0.713987 0.516234 0.036534 0.049165
1 0.702766 0.471707 0.023486 0.041744
4 0.829593 0.794991 0.020355 0.025974
4 0.866127 0.935529 0.030793 0.028757
4 0.359342 0.612245 0.005741 0.022263
4 0.393267 0.477737 0.006785 0.014842
4 0.408925 0.494434 0.005741 0.020408
4 0.402662 0.423006 0.003653 0.014842
4 0.412317 0.424397 0.004175 0.017625
4 0.413883 0.382189 0.004175 0.016698
4 0.434499 0.361317 0.003653 0.013915
4 0.460073 0.252319 0.004697 0.009276
4 0.505741 0.258349 0.004175 0.012059
4 0.555324 0.295455 0.009395 0.012059
4 0.568372 0.293599 0.005219 0.006494
4 0.447547 0.258813 0.004697 0.009276
4 0.439718 0.300557 0.004697 0.011132
0 0.678236 0.496289 0.021399 0.042672
4 0.593163 0.202226 0.003653 0.011132
4 0.628914 0.279221 0.004175 0.011132
4 0.617432 0.250464 0.004175 0.009276
4 0.612996 0.205473 0.002610 0.008349
4 0.455637 0.214286 0.003132 0.007421
4 0.594468 0.128015 0.003132 0.005566
4 0.586117 0.106679 0.003132 0.005566
0 0.559238 0.081169 0.007829 0.010204
0 0.552192 0.118738 0.008351 0.014842
0 0.552453 0.147032 0.007829 0.015770
0 0.565240 0.172078 0.009395 0.015770
4 0.423800 0.415121 0.005219 0.008349
4 0.915710 0.966141 0.024530 0.025046
4 0.901618 0.944805 0.023486 0.019481
