0 0.420000 0.521905 0.011429 0.036190
0 0.474643 0.526190 0.012143 0.035238
0 0.504286 0.532857 0.011429 0.035238
0 0.533214 0.534286 0.012143 0.034286
0 0.562143 0.534762 0.011429 0.031429
0 0.575357 0.532857 0.012143 0.035238
1 0.614643 0.540952 0.016429 0.043810
0 0.453929 0.818571 0.013571 0.046667
0 0.472857 0.810952 0.014286 0.044762
0 0.490000 0.820476 0.012857 0.042857
0 0.512857 0.694286 0.037143 0.020952
0 0.797857 0.530476 0.028571 0.017143
4 0.694286 0.426190 0.005714 0.012381
4 0.691429 0.416190 0.005714 0.011429
4 0.679643 0.368095 0.007857 0.006667
4 0.683929 0.381905 0.005000 0.011429
4 0.686429 0.393810 0.007143 0.010476
4 0.688929 0.398095 0.006429 0.013333
4 0.569643 0.394286 0.005000 0.013333
4 0.566429 0.392381 0.004286 0.011429
4 0.563929 0.394286 0.005000 0.013333
