1 0.012787 0.185065 0.025574 0.023191
0 0.078810 0.025974 0.008351 0.014842
2 0.963727 0.694805 0.071503 0.116883
0 0.930324 0.385436 0.019311 0.034323
0 0.965292 0.361781 0.023486 0.025974
4 0.919885 0.301020 0.005741 0.015770
4 0.925626 0.301484 0.006785 0.016698
4 0.931367 0.297310 0.007829 0.019481
4 0.943111 0.288961 0.009395 0.015770
4 0.950157 0.287570 0.010960 0.016698
4 0.958246 0.283859 0.011482 0.014842
0 0.593163 0.066327 0.016180 0.013915
1 0.607777 0.084416 0.015136 0.020408
2 0.623434 0.051484 0.028706 0.030612
4 0.695981 0.263451 0.008873 0.012987
4 0.732516 0.284787 0.007829 0.012987
4 0.748956 0.320037 0.012526 0.016698
4 0.750261 0.300093 0.009916 0.012059
0 0.719729 0.306586 0.026096 0.026902
0 0.742171 0.352041 0.026096 0.025046
4 0.784969 0.329777 0.014614 0.021336
1 0.690762 0.253247 0.015136 0.022263
4 0.802975 0.375696 0.009916 0.014842
4 0.800104 0.370130 0.009395 0.016698
4 0.784969 0.360390 0.009395 0.015770
4 0.790971 0.364564 0.012004 0.014842
4 0.987735 0.343228 0.005741 0.018553
4 0.982516 0.346939 0.007829 0.018553
4 0.974948 0.348794 0.007307 0.020408
4 0.959812 0.335807 0.006263 0.022263
4 0.965031 0.333024 0.006263 0.020408
4 0.968424 0.327922 0.007829 0.015770
0 0.694676 0.432746 0.028184 0.038033
0 0.677975 0.399351 0.014614 0.034323
