1 0.532750 0.614333 0.166500 0.123333
1 0.552250 0.373000 0.116500 0.114000
1 0.654750 0.305333 0.148500 0.105333
1 0.638750 0.264667 0.146500 0.074667
1 0.525500 0.288333 0.080000 0.102000
1 0.642000 0.168333 0.095000 0.066000
0 0.130750 0.478000 0.185500 0.109333
0 0.233750 0.370667 0.139500 0.077333
4 0.266250 0.329000 0.033500 0.042000
0 0.355250 0.176000 0.081500 0.053333
1 0.371500 0.138667 0.085000 0.061333
0 0.543250 0.179667 0.062500 0.056667
0 0.660500 0.149333 0.089000 0.049333
0 0.611500 0.127667 0.089000 0.047333
0 0.463000 0.103333 0.044000 0.048000
0 0.377750 0.123667 0.088500 0.047333
0 0.399750 0.110333 0.088500 0.047333
0 0.553500 0.024000 0.029000 0.037333
1 0.432750 0.047000 0.076500 0.047333
0 0.437750 0.041333 0.088500 0.048000
0 0.452750 0.012667 0.075500 0.025333
4 0.702500 0.399667 0.061000 0.058000
4 0.664000 0.691000 0.046000 0.111333
0 0.685500 0.478000 0.175000 0.098667
0 0.610750 0.546333 0.174500 0.108667
1 0.496750 0.480333 0.145500 0.144667
0 0.828500 0.582000 0.065000 0.081333
