0 0.521500 0.525667 0.109000 0.104667
1 0.603250 0.866000 0.080500 0.253333
2 0.686250 0.683333 0.197500 0.245333
1 0.658250 0.552000 0.102500 0.074667
0 0.803500 0.521667 0.134000 0.080667
1 0.761000 0.381000 0.101000 0.074000
0 0.591250 0.412000 0.101500 0.062667
0 0.456750 0.374000 0.071500 0.080000
0 0.251000 0.519333 0.059000 0.128000
0 0.274500 0.384667 0.045000 0.092000
0 0.283750 0.268667 0.038500 0.077333
4 0.378250 0.209000 0.014500 0.034000
1 0.293500 0.163000 0.037000 0.063333
4 0.360750 0.018333 0.008500 0.023333
4 0.379250 0.021333 0.009500 0.024000
0 0.958500 0.515667 0.083000 0.075333
0 0.968000 0.341333 0.064000 0.069333
0 0.959750 0.192000 0.069500 0.045333
4 0.842000 0.193000 0.031000 0.034000
0 0.710250 0.217667 0.073500 0.040667
0 0.650750 0.249000 0.081500 0.054000
1 0.641000 0.325667 0.077000 0.064667
1 0.619500 0.199667 0.072000 0.067333
0 0.494500 0.124000 0.033000 0.058667
0 0.571250 0.059667 0.058500 0.035333
4 0.595500 0.076000 0.023000 0.026667
4 0.639000 0.070000 0.018000 0.024000
0 0.955000 0.128000 0.069000 0.042667
0 0.921750 0.086667 0.060500 0.040000
0 0.898500 0.064667 0.063000 0.037333
