4 0.080714 0.812381 0.041429 0.066667
0 0.475357 0.770000 0.117857 0.145714
0 0.747857 0.836667 0.097143 0.136190
0 0.520714 0.518571 0.074286 0.061905
1 0.629643 0.617619 0.093571 0.120952
0 0.590357 0.458571 0.072143 0.046667
0 0.606429 0.442857 0.071429 0.051429
0 0.580000 0.383333 0.047143 0.031429
1 0.648214 0.400476 0.052143 0.042857
0 0.686429 0.398095 0.045714 0.034286
0 0.707500 0.379048 0.057857 0.034286
2 0.828214 0.407619 0.043571 0.049524
1 0.748571 0.350000 0.060000 0.040952
0 0.762857 0.344762 0.037143 0.026667
0 0.788929 0.321429 0.046429 0.025714
0 0.836429 0.285714 0.038571 0.020952
0 0.848929 0.280476 0.035000 0.020000
0 0.858571 0.278095 0.022857 0.015238
1 0.864286 0.267143 0.025714 0.020000
1 0.865714 0.255238 0.027143 0.013333
1 0.869286 0.250952 0.024286 0.012381
0 0.922500 0.293333 0.016429 0.022857
0 0.882143 0.331429 0.022857 0.024762
0 0.833214 0.329048 0.023571 0.027619
0 0.681071 0.959048 0.102143 0.081905
