1 0.526357 0.480983 0.048539 0.128942
4 0.490866 0.293135 0.008873 0.035250
4 0.395094 0.155844 0.015658 0.018553
4 0.355950 0.459647 0.031315 0.032468
4 0.690240 0.329777 0.027662 0.032468
4 0.684760 0.326994 0.021921 0.034323
4 0.644572 0.275046 0.018789 0.036178
2 0.404489 0.133581 0.017745 0.033395
0 0.424322 0.107607 0.032359 0.022263
4 0.471294 0.051020 0.003132 0.011132
1 0.531576 0.044063 0.020355 0.017625
0 0.547495 0.071429 0.014614 0.020408
4 0.265136 0.870594 0.069937 0.080705
0 0.180585 0.871985 0.089770 0.135436
4 0.493215 0.045455 0.005219 0.012987
4 0.483559 0.035250 0.003653 0.011132
