4 0.238929 0.265714 0.035000 0.013333
4 0.233571 0.282381 0.034286 0.021905
4 0.238929 0.323333 0.040714 0.031429
4 0.626429 0.659048 0.035714 0.024762
4 0.617857 0.609524 0.038571 0.022857
4 0.615000 0.580476 0.041429 0.021905
4 0.614286 0.556190 0.040000 0.030476
4 0.611429 0.530476 0.040000 0.017143
4 0.689286 0.565714 0.035714 0.024762
4 0.673929 0.467619 0.040714 0.022857
4 0.625714 0.414762 0.012857 0.042857
4 0.322500 0.463333 0.016429 0.054286
2 0.528214 0.874286 0.059286 0.196190
0 0.237857 0.870476 0.050000 0.150476
0 0.235000 0.695238 0.044286 0.129524
0 0.358571 0.572857 0.042857 0.136190
0 0.280714 0.433333 0.055714 0.118095
2 0.232143 0.200476 0.042857 0.117143
1 0.536429 0.215714 0.034286 0.098095
0 0.524643 0.103333 0.036429 0.100000
