3 0.656576 0.803803 0.115866 0.240260
3 0.511743 0.949443 0.101775 0.099258
0 0.443111 0.755566 0.057411 0.076994
0 0.561587 0.609926 0.040710 0.064007
1 0.501044 0.678108 0.039666 0.074212
4 0.406315 0.732375 0.020355 0.030612
4 0.526096 0.608998 0.010438 0.026902
4 0.587422 0.539889 0.020355 0.024119
4 0.580376 0.525974 0.010438 0.029685
4 0.571764 0.555659 0.013048 0.025974
3 0.892484 0.299165 0.038622 0.065863
1 0.814457 0.319109 0.016180 0.037106
0 0.834812 0.253247 0.021399 0.020408
0 0.832724 0.251855 0.023486 0.025046
0 0.846033 0.237013 0.020877 0.019481
0 0.871868 0.200371 0.024530 0.031540
0 0.887526 0.223098 0.015136 0.019481
4 0.471294 0.628479 0.013570 0.015770
4 0.659969 0.438312 0.013048 0.008349
4 0.682411 0.524583 0.009916 0.015770
4 0.482255 0.648887 0.013570 0.026902
