0 0.203929 0.869048 0.062143 0.054286
0 0.541429 0.866190 0.035714 0.082857
0 0.719643 0.694286 0.052143 0.036190
0 0.745000 0.626190 0.041429 0.035238
0 0.786786 0.647143 0.046429 0.035238
0 0.804643 0.600000 0.039286 0.030476
0 0.486786 0.671429 0.029286 0.062857
0 0.578214 0.631905 0.036429 0.054286
0 0.556429 0.579524 0.030000 0.054286
0 0.535357 0.523333 0.026429 0.050476
0 0.478929 0.611429 0.030714 0.051429
0 0.461071 0.561429 0.026429 0.046667
0 0.381071 0.260000 0.016429 0.026667
1 0.565714 0.963333 0.035714 0.073333
1 0.446071 0.503333 0.023571 0.048571
1 0.431786 0.445714 0.025000 0.049524
0 0.394643 0.302857 0.013571 0.026667
0 0.440000 0.255714 0.014286 0.027619
2 0.511429 0.766190 0.035714 0.079048
2 0.657500 0.660952 0.050714 0.045714
2 0.400000 0.325714 0.022857 0.047619
4 0.677857 0.911429 0.017143 0.019048
4 0.686786 0.935714 0.025000 0.025714
4 0.663214 0.696190 0.016429 0.019048
4 0.705000 0.740000 0.011429 0.034286
4 0.719286 0.735238 0.014286 0.028571
4 0.778571 0.611429 0.007143 0.022857
4 0.735714 0.671905 0.018571 0.016190
4 0.770714 0.678571 0.020000 0.016190
4 0.835000 0.559524 0.012857 0.014286
4 0.732857 0.726667 0.017143 0.024762
4 0.740714 0.715238 0.020000 0.032381
4 0.657500 0.724762 0.019286 0.019048
2 0.409643 0.367143 0.022143 0.046667
