1 0.087857 0.109048 0.051429 0.067619
1 0.234643 0.194762 0.063571 0.071429
1 0.267857 0.296667 0.061429 0.075238
0 0.190357 0.227143 0.062143 0.071429
0 0.731429 0.080476 0.051429 0.071429
0 0.631429 0.076190 0.051429 0.070476
0 0.685714 0.399048 0.061429 0.080000
0 0.562857 0.325714 0.055714 0.081905
1 0.706786 0.225238 0.055000 0.075238
4 0.935000 0.177619 0.022857 0.031429
4 0.676429 0.340952 0.021429 0.032381
4 0.675357 0.515714 0.035000 0.098095
4 0.626071 0.523810 0.015000 0.040000
0 0.802857 0.800952 0.090000 0.102857
0 0.790357 0.893810 0.087857 0.107619
1 0.692143 0.796667 0.074286 0.082857
4 0.922500 0.670000 0.026429 0.042857
4 0.932857 0.698571 0.021429 0.033333
4 0.948214 0.653810 0.020714 0.029524
4 0.852857 0.895238 0.032857 0.038095
0 0.403214 0.846190 0.073571 0.115238
0 0.444643 0.912381 0.055000 0.081905
0 0.486071 0.579524 0.062143 0.094286
0 0.408214 0.581429 0.059286 0.094286
4 0.522500 0.771905 0.026429 0.031429
0 0.220357 0.884762 0.076429 0.112381
0 0.052500 0.945238 0.089286 0.109524
2 0.198214 0.738571 0.119286 0.151429
4 0.326786 0.649048 0.027857 0.039048
4 0.635714 0.942381 0.037143 0.029524
4 0.605714 0.982857 0.031429 0.034286
4 0.361429 0.447143 0.028571 0.033333
