1 0.170357 0.854286 0.093571 0.053333
2 0.325357 0.941905 0.050714 0.114286
1 0.377857 0.916667 0.037143 0.126667
1 0.521429 0.939524 0.032857 0.115238
0 0.506429 0.780476 0.040000 0.113333
0 0.514286 0.518571 0.037143 0.111429
0 0.285000 0.687619 0.040000 0.114286
0 0.362500 0.594762 0.040714 0.111429
0 0.348929 0.447619 0.037857 0.108571
0 0.359286 0.330952 0.060000 0.101905
0 0.517857 0.403333 0.031429 0.075238
0 0.516071 0.296667 0.033571 0.096190
0 0.516071 0.168571 0.033571 0.093333
0 0.513571 0.060476 0.035714 0.100000
0 0.428214 0.110000 0.032143 0.105714
1 0.351786 0.222857 0.029286 0.085714
0 0.222857 0.040000 0.080000 0.051429
0 0.218571 0.097619 0.077143 0.052381
4 0.189286 0.345714 0.031429 0.032381
4 0.161429 0.737143 0.030000 0.015238
4 0.169286 0.610000 0.031429 0.018095
4 0.186786 0.515714 0.019286 0.039048
0 0.300357 0.494762 0.033571 0.103810
0 0.283929 0.359048 0.040714 0.108571
