0 0.091597 0.446660 0.079854 0.076994
0 0.061848 0.516698 0.073591 0.061224
0 0.027662 0.729128 0.052192 0.141002
0 0.253653 0.243043 0.042797 0.115028
4 0.367171 0.329314 0.009916 0.035250
4 0.459290 0.295918 0.009395 0.040816
4 0.440501 0.319573 0.010438 0.039889
4 0.426148 0.360390 0.009916 0.038033
0 0.307411 0.490724 0.064718 0.064935
4 0.601775 0.368275 0.008351 0.037106
4 0.614823 0.368738 0.007307 0.038033
0 0.486952 0.338126 0.040710 0.125232
0 0.776618 0.463822 0.041754 0.113173
0 0.854384 0.506957 0.038622 0.114100
0 0.676931 0.694805 0.044885 0.137291
0 0.720251 0.720315 0.041754 0.134508
0 0.758612 0.755102 0.042276 0.135436
0 0.798539 0.784787 0.044885 0.135436
0 0.854906 0.823284 0.043841 0.130798
0 0.898747 0.826067 0.046973 0.134508
