0 0.158214 0.196066 0.013571 0.019036
1 0.172500 0.178934 0.013571 0.017766
0 0.168571 0.242386 0.014286 0.020305
1 0.196786 0.230964 0.020714 0.017766
1 0.183571 0.361041 0.017143 0.031726
1 0.237143 0.276650 0.018571 0.017766
0 0.239643 0.263325 0.016429 0.016497
1 0.268571 0.262056 0.020000 0.019036
0 0.326786 0.232868 0.020714 0.016497
0 0.275357 0.233503 0.020714 0.020305
0 0.322143 0.258883 0.017143 0.017766
1 0.310000 0.304569 0.022857 0.020305
0 0.203571 0.392766 0.021429 0.019036
0 0.197500 0.427665 0.019286 0.017766
0 0.209286 0.457487 0.018571 0.024112
0 0.233929 0.486041 0.019286 0.030457
1 0.317143 0.400381 0.021429 0.019036
0 0.305357 0.432107 0.017857 0.019036
3 0.232857 0.797589 0.027143 0.057107
3 0.276786 0.780457 0.036429 0.078680
3 0.288571 0.798223 0.031429 0.068528
3 0.228571 0.865482 0.047143 0.121827
3 0.315714 0.897208 0.047143 0.086294
3 0.320000 0.866117 0.050000 0.087563
3 0.329286 0.840102 0.050000 0.088832
3 0.339286 0.817893 0.035714 0.069797
3 0.353214 0.800761 0.030714 0.053299
3 0.320000 0.705584 0.034286 0.096447
1 0.295000 0.677665 0.017143 0.035533
3 0.348929 0.622462 0.026429 0.062183
3 0.389286 0.637690 0.045714 0.077411
3 0.382500 0.661168 0.037857 0.065990
3 0.368929 0.675761 0.047857 0.079949
3 0.364643 0.707487 0.045000 0.082487
3 0.358929 0.732868 0.049286 0.090102
3 0.354286 0.760787 0.051429 0.090102
3 0.367857 0.512690 0.037143 0.083756
0 0.445000 0.572970 0.010000 0.031726
3 0.450357 0.460025 0.016429 0.090102
0 0.467857 0.451142 0.010000 0.026650
3 0.469286 0.314086 0.018571 0.064721
3 0.444643 0.057741 0.050714 0.034264
0 0.527857 0.017132 0.007143 0.013959
0 0.525357 0.052665 0.006429 0.016497
0 0.485000 0.102792 0.015714 0.015228
0 0.507857 0.119924 0.007143 0.019036
1 0.500714 0.167513 0.008571 0.022843
0 0.487857 0.223350 0.010000 0.020305
0 0.499643 0.220812 0.009286 0.020305
0 0.005357 0.855330 0.010714 0.032995
