0 0.376429 0.930203 0.071429 0.065990
1 0.667143 0.789975 0.060000 0.057107
0 0.930714 0.667513 0.058571 0.050761
2 0.980000 0.463832 0.040000 0.082487
2 0.268929 0.664975 0.030714 0.109137
0 0.357500 0.600888 0.020714 0.069797
0 0.566786 0.595812 0.029286 0.064721
3 0.614643 0.723350 0.067857 0.164975
3 0.615714 0.395939 0.045714 0.144670
1 0.465000 0.374365 0.015714 0.038071
1 0.423571 0.513959 0.021429 0.065990
0 0.385000 0.425761 0.017143 0.049492
1 0.133214 0.464467 0.026429 0.040609
3 0.108929 0.304569 0.065000 0.116751
3 0.107857 0.166244 0.065714 0.093909
2 0.245714 0.252538 0.034286 0.053299
0 0.427500 0.093274 0.010714 0.026650
0 0.373571 0.013959 0.011429 0.017766
4 0.365357 0.044416 0.003571 0.015228
1 0.332857 0.041244 0.012857 0.021574
1 0.358929 0.097081 0.013571 0.026650
3 0.303571 0.029822 0.045714 0.059645
3 0.555000 0.085660 0.030000 0.087563
3 0.527143 0.022843 0.027143 0.045685
3 0.980000 0.230964 0.040000 0.076142
0 0.917857 0.142766 0.034286 0.029188
0 0.865000 0.097081 0.024286 0.029188
0 0.830357 0.059010 0.022143 0.024112
0 0.801071 0.020939 0.025000 0.026650
