2 0.051786 0.943528 0.040714 0.102792
1 0.110714 0.895305 0.022857 0.062183
1 0.177857 0.892132 0.021429 0.065990
0 0.373929 0.746193 0.019286 0.060914
3 0.474286 0.890863 0.048571 0.154822
3 0.606786 0.322970 0.089286 0.092640
1 0.107143 0.041244 0.024286 0.046954
0 0.230357 0.277919 0.027857 0.053299
0 0.207857 0.310279 0.022857 0.057107
0 0.171786 0.421954 0.022143 0.059645
0 0.131071 0.524746 0.022143 0.057107
1 0.166071 0.534898 0.022143 0.057107
0 0.202857 0.560914 0.021429 0.055838
2 0.255000 0.515863 0.031429 0.087563
0 0.234286 0.409898 0.024286 0.055838
0 0.267500 0.407995 0.022143 0.057107
0 0.330714 0.559010 0.037143 0.041878
0 0.460714 0.429569 0.035714 0.036802
0 0.481429 0.454949 0.034286 0.039340
0 0.807143 0.194797 0.035714 0.039340
1 0.971786 0.421320 0.033571 0.040609
3 0.635714 0.028553 0.027143 0.057107
3 0.656071 0.045685 0.040714 0.091371
3 0.678214 0.050127 0.042143 0.097716
3 0.701786 0.045685 0.040714 0.091371
3 0.718214 0.059010 0.033571 0.085025
3 0.743929 0.054569 0.046429 0.109137
3 0.766786 0.052665 0.043571 0.105330
3 0.792143 0.047589 0.042857 0.095178
3 0.818214 0.043147 0.040714 0.086294
3 0.840357 0.047589 0.043571 0.095178
3 0.861071 0.053934 0.046429 0.105330
