0 0.087857 0.070000 0.015714 0.018095
0 0.202857 0.183333 0.025714 0.056190
0 0.217143 0.287143 0.027143 0.063810
4 0.283214 0.163333 0.010714 0.023810
4 0.307857 0.210476 0.008571 0.032381
0 0.135357 0.417619 0.032143 0.075238
0 0.242857 0.423333 0.035714 0.082857
0 0.259286 0.590476 0.041429 0.108571
0 0.140000 0.625714 0.040000 0.104762
0 0.291786 0.899524 0.056429 0.157143
4 0.496071 0.948571 0.015000 0.036190
0 0.482500 0.599524 0.065000 0.086667
4 0.499286 0.226667 0.012857 0.015238
4 0.510000 0.303810 0.022857 0.022857
4 0.526786 0.327619 0.023571 0.024762
0 0.622143 0.407619 0.064286 0.049524
