0 0.456071 0.644286 0.075000 0.157143
0 0.477143 0.445238 0.048571 0.073333
0 0.380357 0.421429 0.040714 0.060000
1 0.399286 0.341429 0.028571 0.048571
0 0.581429 0.362381 0.044286 0.040952
0 0.456786 0.299048 0.026429 0.032381
0 0.441071 0.268571 0.022143 0.026667
0 0.533571 0.296190 0.028571 0.024762
0 0.498929 0.271905 0.022143 0.025714
4 0.305000 0.412381 0.011429 0.022857
4 0.311786 0.368095 0.012143 0.020000
4 0.297143 0.358095 0.010000 0.022857
4 0.238571 0.417619 0.011429 0.020000
4 0.264286 0.423333 0.017143 0.016190
4 0.267143 0.461905 0.014286 0.028571
4 0.237857 0.477619 0.011429 0.027619
4 0.251786 0.530000 0.013571 0.035238
4 0.292143 0.570952 0.014286 0.039048
4 0.190000 0.526190 0.012857 0.037143
4 0.163929 0.534286 0.015000 0.041905
0 0.406429 0.199524 0.005714 0.004762
0 0.402857 0.196667 0.005714 0.006667
3 0.402143 0.177143 0.007143 0.011429
0 0.367143 0.211905 0.011429 0.012381
2 0.852500 0.836190 0.290714 0.327619
4 0.696429 0.338571 0.014286 0.020000
4 0.744643 0.320000 0.023571 0.015238
4 0.640357 0.329048 0.017857 0.016190
4 0.653929 0.335238 0.015000 0.013333
0 0.941786 0.342857 0.073571 0.032381
1 0.870714 0.316667 0.058571 0.039048
0 0.850357 0.311905 0.053571 0.029524
0 0.914643 0.302857 0.042143 0.032381
0 0.982500 0.319524 0.035000 0.035238
0 0.972857 0.294286 0.054286 0.036190
0 0.928214 0.326190 0.060714 0.029524
4 0.097143 0.664762 0.027143 0.068571
1 0.037857 0.407143 0.075714 0.060000
0 0.027500 0.447143 0.052143 0.042857
