4 0.116000 0.899667 0.093000 0.043333
1 0.162000 0.360000 0.148000 0.069333
1 0.183500 0.299333 0.137000 0.081333
0 0.309000 0.278333 0.063000 0.114000
4 0.329750 0.189333 0.021500 0.048000
4 0.579750 0.021333 0.031500 0.028000
1 0.778750 0.055000 0.086500 0.070000
4 0.501250 0.623000 0.057500 0.028667
4 0.846750 0.749000 0.078500 0.040667
4 0.898500 0.847667 0.084000 0.068667
0 0.791000 0.460333 0.102000 0.199333
4 0.811500 0.367000 0.022000 0.063333
0 0.581750 0.158667 0.068500 0.110667
1 0.718500 0.182333 0.072000 0.134000
4 0.662500 0.316000 0.018000 0.060000
