0 0.785250 0.844000 0.057500 0.084000
2 0.986500 0.408333 0.018000 0.027333
0 0.994750 0.400000 0.009500 0.013333
0 0.667250 0.426333 0.018500 0.012667
0 0.682250 0.435667 0.029500 0.016667
0 0.733000 0.463333 0.032000 0.014667
0 0.722500 0.469667 0.031000 0.019333
0 0.714000 0.479000 0.037000 0.022000
0 0.704750 0.483667 0.037500 0.022000
0 0.691500 0.489000 0.041000 0.022000
0 0.672750 0.504000 0.038500 0.024000
0 0.664000 0.511333 0.037000 0.024000
0 0.643250 0.519667 0.040500 0.022000
0 0.637750 0.527333 0.041500 0.025333
0 0.627750 0.531000 0.038500 0.024667
0 0.610250 0.541333 0.039500 0.021333
0 0.595750 0.550667 0.045500 0.028000
0 0.574000 0.555667 0.046000 0.030000
0 0.529000 0.590333 0.048000 0.028667
0 0.474500 0.617000 0.045000 0.036667
0 0.451500 0.632000 0.050000 0.034667
0 0.429000 0.647333 0.051000 0.038667
0 0.403000 0.662333 0.051000 0.051333
0 0.233500 0.768333 0.048000 0.051333
0 0.193500 0.799333 0.073000 0.070667
0 0.127250 0.834000 0.053500 0.062667
4 0.240500 0.651667 0.017000 0.024667
4 0.289500 0.631667 0.019000 0.019333
0 0.312000 0.632000 0.054000 0.044000
4 0.364500 0.576000 0.012000 0.020000
4 0.383000 0.570333 0.017000 0.020667
4 0.362750 0.556667 0.007500 0.013333
4 0.369500 0.541333 0.013000 0.017333
0 0.425250 0.541333 0.041500 0.025333
1 0.393750 0.578333 0.043500 0.042000
4 0.425750 0.525333 0.012500 0.014667
0 0.506000 0.516333 0.022000 0.023333
4 0.393250 0.631333 0.016500 0.017333
0 0.165750 0.449333 0.021500 0.018667
0 0.184500 0.445000 0.024000 0.016667
