0 0.748500 0.092000 0.006000 0.008000
0 0.745250 0.098667 0.006500 0.009333
0 0.738750 0.096333 0.005500 0.007333
0 0.739500 0.103000 0.007000 0.007333
0 0.733000 0.122000 0.007000 0.009333
4 0.332000 0.450667 0.011000 0.026667
0 0.387500 0.322333 0.040000 0.028667
0 0.439250 0.332667 0.036500 0.026667
0 0.458250 0.312333 0.042500 0.028667
0 0.423000 0.417333 0.042000 0.052000
4 0.472250 0.267667 0.007500 0.015333
4 0.498500 0.296333 0.007000 0.020667
4 0.490500 0.292000 0.007000 0.012000
4 0.509250 0.247667 0.012500 0.012667
0 0.527750 0.215667 0.024500 0.015333
0 0.548500 0.202667 0.022000 0.017333
2 0.587000 0.204000 0.037000 0.022667
1 0.702250 0.100000 0.014500 0.012000
0 0.710750 0.144333 0.007500 0.011333
1 0.704750 0.150667 0.008500 0.013333
1 0.707500 0.146333 0.009000 0.014000
4 0.726250 0.154000 0.003500 0.008000
4 0.704500 0.174000 0.004000 0.008000
0 0.698000 0.207000 0.015000 0.015333
1 0.721250 0.258667 0.024500 0.025333
1 0.722500 0.280667 0.022000 0.028000
1 0.630500 0.272000 0.018000 0.026667
1 0.603750 0.282333 0.022500 0.024667
2 0.616500 0.300333 0.029000 0.032667
2 0.641250 0.257000 0.020500 0.026000
4 0.678500 0.229333 0.006000 0.012000
4 0.659750 0.241333 0.007500 0.012000
4 0.603500 0.344000 0.013000 0.016000
1 0.674250 0.477000 0.034500 0.068667
4 0.549750 0.503667 0.013500 0.039333
4 0.558500 0.541333 0.011000 0.030667
2 0.645750 0.610000 0.039500 0.076000
2 0.378000 0.597333 0.098000 0.113333
4 0.343000 0.683000 0.033000 0.024667
2 0.599750 0.765333 0.096500 0.133333
4 0.449500 0.789333 0.021000 0.056000
4 0.362000 0.837000 0.035000 0.051333
4 0.278500 0.970333 0.046000 0.059333
2 0.269500 0.907000 0.133000 0.180667
