0 0.137004 0.115492 0.070459 0.073284
0 0.088727 0.227737 0.063674 0.078850
0 0.047495 0.269944 0.062630 0.103896
0 0.026357 0.354824 0.052714 0.095547
0 0.458246 0.214286 0.038622 0.096475
1 0.474948 0.123840 0.032359 0.093692
0 0.578549 0.159555 0.044363 0.089054
0 0.567850 0.320965 0.029228 0.103896
2 0.514875 0.594620 0.097599 0.077922
4 0.575939 0.406772 0.018267 0.051020
4 0.592380 0.584879 0.027140 0.049165
4 0.565240 0.462894 0.022965 0.046382
4 0.566545 0.424397 0.022443 0.047310
4 0.597077 0.472635 0.026096 0.030612
4 0.616127 0.456401 0.026618 0.025974
4 0.614301 0.436456 0.024008 0.023191
4 0.611691 0.413265 0.028184 0.025046
4 0.575157 0.706401 0.034447 0.045455
1 0.507046 0.710575 0.077766 0.090909
4 0.724426 0.685993 0.031315 0.026902
4 0.730167 0.587199 0.028184 0.031540
