0 0.544102 0.871985 0.047495 0.194805
0 0.534186 0.644249 0.053758 0.156772
0 0.636743 0.089981 0.061587 0.053803
4 0.634134 0.149814 0.013570 0.047310
4 0.675626 0.156308 0.022443 0.025046
4 0.688152 0.165121 0.023486 0.024119
4 0.688152 0.307050 0.030793 0.029685
4 0.677975 0.376160 0.025052 0.030612
4 0.693111 0.449907 0.030271 0.027829
4 0.666232 0.628942 0.029749 0.050093
4 0.332463 0.814007 0.028184 0.058442
0 0.341075 0.274583 0.066284 0.064935
4 0.341858 0.199907 0.024008 0.030612
4 0.426148 0.374304 0.008873 0.041744
4 0.471033 0.706401 0.013048 0.056586
4 0.685021 0.065399 0.022443 0.034323
4 0.686065 0.056122 0.022443 0.025046
