1 0.326983 0.024583 0.027662 0.049165
1 0.290710 0.184137 0.036534 0.076994
4 0.570459 0.191558 0.010438 0.043599
0 0.400313 0.360390 0.082463 0.075139
1 0.412839 0.295455 0.069937 0.073284
0 0.388570 0.468924 0.087161 0.071429
2 0.506785 0.454545 0.092902 0.077922
0 0.401618 0.706865 0.043319 0.157699
1 0.557150 0.759740 0.041232 0.146568
0 0.705637 0.741651 0.054280 0.162338
0 0.770094 0.738404 0.071503 0.163265
0 0.860647 0.739796 0.061587 0.164193
1 0.924582 0.741651 0.075678 0.154917
0 0.973643 0.775974 0.051670 0.164193
1 0.820198 0.404453 0.104906 0.079777
