0 0.670000 0.952857 0.067143 0.050476
0 0.451429 0.980952 0.067143 0.038095
0 0.468571 0.951905 0.064286 0.052381
4 0.542500 0.805238 0.012143 0.033333
0 0.418571 0.786667 0.064286 0.051429
0 0.435714 0.749048 0.055714 0.046667
0 0.436429 0.708095 0.055714 0.048571
0 0.444286 0.673810 0.058571 0.044762
4 0.565000 0.669048 0.008571 0.031429
0 0.460000 0.539524 0.052857 0.042857
0 0.463929 0.510000 0.050714 0.039048
1 0.465714 0.476667 0.047143 0.040952
4 0.535714 0.426667 0.018571 0.020952
4 0.456429 0.417143 0.018571 0.019048
0 0.471429 0.398571 0.040000 0.050476
0 0.481786 0.368571 0.040714 0.047619
0 0.488214 0.336190 0.040714 0.045714
0 0.491071 0.241905 0.029286 0.041905
