1 0.177192 0.050557 0.072547 0.101113
0 0.057933 0.268089 0.090814 0.085343
0 0.377871 0.278293 0.069937 0.152134
0 0.176670 0.648887 0.069415 0.069573
4 0.245564 0.526438 0.037056 0.036178
4 0.338987 0.648887 0.037056 0.025046
1 0.468946 0.664657 0.051670 0.049165
0 0.445459 0.461967 0.088205 0.070501
4 0.492432 0.337662 0.030793 0.031540
4 0.717380 0.422542 0.013048 0.049165
4 0.690501 0.378942 0.014614 0.054731
4 0.874478 0.020408 0.020355 0.040816
4 0.596816 0.581633 0.028706 0.053803
0 0.666232 0.895640 0.053758 0.160482
4 0.707985 0.968924 0.025574 0.060297
