1 0.008612 0.169759 0.017223 0.037106
1 0.012787 0.344156 0.025574 0.053803
0 0.024791 0.431354 0.032881 0.053803
2 0.112213 0.591373 0.054280 0.134508
4 0.087422 0.923469 0.025574 0.056586
0 0.273747 0.505102 0.033925 0.076994
4 0.345772 0.517161 0.026618 0.032468
4 0.347338 0.575603 0.016180 0.047310
0 0.392484 0.661874 0.073069 0.082560
4 0.350992 0.422542 0.010960 0.030612
4 0.421973 0.481911 0.016180 0.028757
0 0.763048 0.693414 0.022965 0.032468
0 0.782881 0.669759 0.054280 0.083488
4 0.803758 0.655844 0.019833 0.040816
4 0.808194 0.580705 0.022443 0.025974
4 0.792537 0.596011 0.024530 0.025046
4 0.788100 0.579777 0.022965 0.029685
4 0.785491 0.564471 0.020877 0.023191
4 0.542276 0.463358 0.017745 0.028757
4 0.521399 0.442022 0.020877 0.023191
4 0.444937 0.411410 0.014092 0.023191
2 0.741910 0.384045 0.051670 0.048237
4 0.762526 0.234694 0.011482 0.022263
4 0.801148 0.254174 0.009395 0.022263
4 0.850731 0.231447 0.013570 0.017625
4 0.867693 0.231911 0.015136 0.018553
4 0.866388 0.218924 0.009395 0.020408
4 0.876305 0.218924 0.011482 0.020408
4 0.944415 0.180891 0.008873 0.022263
4 0.954332 0.181818 0.015136 0.018553
4 0.955376 0.176252 0.009916 0.016698
4 0.969729 0.173006 0.013570 0.021336
4 0.971294 0.168367 0.010438 0.019481
4 0.981994 0.164193 0.009916 0.018553
4 0.983820 0.162338 0.011482 0.020408
4 0.947547 0.147495 0.010960 0.012987
4 0.662317 0.301020 0.012526 0.023191
4 0.649530 0.308442 0.012004 0.019481
4 0.645094 0.310761 0.011482 0.022263
4 0.639353 0.315863 0.009395 0.021336
4 0.637004 0.314935 0.008873 0.019481
4 0.633873 0.313544 0.009916 0.022263
4 0.626827 0.317254 0.011482 0.018553
4 0.622651 0.321892 0.011482 0.024119
4 0.617432 0.325603 0.013570 0.025974
4 0.614301 0.326067 0.012526 0.019481
4 0.612735 0.326994 0.012526 0.017625
4 0.606994 0.327922 0.015658 0.021336
4 0.603340 0.331169 0.013570 0.020408
4 0.599426 0.335807 0.013048 0.022263
4 0.594729 0.336735 0.014092 0.022263
4 0.591075 0.338126 0.014092 0.028757
4 0.585856 0.339981 0.012004 0.028757
4 0.577766 0.344156 0.012526 0.024119
4 0.573852 0.349722 0.014092 0.024119
4 0.596816 0.361781 0.015136 0.029685
4 0.623173 0.290353 0.011482 0.018553
4 0.627871 0.288033 0.009395 0.019481
4 0.609342 0.296846 0.010960 0.024119
4 0.603079 0.298701 0.008873 0.024119
4 0.598382 0.302412 0.010960 0.025974
4 0.592380 0.301484 0.008351 0.027829
4 0.587683 0.307514 0.009395 0.028757
4 0.585334 0.306586 0.010960 0.025046
4 0.577766 0.310761 0.012526 0.022263
4 0.564718 0.314935 0.012526 0.021336
4 0.558977 0.320965 0.014614 0.022263
4 0.542276 0.351577 0.010438 0.027829
4 0.535752 0.352968 0.012004 0.026902
4 0.520877 0.351577 0.010438 0.025974
4 0.516180 0.353896 0.010438 0.025046
4 0.512265 0.410946 0.015136 0.022263
4 0.496868 0.415121 0.020877 0.021336
4 0.496086 0.407236 0.019311 0.022263
4 0.507046 0.390538 0.012004 0.020408
4 0.436326 0.378479 0.013570 0.027829
4 0.396138 0.313080 0.014614 0.026902
4 0.369781 0.327458 0.020355 0.029685
4 0.322286 0.183673 0.010960 0.020408
4 0.281054 0.211039 0.006785 0.012059
4 0.282098 0.187384 0.009916 0.016698
0 0.186587 0.188776 0.039144 0.030612
0 0.158925 0.166048 0.021399 0.035250
4 0.247390 0.127087 0.006263 0.016698
4 0.260438 0.079777 0.011482 0.012987
4 0.269833 0.084879 0.011482 0.013915
4 0.241649 0.066790 0.008351 0.014842
4 0.235908 0.080241 0.007307 0.013915
4 0.251566 0.116883 0.012526 0.018553
4 0.231211 0.054267 0.006263 0.015770
4 0.225209 0.053803 0.006785 0.014842
4 0.241388 0.011132 0.008873 0.012987
0 0.180846 0.547310 0.033925 0.077922
