0 0.318929 0.560476 0.063571 0.147619
0 0.353214 0.936667 0.080714 0.126667
0 0.336786 0.221905 0.063571 0.102857
0 0.082143 0.154762 0.090000 0.065714
0 0.102500 0.110476 0.086429 0.062857
1 0.133214 0.069524 0.089286 0.074286
0 0.159286 0.044286 0.077143 0.054286
0 0.191071 0.022857 0.077857 0.045714
1 0.325357 0.100000 0.087857 0.070476
0 0.376429 0.019524 0.071429 0.039048
0 0.358929 0.041905 0.075000 0.049524
0 0.343571 0.073333 0.080000 0.053333
0 0.427500 0.056667 0.059286 0.092381
4 0.541786 0.259048 0.015000 0.043810
0 0.628214 0.182857 0.046429 0.091429
0 0.562857 0.430476 0.065714 0.127619
0 0.456786 0.743810 0.090714 0.148571
4 0.640714 0.657143 0.021429 0.053333
0 0.442143 0.947143 0.074286 0.105714
