1 0.440714 0.854762 0.148571 0.145714
0 0.108571 0.897619 0.124286 0.197143
0 0.198571 0.831905 0.128571 0.220000
0 0.275000 0.749524 0.120000 0.186667
0 0.350714 0.692381 0.125714 0.171429
0 0.196429 0.602857 0.142857 0.154286
0 0.375714 0.523333 0.118571 0.124762
0 0.342500 0.466667 0.115000 0.114286
0 0.298929 0.415714 0.120714 0.117143
0 0.268571 0.368095 0.117143 0.113333
0 0.238929 0.330000 0.107857 0.098095
0 0.504643 0.214762 0.076429 0.092381
1 0.215357 0.277619 0.087857 0.094286
1 0.189643 0.238571 0.095000 0.092381
0 0.158571 0.220952 0.105714 0.087619
0 0.108571 0.202381 0.102857 0.080952
0 0.117143 0.157619 0.097143 0.075238
0 0.093571 0.130952 0.100000 0.075238
1 0.086071 0.093810 0.086429 0.069524
1 0.061429 0.072857 0.097143 0.071429
1 0.037500 0.031429 0.075000 0.060952
0 0.062500 0.612381 0.125000 0.142857
0 0.051429 0.541905 0.102857 0.099048
0 0.043571 0.485714 0.087143 0.104762
0 0.023214 0.423810 0.046429 0.064762
0 0.017500 0.380952 0.035000 0.060952
0 0.915714 0.301905 0.091429 0.066667
0 0.900714 0.166667 0.058571 0.062857
1 0.790714 0.180952 0.074286 0.068571
2 0.716071 0.103810 0.110714 0.093333
1 0.545714 0.021905 0.092857 0.043810
4 0.731429 0.482857 0.034286 0.041905
1 0.767143 0.015714 0.045714 0.031429
4 0.856071 0.191429 0.010714 0.034286
2 0.964643 0.172381 0.070714 0.100952
0 0.845000 0.014762 0.064286 0.029524
