2 0.327505 0.466141 0.026618 0.065863
2 0.367693 0.401670 0.016180 0.048237
2 0.446503 0.391002 0.033925 0.041744
2 0.417276 0.353432 0.010960 0.025974
2 0.403184 0.358998 0.020355 0.044527
2 0.377349 0.363173 0.016701 0.038033
2 0.536273 0.495362 0.085073 0.040816
2 0.545146 0.610853 0.089248 0.064007
2 0.650313 0.370594 0.010438 0.019481
2 0.740605 0.333488 0.012526 0.015770
2 0.709029 0.343692 0.016180 0.021336
0 0.882046 0.436920 0.016701 0.011132
0 0.886221 0.442486 0.017745 0.014842
0 0.891962 0.444805 0.020877 0.015770
1 0.907359 0.454082 0.020355 0.015770
1 0.911273 0.457328 0.016701 0.012987
1 0.912056 0.449443 0.018267 0.015770
1 0.908664 0.440631 0.011482 0.018553
1 0.891701 0.451763 0.017223 0.016698
0 0.934760 0.448980 0.022965 0.016698
0 0.927453 0.458256 0.016701 0.012987
0 0.935804 0.463358 0.024008 0.017625
0 0.900313 0.467532 0.018789 0.014842
1 0.905010 0.472635 0.024008 0.019481
1 0.911273 0.479592 0.020877 0.020408
1 0.915971 0.482839 0.015658 0.017625
2 0.924843 0.468460 0.022965 0.020408
0 0.926670 0.476345 0.019311 0.021336
1 0.936848 0.480519 0.019833 0.018553
2 0.957203 0.471707 0.015658 0.026902
2 0.965814 0.488404 0.047495 0.032468
0 0.968424 0.484230 0.025574 0.016698
2 0.957985 0.500000 0.039144 0.027829
2 0.960856 0.493043 0.054280 0.026902
0 0.975992 0.513915 0.024008 0.020408
2 0.684760 0.261596 0.008351 0.016698
4 0.331942 0.715677 0.013570 0.017625
2 0.285752 0.712430 0.074635 0.046382
