0 0.421786 0.248571 0.010714 0.020952
0 0.485357 0.383333 0.013571 0.031429
0 0.481786 0.483810 0.015000 0.036190
0 0.479286 0.653810 0.017143 0.052381
0 0.474286 0.751905 0.021429 0.065714
0 0.462143 0.974762 0.034286 0.050476
0 0.442143 0.319524 0.012857 0.029524
1 0.415357 0.295238 0.013571 0.024762
4 0.471786 0.836190 0.010714 0.036190
4 0.502143 0.831905 0.014286 0.042857
4 0.467500 0.387619 0.005000 0.017143
4 0.477143 0.325714 0.004286 0.015238
4 0.481071 0.217143 0.003571 0.011429
4 0.484643 0.145238 0.003571 0.010476
4 0.483571 0.128095 0.002857 0.008571
4 0.478571 0.118095 0.002857 0.009524
4 0.478571 0.097619 0.002857 0.008571
4 0.483571 0.043810 0.002857 0.007619
4 0.483571 0.035714 0.002857 0.006667
0 0.481429 0.003810 0.007143 0.007619
4 0.461429 0.434762 0.005714 0.016190
