4 0.556071 0.953333 0.015000 0.038095
4 0.415714 0.948095 0.028571 0.016190
4 0.376071 0.982857 0.010714 0.034286
0 0.545000 0.791429 0.031429 0.081905
4 0.384286 0.742381 0.018571 0.016190
4 0.386429 0.725238 0.018571 0.012381
4 0.388929 0.708571 0.020714 0.015238
4 0.586429 0.711429 0.030000 0.017143
4 0.590000 0.682857 0.021429 0.015238
4 0.591071 0.598095 0.023571 0.024762
1 0.431786 0.457619 0.053571 0.031429
0 0.437143 0.413810 0.065714 0.035238
0 0.432857 0.355714 0.064286 0.061905
0 0.583929 0.406667 0.030714 0.091429
4 0.506786 0.335238 0.010714 0.040000
0 0.666786 0.192381 0.059286 0.040000
0 0.406429 0.237619 0.041429 0.090476
0 0.430714 0.172857 0.042857 0.082857
0 0.384643 0.139048 0.033571 0.091429
1 0.285357 0.369524 0.060714 0.038095
0 0.303571 0.440952 0.051429 0.047619
0 0.244643 0.267619 0.067857 0.038095
0 0.316071 0.270000 0.060714 0.040952
0 0.046429 0.431429 0.035714 0.078095
0 0.025714 0.259048 0.051429 0.041905
