1 0.168929 0.213333 0.019286 0.043810
0 0.190357 0.261905 0.033571 0.022857
0 0.206429 0.345238 0.017143 0.040952
0 0.191071 0.341905 0.016429 0.038095
0 0.142500 0.326667 0.020714 0.034286
2 0.170714 0.334286 0.028571 0.051429
2 0.116786 0.310000 0.026429 0.042857
4 0.254643 0.260476 0.015000 0.008571
4 0.262857 0.249048 0.014286 0.010476
4 0.252500 0.244762 0.015000 0.009524
2 0.568571 0.913333 0.024286 0.081905
4 0.517143 0.860000 0.007143 0.020952
4 0.769643 0.715714 0.009286 0.014286
4 0.760357 0.152381 0.007857 0.017143
4 0.477857 0.550952 0.005714 0.014286
4 0.418571 0.604762 0.005714 0.017143
4 0.425000 0.593810 0.005714 0.016190
4 0.427143 0.346190 0.011429 0.012381
4 0.427500 0.376667 0.012143 0.010476
4 0.428214 0.386190 0.015000 0.010476
4 0.429286 0.412381 0.012857 0.011429
4 0.411429 0.317143 0.005714 0.015238
0 0.425000 0.729524 0.012857 0.038095
0 0.536786 0.672381 0.015000 0.040000
0 0.528929 0.582857 0.016429 0.040000
0 0.504643 0.460476 0.015000 0.039048
0 0.486786 0.285714 0.015000 0.038095
0 0.447857 0.052857 0.012857 0.039048
1 0.443214 0.010476 0.015000 0.020952
1 0.483214 0.152381 0.012143 0.038095
1 0.888571 0.108571 0.024286 0.036190
0 0.921071 0.301429 0.027857 0.031429
0 0.746786 0.441429 0.015000 0.035238
