0 0.612857 0.305838 0.005714 0.007614
0 0.620000 0.305838 0.005714 0.007614
1 0.607143 0.322335 0.007143 0.010152
1 0.735000 0.402919 0.024286 0.039340
1 0.712857 0.408629 0.018571 0.035533
1 0.697143 0.409898 0.017143 0.035533
1 0.726071 0.445431 0.022143 0.032995
0 0.723929 0.458756 0.020714 0.024112
4 0.724286 0.495558 0.007143 0.024112
4 0.734643 0.514594 0.016429 0.024112
4 0.734643 0.520939 0.016429 0.021574
4 0.743214 0.526015 0.015000 0.019036
4 0.753571 0.536168 0.017143 0.021574
4 0.756786 0.541244 0.017857 0.021574
4 0.760357 0.546954 0.017857 0.022843
4 0.764643 0.551396 0.019286 0.021574
4 0.769286 0.555838 0.020000 0.020305
4 0.774286 0.559010 0.018571 0.021574
4 0.780357 0.564721 0.017857 0.022843
4 0.787500 0.572970 0.016429 0.024112
4 0.796786 0.579315 0.016429 0.021574
4 0.803571 0.585660 0.020000 0.019036
4 0.810000 0.617386 0.021429 0.026650
0 0.807857 0.604061 0.045714 0.035533
0 0.713929 0.548223 0.019286 0.038071
0 0.751071 0.636421 0.035000 0.046954
0 0.757143 0.666244 0.040000 0.030457
1 0.767143 0.682741 0.047143 0.043147
1 0.721786 0.601523 0.020714 0.043147
3 0.358929 0.375635 0.040714 0.025381
3 0.426786 0.371193 0.040714 0.029188
3 0.498929 0.359772 0.055000 0.034264
3 0.562857 0.357234 0.040000 0.029188
4 0.461071 0.454315 0.006429 0.015228
4 0.434643 0.484137 0.005000 0.016497
0 0.986071 0.770305 0.027857 0.048223
2 0.228571 0.963198 0.057143 0.071066
1 0.247500 0.909264 0.047857 0.067259
1 0.304286 0.719543 0.027143 0.040609
1 0.331429 0.671320 0.031429 0.045685
1 0.365357 0.633883 0.023571 0.031726
0 0.291786 0.774112 0.046429 0.038071
0 0.387500 0.608503 0.022143 0.029188
