4 0.547756 0.243970 0.003653 0.012987
4 0.553758 0.210111 0.004175 0.010204
4 0.562370 0.212894 0.003653 0.010204
4 0.541493 0.100186 0.003653 0.007421
4 0.602557 0.489796 0.005741 0.016698
4 0.578027 0.366883 0.004697 0.021336
2 0.652923 0.066790 0.025052 0.016698
0 0.521921 0.075139 0.009395 0.012987
1 0.511221 0.058905 0.006785 0.013915
0 0.507568 0.035250 0.006785 0.011132
0 0.516180 0.025046 0.006263 0.009276
0 0.479123 0.055195 0.007307 0.012059
4 0.442067 0.138219 0.003132 0.007421
4 0.423800 0.278293 0.004175 0.011132
4 0.403445 0.432746 0.005219 0.015770
4 0.351514 0.660946 0.010960 0.039889
4 0.722860 0.878015 0.015658 0.043599
