0 0.508929 0.014594 0.016429 0.029188
0 0.580357 0.068528 0.017857 0.068528
0 0.561429 0.276650 0.018571 0.073604
0 0.610357 0.112944 0.017857 0.063452
1 0.618929 0.256345 0.016429 0.073604
0 0.596071 0.480330 0.019286 0.072335
2 0.590000 0.263959 0.030000 0.175127
3 0.627143 0.430203 0.031429 0.187817
1 0.601429 0.658629 0.017143 0.071066
1 0.568929 0.609772 0.016429 0.074873
0 0.491786 0.609137 0.017857 0.065990
3 0.637500 0.708756 0.029286 0.191624
2 0.601071 0.923858 0.023571 0.116751
4 0.722143 0.901650 0.007143 0.011421
4 0.727500 0.904188 0.007857 0.019036
