1 0.650714 0.853333 0.144286 0.200000
0 0.698571 0.485714 0.077143 0.127619
0 0.597857 0.089048 0.032857 0.048571
0 0.335357 0.532857 0.093571 0.166667
0 0.475714 0.100000 0.038571 0.053333
0 0.477857 0.059524 0.031429 0.040952
0 0.603214 0.306667 0.046429 0.083810
1 0.599643 0.133333 0.030714 0.062857
1 0.431786 0.210000 0.050714 0.071429
1 0.407857 0.287619 0.060000 0.085714
1 0.452143 0.144286 0.040000 0.080952
1 0.494643 0.017619 0.030714 0.035238
1 0.380714 0.385238 0.071429 0.136190
0 0.269286 0.733333 0.127143 0.222857
0 0.916786 0.536190 0.093571 0.173333
