0 0.727557 0.782468 0.126305 0.193878
0 0.641180 0.544991 0.064196 0.093692
0 0.326722 0.700835 0.103340 0.177180
0 0.468685 0.513915 0.045929 0.070501
4 0.937370 0.643321 0.070981 0.073284
4 0.929541 0.625696 0.057411 0.071429
4 0.810282 0.490260 0.034969 0.045455
4 0.705637 0.500000 0.039666 0.042672
4 0.722338 0.509276 0.028184 0.031540
4 0.763048 0.514378 0.034447 0.043599
4 0.517223 0.512059 0.016701 0.055659
1 0.450157 0.458720 0.038100 0.093692
0 0.473121 0.417904 0.024530 0.045455
0 0.500522 0.395640 0.024008 0.039889
2 0.584812 0.408627 0.024530 0.051020
1 0.572286 0.390538 0.021399 0.037106
0 0.566545 0.350186 0.022443 0.021336
4 0.520616 0.315863 0.002610 0.006494
4 0.514092 0.317718 0.003132 0.008349
4 0.504436 0.344620 0.004697 0.012059
4 0.500261 0.339054 0.003653 0.010204
4 0.498695 0.369202 0.005741 0.016698
4 0.508612 0.369202 0.005741 0.018553
4 0.545929 0.386827 0.008351 0.022263
4 0.492432 0.369202 0.004697 0.016698
1 0.532098 0.326531 0.012004 0.014842
1 0.514353 0.310297 0.004697 0.008349
