0 0.266786 0.016190 0.015000 0.026667
0 0.266071 0.049048 0.013571 0.025714
0 0.260714 0.088095 0.014286 0.029524
0 0.260714 0.134762 0.017143 0.033333
0 0.235714 0.064286 0.040000 0.020000
0 0.227143 0.107143 0.032857 0.021905
0 0.226786 0.131429 0.035000 0.020952
0 0.224643 0.159048 0.036429 0.030476
0 0.216786 0.177619 0.039286 0.035238
4 0.147857 0.216190 0.017143 0.013333
0 0.131071 0.200000 0.047857 0.026667
0 0.131071 0.250952 0.023571 0.040952
4 0.197143 0.306667 0.020000 0.015238
2 0.234643 0.344286 0.022143 0.054286
0 0.235357 0.399048 0.022143 0.051429
0 0.028571 0.849524 0.048571 0.070476
2 0.518929 0.874762 0.095000 0.250476
4 0.390357 0.531905 0.012143 0.033333
4 0.632857 0.506667 0.014286 0.028571
4 0.654286 0.376190 0.021429 0.017143
0 0.500714 0.430000 0.031429 0.067619
0 0.454643 0.459524 0.029286 0.069524
4 0.390714 0.265238 0.008571 0.025714
4 0.527500 0.218095 0.009286 0.024762
4 0.581071 0.220952 0.010714 0.020952
0 0.538929 0.194286 0.023571 0.030476
0 0.528929 0.097619 0.006429 0.020000
4 0.440000 0.110476 0.008571 0.019048
4 0.420357 0.091429 0.006429 0.019048
2 0.397857 0.084286 0.022857 0.056190
0 0.381786 0.041429 0.015000 0.027619
4 0.663571 0.122381 0.014286 0.014286
0 0.645357 0.128095 0.022143 0.025714
2 0.665357 0.155238 0.019286 0.030476
4 0.685714 0.152857 0.015714 0.016190
1 0.705357 0.231905 0.025000 0.035238
0 0.726429 0.274762 0.031429 0.037143
2 0.748571 0.317143 0.038571 0.045714
4 0.747857 0.251429 0.014286 0.019048
4 0.753214 0.268571 0.016429 0.015238
4 0.754643 0.271905 0.017857 0.012381
4 0.754643 0.275714 0.017857 0.014286
4 0.758571 0.277143 0.018571 0.011429
4 0.760000 0.280476 0.018571 0.016190
4 0.761071 0.282857 0.020714 0.015238
4 0.761786 0.286667 0.017857 0.013333
4 0.761786 0.289048 0.016429 0.012381
4 0.762857 0.292381 0.017143 0.017143
4 0.763571 0.291905 0.018571 0.014286
4 0.766071 0.296190 0.019286 0.015238
4 0.769643 0.299048 0.019286 0.017143
4 0.772500 0.306190 0.020714 0.016190
4 0.774643 0.308571 0.017857 0.019048
4 0.776429 0.313333 0.015714 0.019048
4 0.779286 0.317619 0.015714 0.020000
4 0.781786 0.322857 0.013571 0.020952
4 0.788214 0.326190 0.015000 0.021905
4 0.790000 0.334286 0.015714 0.019048
4 0.793571 0.341429 0.020000 0.016190
4 0.775357 0.278571 0.015000 0.016190
4 0.791071 0.282857 0.019286 0.017143
4 0.787500 0.291905 0.017857 0.010476
4 0.791429 0.299524 0.018571 0.012381
4 0.795714 0.306667 0.020000 0.013333
4 0.800357 0.311429 0.019286 0.013333
4 0.802143 0.317143 0.020000 0.013333
4 0.814643 0.278571 0.019286 0.014286
4 0.816786 0.284286 0.019286 0.014286
4 0.818929 0.287143 0.019286 0.014286
4 0.835357 0.312381 0.017857 0.015238
4 0.835714 0.359524 0.022857 0.016190
4 0.799286 0.361905 0.020000 0.015238
4 0.780714 0.362381 0.015714 0.012381
4 0.776429 0.360000 0.017143 0.017143
4 0.771429 0.353333 0.018571 0.015238
4 0.764286 0.346667 0.018571 0.013333
4 0.862857 0.438571 0.022857 0.020000
4 0.690357 0.438095 0.015000 0.024762
0 0.840000 0.474286 0.038571 0.053333
0 0.873571 0.541429 0.051429 0.061905
4 0.897857 0.501905 0.027143 0.019048
4 0.907500 0.520952 0.027857 0.019048
4 0.923571 0.544286 0.034286 0.018095
2 0.920357 0.621905 0.060714 0.081905
1 0.975714 0.749524 0.048571 0.081905
