4 0.378214 0.605964 0.020714 0.054569
4 0.449286 0.903553 0.024286 0.071066
4 0.493929 0.977792 0.026429 0.041878
0 0.272500 0.713832 0.025000 0.064721
0 0.143929 0.736041 0.035000 0.083756
0 0.180000 0.581853 0.028571 0.079949
0 0.010714 0.756980 0.021429 0.069797
0 0.062500 0.576777 0.030714 0.064721
0 0.110714 0.362944 0.025714 0.060914
0 0.179643 0.360406 0.020714 0.058376
0 0.286429 0.017766 0.022857 0.035533
3 0.121071 0.163071 0.049286 0.140863
2 0.032857 0.557107 0.037143 0.076142
2 0.115357 0.836294 0.057857 0.121827
2 0.043214 0.117386 0.029286 0.072335
2 0.034286 0.104695 0.035714 0.069797
2 0.016786 0.096447 0.029286 0.073604
1 0.152500 0.125635 0.026429 0.050761
1 0.165714 0.655457 0.030000 0.069797
4 0.311786 0.442259 0.010714 0.026650
1 0.288214 0.187183 0.023571 0.041878
