4 0.399008 0.974490 0.036013 0.041744
4 0.441806 0.982375 0.022443 0.033395
4 0.424322 0.630798 0.022965 0.027829
2 0.427975 0.583488 0.031315 0.079777
2 0.463205 0.513915 0.024530 0.074212
4 0.481733 0.439703 0.006263 0.025974
4 0.488257 0.441558 0.007829 0.025974
0 0.554280 0.524119 0.029228 0.070501
0 0.568633 0.392857 0.030793 0.045455
4 0.603862 0.546846 0.008351 0.032468
4 0.670407 0.433210 0.016180 0.022263
4 0.650835 0.410946 0.017745 0.020408
4 0.586639 0.443414 0.010438 0.025974
4 0.589248 0.386364 0.009395 0.026902
4 0.673539 0.340909 0.006785 0.023191
4 0.602035 0.311224 0.007829 0.019481
4 0.607255 0.352505 0.010960 0.020408
4 0.618998 0.336271 0.007307 0.015770
4 0.602557 0.275510 0.009916 0.020408
4 0.611691 0.213822 0.007307 0.017625
1 0.534186 0.232839 0.015136 0.035250
0 0.531315 0.196660 0.016701 0.024119
4 0.548017 0.170223 0.005219 0.013915
4 0.588205 0.189239 0.005219 0.012987
4 0.594207 0.188776 0.005741 0.013915
4 0.592641 0.195733 0.004697 0.012987
4 0.618998 0.168367 0.009395 0.012059
1 0.541493 0.137755 0.010960 0.025046
3 0.508351 0.140538 0.048017 0.043599
0 0.454332 0.228200 0.028706 0.027829
4 0.460856 0.208720 0.009395 0.011132
4 0.461117 0.204082 0.009916 0.011132
4 0.461900 0.202226 0.009395 0.014842
4 0.462161 0.198980 0.007829 0.017625
4 0.465031 0.196660 0.006263 0.011132
4 0.468163 0.180891 0.011482 0.012987
1 0.488518 0.266698 0.029228 0.030612
0 0.491127 0.257885 0.036534 0.029685
2 0.521921 0.125696 0.015658 0.023191
4 0.550626 0.106679 0.005219 0.012987
4 0.524530 0.104360 0.007307 0.008349
1 0.508090 0.101577 0.010960 0.019481
4 0.524269 0.092764 0.003653 0.011132
4 0.516441 0.093228 0.003653 0.010204
4 0.604384 0.136827 0.006263 0.010204
4 0.605167 0.127551 0.005741 0.006494
4 0.603601 0.097866 0.003653 0.010204
0 0.519311 0.065863 0.007307 0.014842
3 0.559760 0.056122 0.009916 0.023191
0 0.576200 0.056586 0.007307 0.014842
0 0.540710 0.044063 0.007307 0.010204
0 0.552453 0.029685 0.005741 0.009276
0 0.550887 0.038961 0.007829 0.011132
1 0.558194 0.025046 0.005741 0.012987
0 0.554280 0.020872 0.005219 0.008349
0 0.553497 0.019481 0.005741 0.009276
4 0.524269 0.054267 0.004697 0.008349
4 0.531576 0.051020 0.004697 0.007421
4 0.572808 0.047310 0.002610 0.005566
4 0.574113 0.031540 0.003132 0.007421
4 0.563152 0.026438 0.003132 0.006494
1 0.575939 0.012059 0.005741 0.011132
1 0.556106 0.011596 0.006785 0.008349
4 0.860386 0.373377 0.010960 0.025046
4 0.896660 0.377087 0.016701 0.026902
4 0.969990 0.408627 0.012004 0.025046
