4 0.482255 0.770872 0.048017 0.068646
0 0.593163 0.375696 0.076722 0.087199
1 0.563935 0.234694 0.070459 0.096475
1 0.439979 0.195733 0.067850 0.083488
2 0.057933 0.092301 0.066806 0.065863
0 0.148486 0.121985 0.068372 0.071429
0 0.304802 0.167904 0.078288 0.089054
0 0.264614 0.039425 0.056367 0.041744
0 0.358559 0.059833 0.059499 0.052876
0 0.446242 0.083952 0.066806 0.052876
0 0.516962 0.100186 0.071503 0.055659
0 0.698330 0.112709 0.062630 0.075139
4 0.924061 0.347403 0.030793 0.060297
4 0.988257 0.073748 0.020355 0.045455
