0 0.537857 0.795238 0.041429 0.102857
0 0.297143 0.739048 0.068571 0.097143
0 0.409286 0.594286 0.048571 0.059048
0 0.592143 0.545714 0.034286 0.051429
0 0.631786 0.445238 0.032143 0.039048
0 0.672500 0.408571 0.023571 0.030476
0 0.716429 0.336667 0.017143 0.023810
0 0.613214 0.386190 0.023571 0.027619
0 0.528929 0.484286 0.025000 0.035238
0 0.536071 0.439524 0.033571 0.035238
1 0.558571 0.445714 0.025714 0.041905
1 0.580714 0.424286 0.024286 0.037143
0 0.627857 0.363333 0.018571 0.023810
4 0.973214 0.787143 0.032143 0.035238
4 0.315714 0.641905 0.014286 0.028571
4 0.298571 0.639048 0.015714 0.026667
0 0.258214 0.952381 0.070714 0.083810
0 0.167500 0.970476 0.067857 0.059048
