4 0.343685 0.649814 0.019311 0.017625
4 0.414144 0.654917 0.020355 0.033395
4 0.413361 0.583952 0.015658 0.021336
4 0.425626 0.540816 0.013048 0.025974
0 0.755480 0.678108 0.056889 0.051948
0 0.670929 0.630798 0.044363 0.050093
4 0.629958 0.478200 0.012526 0.012059
4 0.466858 0.338590 0.004697 0.012987
4 0.489823 0.482839 0.006785 0.019481
4 0.609603 0.402597 0.009395 0.011132
2 0.565501 0.339518 0.028706 0.029685
4 0.597077 0.301020 0.006263 0.008349
4 0.514875 0.291744 0.004697 0.008349
1 0.557672 0.223098 0.004697 0.012059
4 0.507046 0.216605 0.005741 0.004638
4 0.515919 0.221243 0.002610 0.006494
4 0.521138 0.221243 0.002610 0.006494
4 0.524008 0.197124 0.002088 0.002783
