0 0.362250 0.762333 0.110500 0.183333
0 0.598250 0.529000 0.060500 0.162000
0 0.529000 0.409000 0.066000 0.139333
0 0.766750 0.563667 0.109500 0.166000
0 0.687250 0.432667 0.097500 0.138667
0 0.651250 0.361667 0.091500 0.143333
0 0.645000 0.236667 0.074000 0.134667
0 0.695500 0.116667 0.073000 0.108000
0 0.570750 0.329333 0.071500 0.116000
0 0.506500 0.912333 0.109000 0.175333
0 0.234500 0.961333 0.151000 0.077333
1 0.880500 0.101000 0.082000 0.135333
2 0.819250 0.286333 0.099500 0.175333
2 0.875000 0.350667 0.093000 0.152000
4 0.099750 0.436000 0.050500 0.040000
4 0.047000 0.452000 0.050000 0.040000
4 0.029250 0.516000 0.050500 0.040000
4 0.434500 0.429000 0.032000 0.046000
4 0.899750 0.686000 0.045500 0.034667
4 0.881000 0.634000 0.043000 0.054667
2 0.939750 0.635667 0.120500 0.167333
4 0.727500 0.032000 0.016000 0.052000
