0 0.823330 0.673933 0.073591 0.151206
2 0.520355 0.845083 0.098121 0.269017
4 0.601514 0.639610 0.019311 0.073284
4 0.747651 0.948516 0.040188 0.101113
4 0.790188 0.945269 0.032359 0.107607
2 0.344729 0.664193 0.143528 0.124304
4 0.283925 0.635436 0.032359 0.035250
4 0.413100 0.555195 0.025574 0.056586
4 0.440762 0.520872 0.034969 0.043599
4 0.440501 0.493970 0.013570 0.047310
0 0.435804 0.582560 0.070981 0.129870
4 0.454332 0.438312 0.022443 0.039889
4 0.436848 0.434137 0.026096 0.042672
4 0.420929 0.414657 0.032881 0.037106
1 0.510960 0.407236 0.043841 0.072356
1 0.612474 0.349722 0.030793 0.087199
0 0.526096 0.154453 0.037578 0.028757
2 0.440240 0.118275 0.043319 0.056586
4 0.473121 0.121521 0.012004 0.016698
1 0.496868 0.061224 0.019833 0.018553
1 0.626827 0.161410 0.034447 0.040816
0 0.696503 0.126623 0.014092 0.026902
0 0.721033 0.202226 0.024530 0.040816
2 0.763570 0.322356 0.033403 0.075139
4 0.837683 0.359462 0.022965 0.032468
4 0.835073 0.353896 0.021921 0.032468
4 0.905532 0.348794 0.019833 0.033395
1 0.856733 0.220315 0.031837 0.039889
4 0.980950 0.534323 0.037056 0.046382
0 0.950157 0.574675 0.098643 0.095547
2 0.699896 0.150742 0.151357 0.065863
2 0.788883 0.160019 0.133090 0.088126
2 0.922756 0.176716 0.118998 0.075139
0 0.880219 0.142393 0.040188 0.039889
0 0.769572 0.089054 0.013048 0.018553
0 0.784708 0.113173 0.017223 0.024119
4 0.782881 0.076531 0.004175 0.012059
1 0.776357 0.040816 0.012004 0.012987
1 0.765136 0.041280 0.011482 0.015770
1 0.791754 0.028757 0.010438 0.011132
0 0.835856 0.103896 0.013048 0.024119
0 0.842119 0.087662 0.022443 0.017625
1 0.835073 0.066327 0.018789 0.019481
1 0.849687 0.030148 0.014614 0.013915
