0 0.154286 0.700476 0.055714 0.098095
0 0.258571 0.653810 0.037143 0.075238
0 0.309643 0.611905 0.030714 0.067619
0 0.270000 0.574286 0.035714 0.064762
2 0.320000 0.511905 0.037143 0.075238
0 0.282857 0.486667 0.035714 0.057143
0 0.323929 0.446667 0.029286 0.041905
0 0.768571 0.923810 0.125714 0.093333
0 0.901786 0.891429 0.112143 0.091429
4 0.566786 0.764762 0.033571 0.017143
4 0.647857 0.767143 0.027143 0.016190
4 0.652500 0.796667 0.036429 0.020000
4 0.477857 0.778571 0.032857 0.037143
4 0.462500 0.830952 0.036429 0.027619
4 0.043929 0.844762 0.026429 0.028571
4 0.086429 0.770000 0.015714 0.044762
4 0.088929 0.741905 0.016429 0.020952
