2 0.041071 0.295238 0.082143 0.116190
4 0.028571 0.416667 0.025714 0.037143
1 0.135000 0.464762 0.085714 0.108571
0 0.063214 0.642381 0.073571 0.088571
4 0.398929 0.952857 0.015000 0.044762
2 0.444286 0.942381 0.052857 0.113333
2 0.387143 0.780952 0.085714 0.060952
2 0.452143 0.532857 0.080000 0.100000
1 0.432500 0.614286 0.062143 0.062857
0 0.538214 0.496190 0.073571 0.093333
0 0.582857 0.361905 0.075714 0.104762
0 0.682143 0.234286 0.075714 0.099048
0 0.763929 0.186667 0.070714 0.095238
1 0.845357 0.035714 0.075000 0.069524
1 0.943214 0.026190 0.059286 0.052381
4 0.970714 0.050476 0.025714 0.030476
2 0.762857 0.435238 0.152857 0.192381
2 0.976429 0.389048 0.047143 0.071429
2 0.963929 0.454286 0.072143 0.104762
1 0.862143 0.483810 0.071429 0.087619
