4 0.556786 0.439048 0.017857 0.040000
4 0.817857 0.375714 0.024286 0.018095
3 0.720000 0.368571 0.187143 0.078095
4 0.885000 0.340476 0.012857 0.027619
0 0.591786 0.293333 0.036429 0.022857
0 0.381071 0.375238 0.066429 0.038095
0 0.137500 0.340000 0.073571 0.032381
0 0.066429 0.276667 0.050000 0.031429
0 0.109643 0.274286 0.045000 0.026667
0 0.192143 0.277619 0.040000 0.021905
0 0.134286 0.271905 0.031429 0.020000
0 0.156429 0.268571 0.021429 0.017143
1 0.194286 0.253333 0.055714 0.034286
0 0.229643 0.249048 0.027857 0.020000
0 0.540000 0.250000 0.027143 0.021905
4 0.566786 0.274762 0.009286 0.016190
0 0.714286 0.267619 0.012857 0.017143
1 0.773571 0.240476 0.030000 0.016190
