0 0.537500 0.071667 0.020000 0.026000
0 0.516500 0.104000 0.022000 0.018667
0 0.444250 0.210000 0.023500 0.033333
1 0.291500 0.339667 0.054000 0.058000
4 0.292250 0.384333 0.019500 0.023333
4 0.238750 0.406000 0.015500 0.030667
4 0.144500 0.522667 0.034000 0.016000
4 0.375250 0.561667 0.018500 0.024667
4 0.425500 0.562667 0.024000 0.024000
4 0.462750 0.567333 0.024500 0.026667
4 0.394500 0.540667 0.030000 0.020000
4 0.394000 0.507667 0.023000 0.026000
4 0.605750 0.657667 0.019500 0.044667
4 0.587250 0.692000 0.016500 0.048000
0 0.222000 0.963667 0.120000 0.072667
0 0.395500 0.928667 0.129000 0.116000
0 0.514250 0.959000 0.132500 0.082000
0 0.752750 0.960000 0.136500 0.080000
4 0.569500 0.768333 0.033000 0.043333
4 0.583250 0.847667 0.022500 0.058000
0 0.664500 0.792667 0.063000 0.138667
0 0.731750 0.765000 0.053500 0.124667
0 0.836500 0.752000 0.103000 0.098667
0 0.935500 0.692333 0.102000 0.078000
0 0.941500 0.778000 0.105000 0.089333
4 0.993250 0.646667 0.013500 0.044000
0 0.982000 0.839333 0.036000 0.084000
0 0.918250 0.894667 0.117500 0.078667
1 0.830750 0.841000 0.136500 0.124667
4 0.885500 0.981333 0.045000 0.037333
