4 0.121250 0.656000 0.031500 0.056000
1 0.219250 0.898000 0.150500 0.121333
1 0.032000 0.789667 0.064000 0.162000
0 0.690750 0.916000 0.157500 0.118667
0 0.823250 0.971333 0.173500 0.057333
1 0.829250 0.310667 0.083500 0.056000
0 0.928500 0.332000 0.084000 0.050667
4 0.992000 0.348333 0.016000 0.026000
4 0.793750 0.271000 0.023500 0.028667
1 0.490750 0.359333 0.068500 0.061333
1 0.442000 0.391667 0.077000 0.074000
0 0.232250 0.300667 0.046500 0.056000
0 0.150500 0.367000 0.079000 0.068667
0 0.191000 0.383000 0.081000 0.066000
1 0.086500 0.167000 0.041000 0.035333
1 0.054000 0.184667 0.049000 0.044000
1 0.079500 0.196000 0.041000 0.040000
1 0.099250 0.207333 0.052500 0.048000
1 0.021750 0.217333 0.043500 0.044000
2 0.061750 0.227667 0.058500 0.044667
1 0.510750 0.093667 0.036500 0.034000
1 0.546250 0.074333 0.035500 0.032667
4 0.556000 0.380333 0.018000 0.035333
4 0.570500 0.383667 0.017000 0.034000
4 0.392750 0.372333 0.021500 0.027333
4 0.355500 0.431000 0.020000 0.038000
4 0.350500 0.471000 0.014000 0.039333
4 0.429500 0.326333 0.030000 0.024667
4 0.603000 0.247000 0.021000 0.026000
4 0.338500 0.204000 0.011000 0.022667
4 0.276750 0.209667 0.015500 0.014000
4 0.379500 0.150333 0.016000 0.018000
4 0.396750 0.171667 0.018500 0.018000
4 0.385750 0.204667 0.014500 0.020000
4 0.430750 0.211667 0.014500 0.023333
4 0.193500 0.423000 0.027000 0.031333
