0 0.238214 0.912381 0.100714 0.120000
4 0.325357 0.893333 0.030714 0.078095
4 0.212857 0.430000 0.030000 0.065714
4 0.166429 0.455238 0.020000 0.043810
0 0.152500 0.619048 0.062143 0.142857
0 0.135714 0.970000 0.080000 0.060000
2 0.099643 0.918095 0.152143 0.154286
0 0.078571 0.844762 0.111429 0.112381
0 0.066071 0.781905 0.105000 0.100952
1 0.049286 0.711905 0.098571 0.088571
0 0.039286 0.654286 0.075714 0.072381
0 0.043929 0.595238 0.085000 0.085714
0 0.044643 0.531905 0.089286 0.086667
0 0.183929 0.042857 0.039286 0.076190
0 0.466071 0.282857 0.073571 0.068571
0 0.505714 0.350000 0.078571 0.075238
0 0.525714 0.385714 0.081429 0.074286
0 0.603571 0.544286 0.077143 0.080952
0 0.619286 0.589048 0.067143 0.073333
0 0.645000 0.646190 0.077143 0.086667
0 0.669286 0.700000 0.078571 0.099048
0 0.704643 0.748095 0.085000 0.098095
0 0.745714 0.801905 0.071429 0.104762
0 0.770714 0.863333 0.090000 0.119048
0 0.802500 0.933810 0.096429 0.132381
4 0.872500 0.698571 0.025000 0.040952
0 0.766786 0.491429 0.082143 0.066667
4 0.725357 0.414762 0.042143 0.037143
4 0.701429 0.403333 0.034286 0.031429
0 0.450357 0.243333 0.070714 0.063810
0 0.517143 0.121905 0.067143 0.070476
0 0.529643 0.057619 0.057857 0.063810
0 0.555357 0.084286 0.050714 0.061905
0 0.463571 0.023810 0.048571 0.047619
4 0.716786 0.643810 0.025000 0.043810
4 0.682143 0.576190 0.022857 0.038095
