0 0.989040 0.684137 0.020877 0.045455
0 0.563674 0.127087 0.008351 0.014842
0 0.547756 0.080241 0.005741 0.015770
1 0.548800 0.112245 0.007829 0.014842
0 0.556106 0.058442 0.006785 0.011132
4 0.492693 0.075139 0.003132 0.003711
4 0.492171 0.098330 0.002088 0.005566
4 0.573069 0.076067 0.003132 0.005566
4 0.582724 0.155380 0.002610 0.006494
4 0.581681 0.170686 0.003653 0.007421
4 0.583246 0.226809 0.004697 0.008349
4 0.626566 0.306586 0.004697 0.008349
4 0.636221 0.313080 0.003132 0.010204
4 0.436065 0.306122 0.004697 0.007421
4 0.429541 0.301484 0.003132 0.007421
4 0.424061 0.354360 0.005741 0.011132
4 0.385960 0.501391 0.007829 0.015770
4 0.386482 0.533859 0.006785 0.015770
4 0.772182 0.798701 0.022443 0.018553
4 0.768528 0.966605 0.013048 0.035250
4 0.666754 0.471707 0.007829 0.019481
