3 0.309499 0.388219 0.153445 0.115955
2 0.274530 0.489332 0.124217 0.121521
0 0.421190 0.275974 0.045929 0.132653
0 0.476775 0.307050 0.046451 0.150278
0 0.532620 0.299165 0.042276 0.141929
1 0.596294 0.278293 0.048539 0.146568
1 0.656837 0.282931 0.045407 0.126160
1 0.461378 0.688776 0.051148 0.184601
0 0.516701 0.693878 0.051148 0.191095
0 0.587422 0.718924 0.054802 0.205937
2 0.652923 0.747217 0.059499 0.223562
4 0.277140 0.725417 0.024008 0.072356
1 0.475209 0.081169 0.041232 0.125232
0 0.520877 0.076531 0.033403 0.093692
0 0.566023 0.086735 0.036013 0.117811
0 0.605167 0.089054 0.032881 0.076067
4 0.925104 0.040816 0.030793 0.042672
4 0.922756 0.083488 0.029228 0.038961
4 0.944937 0.142393 0.029749 0.030612
4 0.944154 0.155380 0.029228 0.032468
4 0.919624 0.166048 0.027140 0.044527
4 0.898486 0.164193 0.018267 0.050093
4 0.892745 0.195269 0.024530 0.047310
4 0.938935 0.242115 0.039666 0.042672
4 0.933194 0.257421 0.037578 0.036178
4 0.966336 0.370130 0.036013 0.040816
4 0.951722 0.395176 0.036013 0.040816
4 0.979906 0.452690 0.038100 0.038961
4 0.984342 0.515770 0.030271 0.038961
4 0.791493 0.345547 0.026618 0.056586
