1 0.067143 0.324762 0.031429 0.043810
4 0.309643 0.410476 0.007857 0.019048
4 0.316071 0.408571 0.006429 0.019048
4 0.945357 0.601905 0.010714 0.017143
4 0.955357 0.596190 0.012143 0.017143
4 0.808929 0.585238 0.012143 0.008571
4 0.806429 0.079048 0.020000 0.011429
4 0.795357 0.091429 0.010714 0.013333
4 0.808929 0.093333 0.015000 0.015238
0 0.640000 0.937143 0.017143 0.045714
0 0.580357 0.652381 0.015000 0.043810
0 0.612143 0.482857 0.017143 0.040000
0 0.592500 0.343333 0.016429 0.046667
0 0.693929 0.579048 0.033571 0.022857
0 0.837857 0.666190 0.038571 0.027619
0 0.976071 0.671429 0.033571 0.020952
1 0.598929 0.401429 0.016429 0.039048
2 0.562500 0.414762 0.017857 0.042857
0 0.879286 0.066190 0.037143 0.027619
1 0.907500 0.118095 0.023571 0.053333
4 0.220714 0.152857 0.008571 0.023810
