4 0.080115 0.348794 0.021399 0.040816
0 0.134395 0.315399 0.040188 0.068646
0 0.170668 0.329314 0.037578 0.070501
0 0.216597 0.340909 0.039666 0.069573
0 0.074896 0.648423 0.051670 0.115028
4 0.339770 0.455937 0.015658 0.039889
0 0.340292 0.145640 0.021921 0.042672
4 0.352035 0.106679 0.014092 0.020408
4 0.302714 0.097403 0.009395 0.022263
4 0.304019 0.086735 0.017223 0.017625
4 0.305063 0.079777 0.015136 0.018553
4 0.306889 0.073284 0.016701 0.020408
4 0.357516 0.059833 0.015658 0.015770
4 0.358559 0.057050 0.015658 0.015770
4 0.359342 0.052876 0.015136 0.016698
4 0.360386 0.048701 0.016180 0.015770
4 0.359342 0.041280 0.015136 0.015770
4 0.361430 0.036178 0.015136 0.016698
4 0.362474 0.032004 0.014092 0.017625
4 0.574635 0.160482 0.007307 0.027829
4 0.595772 0.251855 0.006785 0.034323
