4 0.341075 0.050093 0.021399 0.025974
0 0.341597 0.477273 0.067328 0.069573
0 0.514353 0.439239 0.043319 0.162338
4 0.566023 0.350649 0.010960 0.059369
4 0.475470 0.174397 0.009395 0.053803
1 0.644311 0.308905 0.041232 0.129870
4 0.714509 0.383117 0.031315 0.038961
4 0.736169 0.362709 0.030793 0.031540
4 0.739823 0.336735 0.026618 0.040816
4 0.721816 0.331169 0.020877 0.044527
4 0.786273 0.278293 0.018267 0.053803
4 0.775574 0.102041 0.031315 0.029685
4 0.771921 0.085343 0.031315 0.035250
0 0.715292 0.152597 0.086117 0.064007
0 0.795407 0.512987 0.102296 0.089054
