4 0.794500 0.566333 0.051000 0.032667
4 0.803500 0.533000 0.051000 0.034000
0 0.615750 0.584000 0.073500 0.190667
0 0.692250 0.592333 0.103500 0.144667
4 0.710000 0.465333 0.042000 0.034667
4 0.492750 0.450333 0.018500 0.048667
4 0.616500 0.383000 0.030000 0.031333
4 0.606500 0.368667 0.028000 0.030667
4 0.614500 0.349667 0.028000 0.030000
0 0.596250 0.311667 0.036500 0.052667
1 0.580500 0.247667 0.030000 0.052667
0 0.514000 0.244333 0.033000 0.046000
1 0.788000 0.240667 0.050000 0.040000
1 0.703250 0.240333 0.056500 0.040667
1 0.588000 0.213333 0.040000 0.033333
1 0.635500 0.193000 0.032000 0.031333
1 0.625750 0.178333 0.022500 0.028667
2 0.595000 0.177333 0.065000 0.033333
4 0.519750 0.208000 0.015500 0.014667
4 0.465750 0.217000 0.015500 0.020667
1 0.447750 0.193000 0.035500 0.030000
0 0.440750 0.175000 0.043500 0.028667
4 0.394750 0.258000 0.011500 0.024000
4 0.385500 0.254333 0.010000 0.019333
0 0.375750 0.270333 0.028500 0.026000
1 0.318000 0.277667 0.064000 0.034000
4 0.427500 0.378667 0.032000 0.029333
