0 0.837857 0.919048 0.058571 0.133333
0 0.491786 0.074762 0.020714 0.042857
0 0.661429 0.099048 0.020000 0.032381
3 0.774286 0.543810 0.087143 0.222857
1 0.614643 0.020476 0.012143 0.027619
0 0.176429 0.061429 0.025714 0.029524
0 0.192857 0.036190 0.017143 0.040000
0 0.063929 0.541905 0.079286 0.100952
0 0.129643 0.103333 0.026429 0.029524
4 0.101071 0.237619 0.020714 0.018095
4 0.063214 0.237619 0.020714 0.018095
4 0.173214 0.262857 0.019286 0.024762
4 0.647857 0.165714 0.005714 0.019048
4 0.274286 0.641429 0.020000 0.035238
0 0.635714 0.006667 0.012857 0.013333
0 0.754643 0.066190 0.013571 0.025714
1 0.778214 0.122381 0.023571 0.033333
0 0.788929 0.189048 0.022143 0.035238
0 0.795000 0.220000 0.038571 0.036190
