2 0.650357 0.124762 0.020714 0.036190
2 0.488214 0.231429 0.016429 0.032381
2 0.685000 0.124762 0.011429 0.028571
1 0.317857 0.158571 0.008571 0.016190
1 0.325357 0.161905 0.007857 0.015238
0 0.333929 0.161905 0.006429 0.009524
0 0.571786 0.507143 0.022143 0.035238
0 0.501429 0.330476 0.014286 0.024762
0 0.457143 0.209524 0.010000 0.015238
0 0.451071 0.130000 0.006429 0.010476
0 0.449286 0.086667 0.005714 0.009524
4 0.514286 0.388095 0.005714 0.014286
4 0.539643 0.389524 0.006429 0.017143
4 0.499643 0.271429 0.005000 0.011429
2 0.460714 0.049048 0.005714 0.010476
