0 0.597750 0.455667 0.140500 0.176667
0 0.822000 0.328333 0.095000 0.095333
0 0.954000 0.254000 0.071000 0.082667
4 0.412500 0.497000 0.059000 0.055333
4 0.717000 0.346333 0.037000 0.048667
4 0.700250 0.531667 0.040500 0.078000
0 0.204500 0.827333 0.074000 0.077333
4 0.825000 0.569000 0.021000 0.060667
4 0.772000 0.533000 0.028000 0.064667
4 0.483500 0.430000 0.048000 0.053333
4 0.492250 0.395667 0.032500 0.062000
4 0.861750 0.198667 0.026500 0.044000
4 0.905750 0.397667 0.048500 0.051333
4 0.890500 0.169333 0.030000 0.032000
