0 0.328500 0.925333 0.111000 0.149333
0 0.443000 0.420667 0.077000 0.204000
1 0.695500 0.081000 0.136000 0.108667
4 0.508000 0.336000 0.018000 0.073333
4 0.756000 0.138000 0.030000 0.028000
4 0.746000 0.156000 0.048000 0.025333
4 0.648000 0.213667 0.052000 0.046000
4 0.654750 0.270000 0.034500 0.069333
4 0.364250 0.110000 0.023500 0.069333
4 0.338250 0.104000 0.021500 0.070667
4 0.370000 0.029333 0.017000 0.058667
4 0.342500 0.038667 0.022000 0.057333
4 0.599500 0.034000 0.022000 0.061333
4 0.620000 0.030333 0.021000 0.059333
4 0.728750 0.018000 0.055500 0.032000
