4 0.072286 0.733302 0.024530 0.026902
4 0.162839 0.498145 0.010438 0.029685
4 0.179802 0.193414 0.012004 0.019481
4 0.190240 0.178571 0.010960 0.019481
4 0.179280 0.183210 0.012004 0.013915
4 0.183194 0.186456 0.010438 0.020408
4 0.253392 0.051020 0.008873 0.011132
4 0.225209 0.047310 0.006785 0.018553
0 0.322286 0.113173 0.015136 0.033395
4 0.271138 0.143785 0.004697 0.020408
4 0.263831 0.195733 0.005741 0.022263
0 0.299843 0.206865 0.018267 0.038961
2 0.310282 0.585343 0.032881 0.111317
4 0.503132 0.760668 0.011482 0.038961
4 0.484603 0.622449 0.013048 0.035250
2 0.437109 0.679499 0.057933 0.203154
4 0.452505 0.466605 0.009395 0.033395
4 0.375783 0.014842 0.009395 0.012987
4 0.527662 0.022727 0.008351 0.013915
4 0.532620 0.031540 0.007829 0.012987
0 0.510438 0.060761 0.026096 0.026902
4 0.535230 0.050093 0.007829 0.012987
4 0.561848 0.071892 0.012004 0.010204
4 0.565762 0.081633 0.008351 0.011132
4 0.567067 0.085807 0.010960 0.013915
1 0.466858 0.115028 0.028706 0.035250
0 0.465031 0.100649 0.025052 0.026902
0 0.463205 0.087199 0.023486 0.025974
4 0.544885 0.157699 0.009395 0.016698
4 0.628392 0.256957 0.007307 0.014842
0 0.567850 0.500464 0.048017 0.043599
0 0.582463 0.546846 0.053236 0.054731
0 0.598382 0.605751 0.054802 0.050093
0 0.604123 0.648887 0.061065 0.056586
0 0.623695 0.713358 0.070981 0.066790
0 0.688413 0.524583 0.054280 0.054731
4 0.729906 0.680891 0.008873 0.033395
4 0.768789 0.749536 0.021921 0.029685
4 0.893006 0.785250 0.033403 0.032468
4 0.903445 0.795455 0.024008 0.028757
4 0.907098 0.811224 0.031315 0.034323
4 0.912839 0.892393 0.028184 0.033395
4 0.944676 0.884972 0.029228 0.033395
4 0.954071 0.899814 0.035491 0.038961
4 0.937630 0.918831 0.026618 0.032468
4 0.970251 0.942486 0.017745 0.046382
