0 0.158214 0.682857 0.199286 0.114286
4 0.517143 0.539048 0.025714 0.083810
0 0.625714 0.329524 0.057143 0.076190
0 0.774286 0.340952 0.082857 0.078095
0 0.687500 0.252857 0.055000 0.054286
0 0.629286 0.199048 0.041429 0.043810
0 0.595714 0.163810 0.035714 0.036190
1 0.470000 0.155238 0.025714 0.043810
1 0.561071 0.129524 0.026429 0.036190
0 0.536786 0.110952 0.022143 0.025714
0 0.847143 0.251429 0.072857 0.049524
1 0.764643 0.181429 0.076429 0.063810
1 0.748571 0.156667 0.038571 0.029524
0 0.639643 0.112381 0.027857 0.024762
0 0.617143 0.071429 0.015714 0.017143
0 0.586786 0.062381 0.017857 0.016190
2 0.576071 0.048095 0.022143 0.031429
0 0.511786 0.085714 0.020714 0.026667
0 0.497857 0.072381 0.017143 0.020952
0 0.484643 0.056190 0.016429 0.019048
1 0.473214 0.045714 0.012143 0.020952
1 0.465714 0.039048 0.012857 0.017143
