4 0.262526 0.918367 0.017745 0.051948
4 0.305585 0.942022 0.034969 0.045455
4 0.296451 0.977273 0.037578 0.039889
4 0.585856 0.616419 0.010960 0.034323
0 0.523486 0.414657 0.017745 0.037106
4 0.565501 0.425788 0.006785 0.020408
4 0.545407 0.312616 0.004175 0.012987
4 0.548017 0.293135 0.005219 0.012987
4 0.532881 0.295455 0.004175 0.012059
4 0.520877 0.295455 0.004175 0.012059
4 0.524269 0.283395 0.003653 0.010204
4 0.555585 0.242579 0.005741 0.008349
4 0.546712 0.207328 0.002610 0.006494
4 0.544363 0.207792 0.003132 0.005566
4 0.541493 0.202690 0.002610 0.004638
4 0.543319 0.197124 0.002088 0.004638
4 0.533142 0.194805 0.002610 0.005566
4 0.529749 0.199907 0.002088 0.004638
4 0.527401 0.196660 0.002610 0.005566
0 0.537578 0.182746 0.005219 0.007421
0 0.538883 0.176252 0.003653 0.005566
4 0.540449 0.185529 0.002610 0.003711
