0 0.051786 0.358503 0.020714 0.024112
0 0.008214 0.188452 0.016429 0.026650
0 0.017143 0.199239 0.025714 0.022843
0 0.030714 0.209391 0.024286 0.025381
1 0.042500 0.215102 0.029286 0.029188
1 0.056786 0.223985 0.029286 0.029188
1 0.138571 0.272843 0.028571 0.030457
1 0.166071 0.287437 0.027857 0.029188
1 0.174286 0.296320 0.027143 0.031726
1 0.186786 0.302665 0.027857 0.031726
2 0.150000 0.584391 0.038571 0.052030
2 0.181429 0.778553 0.035714 0.064721
1 0.759643 0.484137 0.026429 0.034264
1 0.751071 0.498096 0.035000 0.039340
0 0.741786 0.518401 0.032143 0.029188
2 0.720357 0.571701 0.057857 0.059645
0 0.640357 0.456853 0.030714 0.032995
0 0.632500 0.474619 0.027857 0.030457
1 0.621786 0.513325 0.032143 0.034264
3 0.498571 0.611041 0.084286 0.087563
3 0.511429 0.587563 0.084286 0.091371
3 0.528571 0.487310 0.050000 0.109137
3 0.450357 0.464467 0.056429 0.043147
3 0.474286 0.446066 0.050000 0.034264
3 0.470357 0.423858 0.047857 0.032995
3 0.490357 0.404188 0.045000 0.031726
3 0.602857 0.353426 0.068571 0.067259
3 0.563214 0.252538 0.039286 0.076142
3 0.480357 0.335660 0.047857 0.087563
0 0.570714 0.777919 0.035714 0.043147
1 0.610714 0.812183 0.035714 0.043147
1 0.657857 0.847081 0.035714 0.041878
