1 0.147857 0.427619 0.077143 0.047619
0 0.240714 0.431905 0.074286 0.042857
4 0.334643 0.231905 0.023571 0.021905
4 0.389286 0.260000 0.010000 0.032381
1 0.515000 0.079524 0.027143 0.060000
1 0.496429 0.230952 0.027143 0.065714
1 0.497857 0.299048 0.027143 0.068571
2 0.491786 0.385714 0.037857 0.106667
1 0.482857 0.494286 0.031429 0.080000
0 0.417857 0.690000 0.037143 0.111429
4 0.377500 0.342857 0.013571 0.032381
4 0.495000 0.651429 0.021429 0.047619
0 0.906071 0.726190 0.090714 0.050476
1 0.817500 0.715714 0.076429 0.050476
