0 0.545714 0.657143 0.151429 0.156190
0 0.396071 0.410952 0.137857 0.132381
0 0.837857 0.706667 0.175714 0.158095
2 0.733929 0.249048 0.116429 0.202857
3 0.046786 0.149524 0.093571 0.129524
0 0.043929 0.068095 0.087857 0.100000
0 0.265714 0.047143 0.084286 0.094286
0 0.315000 0.066667 0.090000 0.121905
0 0.359643 0.110476 0.085000 0.140952
1 0.918929 0.033333 0.066429 0.066667
0 0.050000 0.600476 0.100000 0.193333
4 0.572857 0.280952 0.034286 0.045714
4 0.751071 0.071905 0.009286 0.067619
4 0.718214 0.105238 0.026429 0.056190
