0 0.636221 0.918831 0.060543 0.106679
0 0.598121 0.657699 0.046973 0.053803
1 0.547756 0.636827 0.042276 0.069573
0 0.586117 0.598330 0.026096 0.066790
0 0.629697 0.560297 0.038100 0.055659
0 0.726253 0.459647 0.031837 0.045455
1 0.757307 0.427644 0.026096 0.035250
0 0.786795 0.397495 0.026618 0.036178
3 0.917797 0.403525 0.055846 0.089054
3 0.962944 0.346011 0.042797 0.074212
1 0.953288 0.248145 0.015136 0.036178
4 0.693111 0.456865 0.012526 0.021336
0 0.959029 0.205473 0.024530 0.017625
0 0.969990 0.191095 0.028706 0.014842
0 0.989040 0.164193 0.019833 0.022263
4 0.595772 0.556586 0.013048 0.020408
4 0.609081 0.543599 0.015658 0.018553
4 0.510438 0.623840 0.014614 0.028757
4 0.518006 0.621058 0.017223 0.028757
4 0.361952 0.740260 0.023486 0.029685
4 0.356733 0.732375 0.022443 0.034323
4 0.791232 0.365028 0.019833 0.025046
