4 0.281071 0.353333 0.012143 0.030476
4 0.340357 0.201905 0.007857 0.026667
2 0.391429 0.040952 0.032857 0.081905
1 0.378214 0.102381 0.023571 0.056190
0 0.365714 0.219048 0.025714 0.059048
4 0.195000 0.617143 0.020000 0.011429
1 0.276786 0.725714 0.035000 0.083810
2 0.526429 0.820000 0.055714 0.276190
2 0.534643 0.617619 0.042143 0.136190
2 0.490000 0.543333 0.045714 0.122857
2 0.547500 0.363810 0.043571 0.171429
2 0.554643 0.224762 0.030714 0.108571
1 0.561786 0.151429 0.022143 0.040000
1 0.562857 0.070476 0.017143 0.047619
