2 0.450000 0.226667 0.028571 0.034286
0 0.806071 0.367619 0.019286 0.026667
0 0.786071 0.365238 0.016429 0.029524
4 0.372500 0.942381 0.015000 0.035238
4 0.040714 0.626667 0.012857 0.024762
4 0.116786 0.483333 0.010714 0.020000
0 0.397857 0.270476 0.021429 0.017143
0 0.328214 0.169524 0.009286 0.013333
1 0.454643 0.094762 0.005000 0.008571
0 0.575000 0.189524 0.008571 0.015238
2 0.564286 0.164762 0.020000 0.013333
2 0.571071 0.206190 0.027857 0.020000
1 0.700714 0.265238 0.015714 0.014286
2 0.712143 0.047143 0.008571 0.016190
2 0.454286 0.058095 0.007143 0.017143
2 0.457500 0.079524 0.007857 0.018095
