0 0.909447 0.647032 0.047495 0.051020
0 0.892484 0.620130 0.041754 0.043599
0 0.871086 0.590445 0.049061 0.045455
1 0.832724 0.501391 0.058977 0.043599
0 0.853862 0.528293 0.043841 0.023191
0 0.713987 0.327458 0.025052 0.025974
0 0.741127 0.260668 0.025052 0.024119
0 0.731994 0.209184 0.023486 0.023191
0 0.607777 0.186456 0.022443 0.016698
2 0.482516 0.720315 0.046451 0.268089
4 0.349165 0.819573 0.008351 0.039889
2 0.404749 0.544527 0.021399 0.053803
4 0.332724 0.588126 0.010960 0.014842
4 0.332463 0.576994 0.012526 0.016698
0 0.340553 0.427180 0.019311 0.041744
4 0.450678 0.306586 0.005741 0.015770
4 0.438674 0.278757 0.005741 0.015770
2 0.462422 0.251391 0.012526 0.029685
4 0.453549 0.226809 0.004175 0.013915
4 0.457203 0.215677 0.005219 0.012059
4 0.400574 0.210111 0.004697 0.012059
0 0.474426 0.162801 0.009395 0.019481
0 0.451983 0.053340 0.009395 0.010204
2 0.452505 0.041744 0.008351 0.020408
4 0.428758 0.021336 0.002610 0.007421
4 0.431889 0.011132 0.001566 0.005566
0 0.425104 0.008349 0.005741 0.012987
0 0.453027 0.018089 0.005219 0.010204
2 0.452505 0.006030 0.009395 0.012059
1 0.454593 0.068182 0.006263 0.010204
