1 0.749250 0.047667 0.065500 0.094000
1 0.947750 0.036000 0.072500 0.072000
1 0.369000 0.143000 0.039000 0.076667
0 0.411750 0.133333 0.045500 0.137333
4 0.195000 0.153333 0.040000 0.025333
4 0.199750 0.193333 0.027500 0.049333
4 0.453000 0.078000 0.029000 0.062667
0 0.586750 0.280333 0.110500 0.080667
2 0.485000 0.319333 0.093000 0.074667
0 0.036250 0.250333 0.072500 0.140667
1 0.121500 0.256333 0.104000 0.119333
1 0.072000 0.474000 0.111000 0.066667
2 0.238500 0.512000 0.114000 0.125333
4 0.179500 0.770000 0.041000 0.020000
4 0.085250 0.874000 0.041500 0.044000
1 0.249250 0.899000 0.102500 0.086000
1 0.513000 0.491667 0.081000 0.062000
2 0.636000 0.448667 0.119000 0.086667
4 0.766750 0.460667 0.041500 0.022667
4 0.790500 0.497667 0.035000 0.026000
0 0.880250 0.583333 0.105500 0.077333
0 0.600250 0.570667 0.111500 0.074667
0 0.696500 0.652667 0.098000 0.080000
4 0.494250 0.667333 0.035500 0.020000
