1 0.056786 0.854286 0.112143 0.203810
0 0.191429 0.719524 0.121429 0.143810
1 0.116786 0.605714 0.100714 0.110476
1 0.078929 0.498095 0.077857 0.091429
0 0.055714 0.425238 0.077143 0.067619
1 0.022143 0.375238 0.041429 0.062857
0 0.294286 0.672857 0.120000 0.128571
1 0.531071 0.775238 0.159286 0.200000
0 0.578929 0.707143 0.142143 0.143810
0 0.616071 0.651905 0.143571 0.132381
0 0.665357 0.613333 0.123571 0.114286
0 0.696429 0.559048 0.125714 0.116190
0 0.731429 0.528571 0.110000 0.089524
0 0.747857 0.494286 0.105714 0.078095
0 0.771786 0.470476 0.105000 0.080000
1 0.778929 0.436667 0.096429 0.082857
0 0.796786 0.415238 0.089286 0.072381
0 0.819286 0.398571 0.084286 0.063810
0 0.831786 0.386190 0.085000 0.058095
0 0.835000 0.368095 0.081429 0.056190
1 0.848929 0.346190 0.076429 0.061905
1 0.868571 0.316190 0.071429 0.051429
0 0.258571 0.427619 0.072857 0.066667
0 0.383571 0.490952 0.051429 0.100000
1 0.443571 0.494762 0.052857 0.098095
0 0.510000 0.499524 0.047143 0.088571
1 0.156071 0.315238 0.062143 0.057143
4 0.335357 0.491429 0.022143 0.045714
4 0.331786 0.475238 0.020714 0.047619
4 0.537143 0.457143 0.018571 0.047619
0 0.831786 0.947143 0.106429 0.105714
1 0.964643 0.931429 0.069286 0.137143
0 0.968214 0.831429 0.063571 0.081905
1 0.980000 0.625714 0.040000 0.066667
1 0.969643 0.567619 0.060714 0.053333
1 0.980000 0.526667 0.040000 0.034286
1 0.882143 0.300952 0.062857 0.047619
1 0.895714 0.288571 0.071429 0.045714
1 0.910714 0.258571 0.067143 0.056190
1 0.954286 0.219048 0.038571 0.032381
0 0.936071 0.256190 0.052143 0.034286
0 0.939643 0.248571 0.046429 0.030476
0 0.947857 0.229048 0.051429 0.025714
0 0.946429 0.235714 0.045714 0.027619
