0 0.278000 0.164667 0.009000 0.009333
0 0.281750 0.161667 0.009500 0.008667
0 0.285500 0.156667 0.012000 0.008000
0 0.294250 0.150667 0.007500 0.009333
0 0.322000 0.131000 0.008000 0.006000
0 0.328750 0.128333 0.006500 0.006000
0 0.256250 0.180333 0.012500 0.010000
0 0.266750 0.180333 0.011500 0.010000
1 0.276500 0.179000 0.008000 0.012667
0 0.375000 0.195000 0.019000 0.011333
0 0.392000 0.189000 0.018000 0.010000
1 0.404250 0.194333 0.017500 0.012667
1 0.412750 0.199667 0.018500 0.015333
0 0.446750 0.164000 0.007500 0.009333
0 0.460750 0.163667 0.006500 0.008667
1 0.417000 0.219333 0.010000 0.018667
1 0.419750 0.234000 0.009500 0.020000
0 0.458250 0.202000 0.009500 0.012000
1 0.475500 0.184667 0.015000 0.013333
0 0.420500 0.313667 0.018000 0.027333
0 0.453000 0.285667 0.015000 0.022000
0 0.475250 0.290667 0.016500 0.024000
2 0.444250 0.338333 0.045500 0.028667
1 0.436250 0.395333 0.052500 0.040000
4 0.470250 0.462000 0.010500 0.018667
2 0.424250 0.815000 0.072500 0.266000
2 0.498750 0.606333 0.047500 0.111333
2 0.491250 0.518667 0.036500 0.064000
1 0.586500 0.487667 0.033000 0.056667
0 0.494000 0.266000 0.014000 0.017333
0 0.496750 0.290667 0.017500 0.021333
0 0.483500 0.316333 0.017000 0.024667
2 0.517500 0.305000 0.018000 0.028667
4 0.653250 0.980667 0.026500 0.038667
0 0.685000 0.758333 0.075000 0.119333
2 0.628250 0.520000 0.062500 0.076000
2 0.542250 0.385333 0.027500 0.042667
