1 0.108214 0.065714 0.075000 0.051429
4 0.115000 0.095714 0.018571 0.035238
1 0.260357 0.019048 0.046429 0.038095
1 0.318929 0.025714 0.047857 0.045714
1 0.300714 0.078571 0.062857 0.052381
1 0.311071 0.048095 0.050714 0.054286
0 0.221786 0.094286 0.055000 0.047619
0 0.278571 0.110000 0.062857 0.042857
0 0.264643 0.142381 0.063571 0.052381
0 0.187500 0.146667 0.055000 0.051429
1 0.237857 0.179048 0.054286 0.068571
2 0.339286 0.217143 0.065714 0.106667
1 0.178214 0.471429 0.102143 0.165714
0 0.263571 0.477619 0.081429 0.128571
0 0.420357 0.527143 0.122143 0.111429
0 0.390000 0.455714 0.121429 0.115238
1 0.624286 0.497619 0.067143 0.162857
0 0.594286 0.373333 0.057143 0.116190
0 0.400714 0.373810 0.111429 0.100000
0 0.412143 0.320476 0.104286 0.071429
0 0.585357 0.260000 0.047857 0.087619
0 0.417857 0.267143 0.088571 0.061905
1 0.431071 0.215714 0.087857 0.060000
0 0.584286 0.132381 0.034286 0.078095
0 0.578214 0.098571 0.029286 0.050476
0 0.569643 0.035714 0.027857 0.046667
0 0.569643 0.009524 0.025000 0.019048
0 0.464643 0.041905 0.065000 0.034286
0 0.459286 0.069048 0.064286 0.037143
0 0.457143 0.089048 0.075714 0.035238
0 0.451071 0.114762 0.075000 0.037143
0 0.436071 0.175238 0.073571 0.049524
1 0.445000 0.140952 0.070000 0.049524
4 0.795000 0.480476 0.035714 0.052381
