0 0.333000 0.242333 0.029000 0.014000
0 0.373500 0.236667 0.031000 0.013333
0 0.381750 0.251000 0.028500 0.014000
0 0.417250 0.241333 0.028500 0.017333
0 0.455250 0.250000 0.026500 0.018667
0 0.520250 0.248000 0.027500 0.016000
0 0.634500 0.254667 0.026000 0.016000
0 0.680500 0.275000 0.028000 0.018000
0 0.674750 0.255000 0.030500 0.016667
0 0.485750 0.329000 0.016500 0.026000
0 0.527000 0.322667 0.015000 0.024000
0 0.542000 0.581000 0.024000 0.044667
0 0.559000 0.241333 0.027000 0.014667
0 0.554500 0.231333 0.025000 0.010667
0 0.582750 0.248000 0.024500 0.018667
0 0.600750 0.255667 0.025500 0.016667
0 0.585750 0.269000 0.027500 0.015333
0 0.719000 0.242333 0.024000 0.015333
0 0.721750 0.253667 0.030500 0.015333
0 0.728250 0.266000 0.033500 0.021333
0 0.790250 0.194000 0.011500 0.020000
0 0.777500 0.204333 0.020000 0.016667
0 0.783500 0.183667 0.015000 0.014000
0 0.813250 0.191333 0.016500 0.018667
3 0.331750 0.601333 0.026500 0.073333
3 0.397750 0.604000 0.023500 0.072000
3 0.692000 0.231667 0.056000 0.028667
0 0.316500 0.287667 0.037000 0.023333
0 0.406250 0.288000 0.025500 0.017333
0 0.960000 0.703333 0.057000 0.062667
1 0.541000 0.275667 0.037000 0.023333
1 0.428500 0.273667 0.028000 0.022000
1 0.410500 0.262333 0.043000 0.027333
0 0.532000 0.368000 0.016000 0.022667
0 0.665500 0.233000 0.024000 0.014000
1 0.745000 0.229333 0.025000 0.018667
0 0.483250 0.212000 0.009500 0.014667
4 0.452000 0.297333 0.013000 0.010667
4 0.410250 0.215000 0.003500 0.010000
4 0.403500 0.216000 0.004000 0.012000
4 0.422000 0.215000 0.004000 0.011333
0 0.758000 0.166333 0.010000 0.018000
0 0.775250 0.168000 0.013500 0.013333
4 0.446250 0.584000 0.008500 0.021333
