0 0.131429 0.086190 0.044286 0.023810
1 0.090000 0.179524 0.054286 0.037143
2 0.173214 0.169524 0.070714 0.051429
2 0.117857 0.220952 0.080000 0.045714
1 0.328571 0.012857 0.041429 0.025714
1 0.277500 0.091429 0.046429 0.028571
1 0.377857 0.087619 0.034286 0.030476
0 0.556429 0.028095 0.037143 0.021905
2 0.356429 0.124286 0.031429 0.052381
0 0.030357 0.307619 0.043571 0.053333
2 0.088929 0.296190 0.060714 0.091429
1 0.141071 0.469524 0.049286 0.059048
4 0.308929 0.790952 0.032143 0.018095
4 0.346786 0.243333 0.010714 0.021905
4 0.376786 0.272381 0.017857 0.024762
4 0.423571 0.206667 0.021429 0.017143
2 0.815714 0.016667 0.071429 0.033333
2 0.670000 0.030000 0.075714 0.058095
1 0.701071 0.031429 0.033571 0.024762
4 0.748214 0.123810 0.017857 0.017143
0 0.695357 0.116190 0.032143 0.026667
0 0.634286 0.011429 0.034286 0.020952
0 0.538929 0.232857 0.032143 0.044762
0 0.510357 0.176667 0.026429 0.039048
4 0.596071 0.968095 0.007857 0.031429
