0 0.422857 0.060476 0.050000 0.037143
4 0.318571 0.054762 0.007143 0.025714
0 0.429286 0.172857 0.051429 0.035238
0 0.425357 0.209524 0.052143 0.036190
0 0.425000 0.267619 0.050000 0.036190
0 0.312500 0.307143 0.027857 0.067619
0 0.428929 0.315238 0.052143 0.034286
0 0.423929 0.352857 0.047857 0.033333
0 0.423929 0.389524 0.050714 0.028571
0 0.427500 0.427143 0.055000 0.031429
0 0.418571 0.471429 0.055714 0.032381
1 0.416071 0.514762 0.052143 0.031429
1 0.418571 0.551429 0.044286 0.024762
1 0.469643 0.593810 0.052143 0.031429
0 0.405357 0.590000 0.052143 0.033333
0 0.307857 0.447143 0.041429 0.048571
4 0.292143 0.552857 0.017143 0.012381
4 0.307143 0.576667 0.018571 0.010476
0 0.390714 0.644286 0.054286 0.033333
0 0.090714 0.519048 0.048571 0.066667
0 0.016786 0.664762 0.033571 0.032381
2 0.622500 0.188095 0.065000 0.084762
2 0.780000 0.311429 0.025714 0.074286
4 0.995000 0.600000 0.008571 0.022857
2 0.739643 0.619048 0.077857 0.034286
0 0.704643 0.700476 0.049286 0.031429
0 0.670000 0.618571 0.050000 0.031429
0 0.609643 0.613333 0.050714 0.032381
1 0.581429 0.695238 0.048571 0.030476
0 0.515714 0.690476 0.057143 0.032381
0 0.449286 0.692381 0.052857 0.030476
0 0.424643 0.784762 0.053571 0.034286
0 0.424286 0.870952 0.057143 0.037143
1 0.426786 0.947143 0.046429 0.035238
1 0.421429 0.983333 0.047143 0.031429
0 0.296071 0.962381 0.059286 0.040952
4 0.287857 0.870952 0.012857 0.029524
4 0.286071 0.833810 0.010714 0.027619
