2 0.110714 0.593333 0.221429 0.219048
0 0.318571 0.507143 0.135714 0.109524
0 0.486429 0.402857 0.128571 0.100952
0 0.610000 0.335238 0.115714 0.099048
0 0.929643 0.528571 0.136429 0.148571
4 0.756071 0.399524 0.042143 0.050476
1 0.717857 0.268095 0.105714 0.105714
1 0.810714 0.216667 0.094286 0.080952
1 0.892500 0.170476 0.086429 0.072381
1 0.962857 0.128571 0.074286 0.083810
1 0.623571 0.671905 0.150000 0.128571
4 0.513214 0.665714 0.053571 0.076190
0 0.362500 0.861905 0.205000 0.137143
0 0.102143 0.945714 0.204286 0.106667
