2 0.046190 0.366883 0.057933 0.067718
0 0.137787 0.386364 0.056367 0.049165
1 0.156054 0.398423 0.061587 0.052876
0 0.190762 0.416512 0.054802 0.048237
0 0.216075 0.433210 0.058455 0.055659
0 0.211639 0.532468 0.067328 0.061224
0 0.027401 0.532468 0.053758 0.072356
1 0.122129 0.636364 0.090814 0.105751
4 0.167276 0.684601 0.022443 0.050093
4 0.182411 0.692486 0.017223 0.049165
4 0.195981 0.711503 0.032881 0.046382
4 0.489562 0.882653 0.022965 0.104824
4 0.561587 0.948516 0.046973 0.065863
0 0.882829 0.568182 0.054802 0.067718
0 0.794885 0.461967 0.041754 0.055659
0 0.777662 0.425325 0.036534 0.043599
0 0.761482 0.386827 0.028184 0.040816
0 0.743215 0.350649 0.027140 0.029685
1 0.678497 0.489796 0.032359 0.076067
1 0.671190 0.435529 0.027140 0.051020
0 0.658664 0.383117 0.024008 0.055659
4 0.579593 0.596011 0.026618 0.038033
0 0.588727 0.511596 0.055324 0.069573
0 0.604645 0.201299 0.015136 0.025974
0 0.646138 0.326067 0.019833 0.051020
4 0.905271 0.233766 0.004697 0.011132
4 0.910230 0.236085 0.005219 0.012059
2 0.951461 0.242579 0.028184 0.021336
1 0.985647 0.246753 0.027662 0.027829
