1 0.064250 0.920667 0.128500 0.089333
0 0.283500 0.862000 0.158000 0.096000
0 0.438500 0.857000 0.129000 0.123333
0 0.832250 0.905000 0.092500 0.190000
4 0.904000 0.898667 0.038000 0.056000
0 0.850500 0.728333 0.137000 0.084667
0 0.893250 0.635667 0.148500 0.082000
0 0.939750 0.536333 0.118500 0.088667
0 0.820750 0.523333 0.079500 0.137333
0 0.738500 0.532000 0.089000 0.142667
4 0.162500 0.109667 0.039000 0.035333
4 0.223000 0.121333 0.036000 0.033333
4 0.552750 0.189000 0.034500 0.042000
4 0.516500 0.203667 0.035000 0.042000
0 0.750500 0.670333 0.133000 0.103333
0 0.436000 0.594667 0.130000 0.081333
0 0.265000 0.612333 0.117000 0.128667
4 0.058500 0.629667 0.045000 0.036667
