4 0.056429 0.902857 0.030000 0.022857
0 0.288571 0.886667 0.081429 0.060952
1 0.451786 0.766190 0.070714 0.080952
4 0.374286 0.736190 0.030000 0.017143
4 0.477500 0.713333 0.033571 0.022857
4 0.528214 0.706190 0.035000 0.023810
4 0.344286 0.590476 0.031429 0.034286
0 0.038571 0.696667 0.055714 0.111429
0 0.082857 0.701429 0.052857 0.111429
1 0.133214 0.599524 0.086429 0.071429
0 0.151071 0.644286 0.077857 0.065714
1 0.092500 0.540000 0.113571 0.072381
4 0.194286 0.532857 0.028571 0.044762
4 0.168929 0.479524 0.036429 0.031429
4 0.121429 0.327619 0.030000 0.036190
4 0.468929 0.500952 0.035000 0.020952
4 0.357500 0.374762 0.017857 0.039048
4 0.143214 0.167143 0.017857 0.037143
4 0.155357 0.175714 0.023571 0.039048
4 0.167857 0.199048 0.027143 0.032381
4 0.173571 0.215714 0.022857 0.033333
4 0.228214 0.143333 0.026429 0.033333
4 0.238571 0.152381 0.028571 0.045714
4 0.262500 0.161429 0.025000 0.035238
4 0.272500 0.181429 0.029286 0.031429
4 0.299643 0.242857 0.020714 0.034286
4 0.311071 0.254762 0.026429 0.033333
4 0.337143 0.273810 0.018571 0.039048
4 0.350714 0.282381 0.018571 0.042857
4 0.367143 0.280476 0.015714 0.039048
4 0.377857 0.286190 0.012857 0.037143
4 0.199643 0.051905 0.017857 0.044762
4 0.216071 0.052381 0.012143 0.045714
4 0.230000 0.056190 0.015714 0.045714
4 0.245357 0.060476 0.010714 0.035238
4 0.343571 0.082857 0.017143 0.041905
4 0.406786 0.304286 0.013571 0.037143
4 0.417857 0.262857 0.014286 0.040000
4 0.425000 0.302857 0.010000 0.036190
4 0.436071 0.300000 0.012143 0.038095
4 0.396429 0.074762 0.022857 0.031429
0 0.723929 0.548571 0.065000 0.038095
0 0.841429 0.547143 0.070000 0.040952
0 0.918571 0.547619 0.074286 0.047619
1 0.978214 0.540476 0.043571 0.042857
4 0.707857 0.350476 0.014286 0.034286
4 0.921071 0.333810 0.009286 0.029524
4 0.708571 0.750000 0.038571 0.023810
0 0.678571 0.828571 0.082857 0.055238
1 0.808214 0.814762 0.076429 0.052381
4 0.751786 0.923810 0.033571 0.022857
