4 0.527923 0.157236 0.022443 0.028757
0 0.570720 0.271336 0.037056 0.112245
0 0.480428 0.494898 0.024530 0.102968
0 0.523747 0.490260 0.027662 0.112245
0 0.558194 0.463822 0.032881 0.115028
2 0.598904 0.410946 0.030793 0.142857
1 0.608559 0.545455 0.026096 0.100186
0 0.439979 0.576531 0.065762 0.052876
0 0.545929 0.648423 0.030271 0.124304
1 0.442328 0.710111 0.063152 0.052876
1 0.430063 0.858998 0.073069 0.059369
0 0.434499 0.954082 0.072547 0.054731
0 0.545146 0.896568 0.030793 0.143785
1 0.626566 0.922078 0.032881 0.118738
4 0.578027 0.983766 0.016180 0.030612
4 0.676670 0.139610 0.018267 0.038033
4 0.691284 0.251391 0.026618 0.031540
4 0.701722 0.415121 0.015136 0.043599
4 0.734864 0.627551 0.014614 0.045455
