4 0.171071 0.785238 0.060714 0.039048
4 0.168571 0.755714 0.050000 0.033333
4 0.168929 0.727143 0.047857 0.031429
4 0.181786 0.670476 0.052143 0.036190
4 0.077500 0.788571 0.055000 0.036190
0 0.684286 0.711905 0.072857 0.162857
0 0.443214 0.531429 0.052143 0.129524
0 0.436786 0.962381 0.066429 0.075238
0 0.264643 0.652857 0.109286 0.157143
0 0.340000 0.492857 0.055714 0.141905
0 0.297857 0.224286 0.100000 0.056190
0 0.288571 0.279524 0.107143 0.063810
0 0.311429 0.080476 0.085714 0.052381
0 0.312500 0.051905 0.075000 0.046667
0 0.317857 0.028095 0.075714 0.046667
0 0.442500 0.071905 0.039286 0.079048
1 0.466429 0.026667 0.038571 0.053333
0 0.580000 0.053810 0.035714 0.060000
0 0.580000 0.113810 0.037143 0.071429
0 0.601429 0.199048 0.044286 0.074286
0 0.617143 0.290000 0.048571 0.103810
0 0.633571 0.398571 0.055714 0.115238
4 0.353214 0.857143 0.045000 0.080000
