4 0.178214 0.692857 0.036429 0.027619
4 0.442857 0.962381 0.030000 0.025714
4 0.331786 0.522857 0.026429 0.022857
4 0.410714 0.538571 0.028571 0.020000
4 0.453571 0.520000 0.015714 0.032381
4 0.558929 0.520476 0.027857 0.027619
4 0.519643 0.520000 0.010714 0.038095
4 0.568571 0.467143 0.008571 0.031429
0 0.578214 0.893333 0.093571 0.055238
1 0.575357 0.820000 0.082143 0.059048
1 0.566786 0.659048 0.082143 0.049524
0 0.538571 0.593333 0.074286 0.087619
0 0.668929 0.789524 0.037857 0.118095
0 0.665357 0.671905 0.040714 0.107619
1 0.643571 0.410476 0.034286 0.100952
4 0.906429 0.812381 0.028571 0.020952
4 0.896786 0.576190 0.013571 0.040000
4 0.782143 0.465714 0.011429 0.038095
4 0.800357 0.465238 0.019286 0.033333
4 0.675714 0.320476 0.011429 0.039048
4 0.795000 0.139048 0.024286 0.017143
4 0.804286 0.119524 0.028571 0.016190
4 0.824286 0.136190 0.025714 0.013333
0 0.628214 0.120476 0.030714 0.082857
1 0.617500 0.029048 0.032143 0.058095
4 0.497143 0.034762 0.010000 0.037143
4 0.528214 0.037619 0.015000 0.040952
4 0.486071 0.042381 0.006429 0.035238
4 0.470714 0.035714 0.011429 0.033333
4 0.446071 0.043810 0.022143 0.022857
