3 0.775250 0.864000 0.146500 0.272000
0 0.901750 0.868667 0.196500 0.260000
4 0.908250 0.562000 0.076500 0.044000
4 0.539000 0.519333 0.024000 0.084000
4 0.734500 0.345333 0.050000 0.049333
4 0.665500 0.300333 0.039000 0.047333
4 0.713250 0.303667 0.047500 0.042000
1 0.965500 0.032000 0.068000 0.064000
1 0.851000 0.023000 0.075000 0.046000
0 0.655250 0.033000 0.050500 0.066000
0 0.687500 0.167667 0.061000 0.112667
4 0.648750 0.189667 0.024500 0.055333
0 0.549750 0.024000 0.050500 0.048000
4 0.513750 0.252333 0.039500 0.032667
4 0.372500 0.067667 0.014000 0.038000
4 0.369250 0.032333 0.014500 0.038000
4 0.356750 0.029333 0.015500 0.042667
0 0.344250 0.073667 0.045500 0.056667
1 0.243250 0.120333 0.099500 0.055333
1 0.254000 0.084667 0.099000 0.058667
4 0.198250 0.288000 0.052500 0.041333
4 0.084000 0.402000 0.060000 0.044000
