2 0.151786 0.863579 0.083571 0.270305
2 0.197143 0.588832 0.072857 0.162437
1 0.214643 0.474619 0.057857 0.081218
1 0.265000 0.215736 0.031429 0.050761
1 0.291786 0.145939 0.036429 0.058376
1 0.329643 0.093274 0.026429 0.041878
0 0.353929 0.056472 0.025000 0.036802
0 0.254286 0.289340 0.054286 0.053299
1 0.758214 0.057107 0.025000 0.055838
1 0.817143 0.181472 0.058571 0.058376
1 0.835714 0.203046 0.055714 0.063452
0 0.859643 0.060279 0.055000 0.046954
0 0.807500 0.157995 0.052143 0.049492
4 0.876071 0.097081 0.023571 0.031726
4 0.862143 0.079949 0.024286 0.032995
4 0.826786 0.008883 0.022143 0.017766
4 0.833929 0.015863 0.020714 0.029188
4 0.846429 0.023477 0.020000 0.031726
4 0.851786 0.030457 0.019286 0.027919
4 0.859643 0.038706 0.023571 0.029188
