0 0.302857 0.514286 0.054286 0.142857
0 0.492500 0.499524 0.040714 0.124762
0 0.393571 0.145714 0.038571 0.100952
0 0.334643 0.141905 0.042143 0.097143
1 0.436786 0.072857 0.032143 0.080952
0 0.487500 0.062381 0.042143 0.090476
0 0.595000 0.049524 0.072857 0.078095
0 0.777500 0.062857 0.073571 0.089524
1 0.754643 0.100952 0.082143 0.112381
4 0.873571 0.064286 0.020000 0.042857
4 0.718929 0.254762 0.033571 0.042857
0 0.494286 0.336667 0.042857 0.111429
0 0.591429 0.477143 0.045714 0.120000
4 0.692500 0.466190 0.020714 0.056190
4 0.351071 0.412381 0.022143 0.055238
4 0.020000 0.160000 0.020000 0.041905
0 0.570714 0.270000 0.067143 0.115238
