4 0.897750 0.777000 0.075500 0.054000
4 0.710750 0.577000 0.043500 0.043333
4 0.688500 0.542000 0.042000 0.037333
4 0.664500 0.487667 0.038000 0.043333
4 0.577250 0.490333 0.036500 0.034000
0 0.660500 0.432000 0.056000 0.088000
4 0.679750 0.396667 0.013500 0.038667
4 0.529500 0.736667 0.025000 0.086667
4 0.588500 0.554333 0.041000 0.042000
4 0.250500 0.601667 0.049000 0.044667
4 0.097250 0.625333 0.057500 0.042667
0 0.538500 0.312333 0.043000 0.058000
1 0.625500 0.320667 0.044000 0.070667
1 0.648500 0.267333 0.050000 0.041333
4 0.541250 0.254667 0.020500 0.018667
1 0.893000 0.320667 0.072000 0.064000
4 0.981250 0.335000 0.016500 0.028667
1 0.680000 0.241000 0.037000 0.043333
1 0.666750 0.219667 0.031500 0.044667
4 0.620750 0.190000 0.007500 0.020000
0 0.362500 0.363333 0.040000 0.048000
4 0.375500 0.328667 0.014000 0.030667
4 0.387000 0.355667 0.014000 0.030000
1 0.270000 0.399000 0.083000 0.054000
1 0.283250 0.371333 0.080500 0.049333
1 0.453000 0.233667 0.042000 0.038000
0 0.665750 0.094667 0.021500 0.013333
3 0.693750 0.066333 0.019500 0.024667
2 0.631250 0.081667 0.038500 0.020667
0 0.633250 0.072667 0.021500 0.010667
0 0.630250 0.071667 0.018500 0.011333
0 0.606250 0.073000 0.019500 0.011333
2 0.623250 0.065333 0.022500 0.018667
0 0.679000 0.064667 0.017000 0.010667
0 0.670750 0.061000 0.017500 0.010000
1 0.442750 0.168000 0.017500 0.026667
0 0.480500 0.172667 0.034000 0.020000
0 0.422500 0.168667 0.026000 0.021333
0 0.386000 0.173333 0.020000 0.021333
1 0.393750 0.159667 0.018500 0.023333
0 0.415750 0.157667 0.019500 0.023333
0 0.403500 0.147333 0.017000 0.020000
0 0.410500 0.132667 0.017000 0.022667
1 0.417000 0.124667 0.012000 0.021333
0 0.423000 0.119333 0.012000 0.014667
0 0.428000 0.110333 0.014000 0.018000
0 0.451250 0.114333 0.010500 0.015333
0 0.432500 0.105000 0.011000 0.015333
1 0.438500 0.098667 0.012000 0.017333
1 0.361500 0.096667 0.012000 0.017333
0 0.346000 0.167000 0.019000 0.020667
1 0.350750 0.153667 0.015500 0.022000
0 0.327250 0.160333 0.017500 0.019333
0 0.308250 0.163333 0.020500 0.020000
1 0.290500 0.173000 0.029000 0.019333
0 0.287250 0.163667 0.017500 0.016667
