0 0.300000 0.983000 0.045000 0.031333
0 0.257500 0.946667 0.027000 0.036000
4 0.237500 0.991000 0.014000 0.016667
4 0.238250 0.965000 0.012500 0.019333
1 0.200000 0.873333 0.035000 0.038667
4 0.158750 0.867333 0.008500 0.017333
1 0.170500 0.835333 0.028000 0.036000
0 0.142750 0.805667 0.030500 0.034000
0 0.116750 0.774000 0.033500 0.034667
0 0.092000 0.742667 0.026000 0.028000
0 0.064500 0.711000 0.027000 0.028667
0 0.047250 0.687000 0.026500 0.027333
0 0.027500 0.665333 0.024000 0.026667
0 0.173750 0.404667 0.021500 0.012000
0 0.162000 0.402333 0.020000 0.012667
0 0.153500 0.397667 0.020000 0.011333
0 0.115500 0.384333 0.021000 0.010000
