1 0.248929 0.956190 0.117857 0.087619
1 0.631071 0.923333 0.186429 0.153333
1 0.952143 0.679048 0.095714 0.169524
0 0.592500 0.768095 0.169286 0.187619
0 0.332500 0.535714 0.075000 0.143810
1 0.577857 0.609524 0.141429 0.169524
0 0.561429 0.503810 0.127143 0.131429
0 0.550714 0.414762 0.118571 0.101905
0 0.543214 0.350000 0.095000 0.088571
0 0.531429 0.293810 0.087143 0.075238
0 0.495357 0.261905 0.082143 0.093333
0 0.353571 0.370476 0.058571 0.106667
1 0.352500 0.266667 0.050714 0.087619
4 0.211429 0.288095 0.038571 0.039048
1 0.293571 0.116190 0.090000 0.053333
1 0.335714 0.049524 0.034286 0.057143
0 0.393214 0.050000 0.030714 0.050476
0 0.486071 0.015714 0.027857 0.029524
1 0.498571 0.037143 0.060000 0.045714
0 0.547143 0.018571 0.032857 0.037143
0 0.631429 0.011429 0.034286 0.022857
0 0.651071 0.036190 0.036429 0.036190
0 0.599286 0.041429 0.037143 0.039048
0 0.693214 0.021429 0.035000 0.040952
0 0.674643 0.071429 0.045000 0.041905
0 0.696786 0.111905 0.049286 0.056190
0 0.732143 0.145714 0.095714 0.045714
0 0.726071 0.167619 0.070714 0.051429
0 0.765714 0.209524 0.092857 0.062857
0 0.680714 0.204762 0.052857 0.070476
3 0.611071 0.171905 0.085000 0.168571
4 0.838571 0.073333 0.025714 0.024762
4 0.842500 0.115238 0.020714 0.019048
