4 0.079332 0.257885 0.012526 0.016698
4 0.041493 0.265770 0.015136 0.013915
4 0.144833 0.265770 0.014092 0.019481
4 0.209029 0.262523 0.016180 0.012987
4 0.259395 0.269944 0.010438 0.022263
1 0.681628 0.928108 0.067850 0.071429
0 0.665971 0.811224 0.072025 0.069573
4 0.710856 0.709184 0.027140 0.030612
1 0.654489 0.647032 0.049061 0.052876
0 0.632307 0.619666 0.054802 0.050093
4 0.491649 0.705937 0.025052 0.027829
0 0.680846 0.558905 0.055846 0.041744
0 0.670407 0.492579 0.049582 0.035250
0 0.667797 0.465213 0.048539 0.034323
1 0.657881 0.435065 0.051670 0.038961
4 0.591336 0.335807 0.011482 0.016698
4 0.520616 0.330241 0.012004 0.016698
0 0.601253 0.246753 0.034447 0.027829
0 0.578288 0.225881 0.031315 0.030612
0 0.596555 0.206865 0.026096 0.018553
0 0.588466 0.198516 0.032881 0.027829
1 0.587683 0.180891 0.038622 0.033395
4 0.500261 0.175325 0.008873 0.014842
4 0.504436 0.083024 0.009916 0.012059
4 0.503392 0.060761 0.006785 0.012059
4 0.508612 0.060297 0.005741 0.012987
0 0.546973 0.105751 0.025052 0.022263
0 0.578027 0.117811 0.023486 0.020408
0 0.573330 0.103432 0.025574 0.021336
1 0.572808 0.090909 0.018267 0.022263
1 0.569676 0.085807 0.023486 0.019481
0 0.569415 0.077922 0.021921 0.018553
0 0.565762 0.065399 0.022965 0.017625
0 0.564979 0.060761 0.023486 0.019481
0 0.546451 0.083952 0.024008 0.019481
0 0.551148 0.073748 0.016701 0.015770
0 0.615866 0.059833 0.011482 0.021336
0 0.535491 0.016234 0.018789 0.013915
0 0.540449 0.024583 0.009916 0.012059
0 0.556628 0.025046 0.022443 0.014842
0 0.556106 0.017161 0.020355 0.013915
0 0.539144 0.014378 0.017745 0.012059
4 0.527401 0.003711 0.004697 0.005566
0 0.950157 0.543599 0.048539 0.079777
4 0.924582 0.256957 0.016180 0.018553
4 0.919624 0.224954 0.007307 0.017625
4 0.890397 0.181354 0.008351 0.015770
4 0.877088 0.191095 0.006785 0.012987
4 0.811587 0.121521 0.008351 0.016698
0 0.805063 0.139147 0.018267 0.025974
2 0.834029 0.207792 0.060543 0.092764
0 0.786795 0.195269 0.023486 0.032468
1 0.751566 0.106215 0.019833 0.025046
4 0.794363 0.127087 0.012526 0.012987
0 0.669363 0.294527 0.043319 0.036178
4 0.729384 0.342301 0.006785 0.024119
4 0.750783 0.322820 0.016180 0.016698
4 0.766180 0.330705 0.013570 0.017625
2 0.776096 0.218460 0.064718 0.102968
2 0.674582 0.033395 0.029749 0.063080
0 0.696242 0.027365 0.011482 0.017625
0 0.729384 0.031540 0.020355 0.016698
4 0.709551 0.019481 0.004697 0.011132
0 0.767745 0.013915 0.016701 0.014842
0 0.764092 0.009276 0.018789 0.012987
1 0.760177 0.006494 0.015136 0.012987
