0 0.116595 0.538645 0.050072 0.056298
0 0.207082 0.507634 0.043634 0.055344
0 0.319385 0.468511 0.055079 0.040076
0 0.836552 0.687977 0.092275 0.057252
0 0.827253 0.531011 0.072246 0.046756
0 0.163090 0.422233 0.040057 0.042939
0 0.074034 0.451813 0.036481 0.041031
0 0.016452 0.485210 0.032904 0.048664
0 0.023963 0.405057 0.047926 0.041031
0 0.325107 0.148378 0.007868 0.008588
0 0.316166 0.177004 0.008584 0.012405
0 0.250358 0.183683 0.012876 0.016221
2 0.174893 0.338740 0.042203 0.059160
1 0.423820 0.185115 0.013591 0.013359
4 0.449213 0.428912 0.022890 0.021947
4 0.561159 0.464695 0.025036 0.017176
0 0.520029 0.398855 0.058655 0.030534
