0 0.104643 0.952857 0.093571 0.094286
0 0.252500 0.670000 0.093571 0.149524
0 0.280714 0.806667 0.090000 0.196190
0 0.442143 0.190476 0.057143 0.045714
0 0.515714 0.252857 0.045714 0.063810
0 0.609643 0.216667 0.047857 0.050476
0 0.635714 0.101429 0.025714 0.033333
0 0.421429 0.101905 0.045714 0.024762
0 0.663929 0.122857 0.029286 0.034286
0 0.751071 0.126667 0.025000 0.034286
0 0.725357 0.101905 0.020714 0.032381
0 0.673214 0.084762 0.026429 0.028571
0 0.700000 0.079524 0.027143 0.037143
0 0.751786 0.063810 0.026429 0.032381
0 0.775357 0.086667 0.025000 0.040000
0 0.791429 0.040000 0.021429 0.028571
0 0.713214 0.022381 0.030714 0.023810
0 0.684643 0.044286 0.027857 0.027619
0 0.658929 0.027619 0.029286 0.030476
0 0.375714 0.431905 0.064286 0.086667
0 0.255357 0.260952 0.057857 0.053333
0 0.213929 0.217619 0.070714 0.046667
0 0.157857 0.140952 0.054286 0.040000
0 0.381429 0.242857 0.057143 0.068571
0 0.457500 0.262381 0.043571 0.075238
0 0.758214 0.176190 0.042143 0.040000
0 0.783929 0.018095 0.029286 0.026667
1 0.597857 0.044762 0.027143 0.040000
1 0.634643 0.153333 0.029286 0.055238
0 0.846429 0.046190 0.025714 0.025714
0 0.045357 0.304286 0.090714 0.061905
0 0.945357 0.903810 0.109286 0.093333
0 0.767500 0.974286 0.157857 0.051429
4 0.685000 0.339048 0.035714 0.022857
4 0.828214 0.039524 0.009286 0.012381
4 0.822857 0.025238 0.010000 0.012381
4 0.575000 0.020476 0.017143 0.012381
4 0.265000 0.022381 0.012857 0.012381
4 0.274286 0.051429 0.010000 0.017143
3 0.546429 0.462381 0.120000 0.261905
