2 0.414250 0.755000 0.083500 0.236667
2 0.402750 0.554000 0.059500 0.140000
1 0.491500 0.536333 0.060000 0.130000
4 0.368000 0.421333 0.022000 0.038667
1 0.321500 0.311333 0.086000 0.064000
0 0.368000 0.253333 0.030000 0.054667
0 0.332000 0.207333 0.065000 0.041333
0 0.300750 0.169667 0.028500 0.042000
4 0.289250 0.154000 0.016500 0.021333
0 0.346750 0.119000 0.022500 0.030000
1 0.301000 0.024667 0.014000 0.025333
1 0.302250 0.045333 0.013500 0.026667
4 0.341500 0.033333 0.005000 0.013333
1 0.552750 0.462667 0.053500 0.097333
2 0.476750 0.274667 0.043500 0.070667
0 0.611750 0.927667 0.095500 0.140667
2 0.626750 0.533667 0.098500 0.126000
2 0.436750 0.142000 0.025500 0.044000
0 0.408500 0.121667 0.024000 0.032667
0 0.404500 0.084333 0.020000 0.024667
