0 0.135000 0.085714 0.028571 0.022857
1 0.256786 0.101429 0.032143 0.027619
0 0.477500 0.087143 0.015000 0.039048
0 0.442857 0.274762 0.014286 0.035238
0 0.455000 0.398095 0.012857 0.040000
0 0.486786 0.391429 0.013571 0.040000
0 0.489643 0.498571 0.013571 0.039048
0 0.539286 0.947619 0.015714 0.038095
1 0.515000 0.845714 0.015714 0.038095
1 0.451071 0.346667 0.015000 0.036190
3 0.477857 0.240000 0.018571 0.106667
1 0.172857 0.568095 0.021429 0.040952
0 0.144286 0.684286 0.018571 0.037143
0 0.194286 0.697143 0.014286 0.038095
0 0.209643 0.700000 0.017857 0.043810
0 0.194286 0.616667 0.032857 0.023810
2 0.174643 0.692381 0.030714 0.059048
2 0.118214 0.669524 0.026429 0.047619
4 0.257500 0.596190 0.015000 0.009524
4 0.268214 0.600476 0.013571 0.012381
4 0.258214 0.610000 0.015000 0.010476
4 0.433214 0.699048 0.010714 0.009524
4 0.434643 0.731429 0.013571 0.009524
4 0.435000 0.738571 0.014286 0.006667
4 0.435357 0.766190 0.015000 0.008571
4 0.431786 0.950476 0.006429 0.020952
4 0.424643 0.961429 0.006429 0.018095
4 0.766786 0.237143 0.006429 0.017143
1 0.898929 0.447619 0.022143 0.036190
0 0.935714 0.640000 0.028571 0.032381
4 0.771786 0.879524 0.006429 0.018095
4 0.499286 0.966190 0.005714 0.018095
4 0.485357 0.902381 0.006429 0.018095
4 0.150714 0.151905 0.008571 0.014286
4 0.156786 0.148571 0.007857 0.013333
4 0.172143 0.153333 0.005714 0.011429
4 0.178214 0.152857 0.007857 0.012381
