1 0.095000 0.061548 0.050000 0.062183
0 0.137143 0.052030 0.048571 0.055838
0 0.108929 0.177665 0.047857 0.058376
1 0.160357 0.221447 0.056429 0.072335
0 0.220000 0.282995 0.055714 0.071066
2 0.252143 0.144036 0.078571 0.112944
0 0.318214 0.346447 0.060714 0.048223
0 0.412143 0.365482 0.058571 0.076142
4 0.312143 0.195431 0.018571 0.045685
4 0.318571 0.201142 0.017143 0.049492
4 0.325357 0.208122 0.023571 0.045685
4 0.333929 0.213198 0.020714 0.050761
4 0.340000 0.216371 0.018571 0.046954
4 0.347857 0.228426 0.018571 0.045685
4 0.354286 0.230330 0.017143 0.046954
4 0.361786 0.234137 0.015000 0.041878
4 0.367500 0.243020 0.015000 0.039340
4 0.376429 0.250000 0.020000 0.043147
4 0.383571 0.256345 0.017143 0.045685
4 0.391786 0.268401 0.017857 0.039340
4 0.398571 0.267132 0.017143 0.046954
4 0.407143 0.281091 0.014286 0.041878
4 0.414286 0.287437 0.014286 0.036802
4 0.424286 0.289340 0.018571 0.048223
4 0.431071 0.296954 0.015000 0.043147
4 0.436071 0.304569 0.015000 0.043147
4 0.442857 0.316624 0.012857 0.036802
0 0.677500 0.683376 0.045000 0.105330
0 0.717857 0.411168 0.040000 0.083756
2 0.753214 0.126269 0.067857 0.217005
0 0.816071 0.083756 0.030714 0.063452
0 0.799286 0.253807 0.035714 0.076142
1 0.884643 0.658629 0.047857 0.121827
3 0.791429 0.868655 0.104286 0.260152
