2 0.358727 0.759542 0.149499 0.194656
0 0.480329 0.870229 0.080830 0.160305
1 0.679185 0.907443 0.122318 0.169847
0 0.822246 0.743798 0.050787 0.113550
0 0.882690 0.774332 0.054363 0.107824
0 0.951001 0.820134 0.062232 0.121183
0 0.963519 0.737118 0.071531 0.060115
0 0.302575 0.521469 0.061516 0.058206
0 0.693848 0.610687 0.085837 0.078244
0 0.760730 0.717080 0.059371 0.105916
1 0.700286 0.694656 0.062947 0.103053
1 0.645565 0.664599 0.060801 0.092557
1 0.297926 0.614504 0.067954 0.080153
1 0.211016 0.559160 0.062947 0.080153
1 0.247139 0.481870 0.052217 0.047710
1 0.091559 0.349714 0.058655 0.044847
1 0.077253 0.335878 0.050072 0.036260
4 0.679542 0.340649 0.008584 0.015267
4 0.457082 0.395992 0.015737 0.019084
0 0.020744 0.292939 0.041488 0.032443
0 0.061159 0.325382 0.050787 0.034351
0 0.024320 0.321565 0.047210 0.032443
0 0.117310 0.364504 0.057225 0.047710
0 0.140558 0.377863 0.067954 0.047710
0 0.157010 0.389790 0.062232 0.044847
0 0.043991 0.431298 0.039342 0.049618
1 0.185265 0.399809 0.064378 0.055344
0 0.137339 0.327290 0.047210 0.045802
4 0.140916 0.285305 0.017167 0.017176
4 0.216738 0.318702 0.021459 0.020992
4 0.988913 0.948950 0.020744 0.062023
