4 0.373214 0.409264 0.006429 0.031726
4 0.498929 0.058376 0.007857 0.012690
2 0.469286 0.175127 0.014286 0.043147
3 0.468929 0.111675 0.015000 0.093909
0 0.425000 0.201142 0.014286 0.026650
0 0.420714 0.263325 0.012857 0.029188
1 0.415714 0.348350 0.014286 0.034264
3 0.467143 0.295685 0.017143 0.071066
2 0.463929 0.392766 0.023571 0.090102
2 0.452500 0.486041 0.022143 0.086294
2 0.433571 0.758883 0.030000 0.126904
2 0.445000 0.647208 0.030000 0.114213
1 0.396429 0.677030 0.022857 0.069797
1 0.407143 0.527919 0.020000 0.055838
0 0.643571 0.411168 0.028571 0.032995
