1 0.223214 0.018095 0.063571 0.034286
0 0.320000 0.011905 0.020000 0.021905
1 0.392143 0.021429 0.020000 0.039048
1 0.418214 0.048571 0.022143 0.055238
0 0.407500 0.166190 0.026429 0.063810
4 0.355714 0.125714 0.007143 0.028571
1 0.308571 0.060000 0.027143 0.060952
1 0.298929 0.132857 0.035000 0.077143
0 0.252500 0.072381 0.029286 0.057143
0 0.200714 0.114762 0.057143 0.035238
0 0.198929 0.146667 0.057857 0.036190
0 0.152500 0.270000 0.056429 0.063810
0 0.284643 0.223333 0.032143 0.067619
2 0.395000 0.283810 0.041429 0.100952
0 0.071071 0.347619 0.017857 0.028571
0 0.073214 0.372381 0.023571 0.020952
0 0.064286 0.389524 0.024286 0.013333
0 0.066429 0.402381 0.022857 0.014286
4 0.054643 0.438571 0.030714 0.021905
1 0.043214 0.548571 0.065000 0.047619
0 0.410714 0.601905 0.074286 0.062857
0 0.130357 0.740952 0.053571 0.099048
0 0.162143 0.870000 0.048571 0.115238
1 0.568214 0.570000 0.067857 0.040952
1 0.554643 0.628095 0.070714 0.044762
1 0.688929 0.624762 0.063571 0.043810
