4 0.150000 0.734762 0.015714 0.018095
1 0.287143 0.760952 0.037143 0.051429
2 0.293571 0.871905 0.047143 0.065714
0 0.437143 0.697143 0.030000 0.034286
1 0.472143 0.659048 0.022857 0.030476
1 0.380714 0.548571 0.027143 0.026667
0 0.413929 0.520000 0.022143 0.020952
1 0.438571 0.502381 0.022857 0.023810
0 0.462143 0.481429 0.024286 0.025714
0 0.435000 0.348571 0.018571 0.017143
0 0.645714 0.256667 0.011429 0.012381
1 0.596071 0.179048 0.009286 0.011429
0 0.654643 0.114762 0.007857 0.008571
4 0.479286 0.463333 0.010000 0.012381
4 0.526429 0.447143 0.005714 0.010476
1 0.543929 0.051905 0.009286 0.006667
0 0.576071 0.053333 0.007857 0.005714
0 0.619643 0.038571 0.007857 0.006667
0 0.677500 0.084286 0.005000 0.006667
