0 0.531250 0.324333 0.042500 0.020667
0 0.374750 0.317667 0.040500 0.024667
0 0.321000 0.319667 0.039000 0.023333
1 0.266000 0.315667 0.038000 0.024667
0 0.204250 0.316000 0.042500 0.024000
4 0.259500 0.246667 0.007000 0.017333
4 0.654250 0.238667 0.006500 0.014667
4 0.662000 0.240000 0.008000 0.016000
4 0.673750 0.247000 0.005500 0.015333
4 0.681500 0.249000 0.007000 0.019333
4 0.688750 0.253333 0.008500 0.014667
4 0.712000 0.263000 0.007000 0.011333
4 0.720000 0.268000 0.006000 0.014667
4 0.727250 0.269667 0.007500 0.015333
4 0.737500 0.272667 0.006000 0.013333
