0 0.385000 0.645238 0.078571 0.155238
0 0.370714 0.452381 0.054286 0.142857
0 0.391786 0.295238 0.053571 0.144762
0 0.380714 0.101429 0.044286 0.119048
2 0.365000 0.846190 0.055714 0.187619
1 0.252500 0.767143 0.069286 0.162857
4 0.183571 0.842857 0.021429 0.066667
4 0.279286 0.517143 0.032857 0.043810
0 0.434286 0.928571 0.052857 0.140952
0 0.507857 0.939048 0.052857 0.121905
0 0.718929 0.720952 0.057857 0.160000
0 0.808214 0.684286 0.117857 0.075238
0 0.802143 0.597619 0.115714 0.071429
0 0.794643 0.521429 0.119286 0.075238
0 0.791429 0.434286 0.100000 0.068571
0 0.778929 0.369524 0.106429 0.070476
0 0.774643 0.235238 0.103571 0.066667
0 0.757857 0.169048 0.098571 0.067619
0 0.676071 0.181429 0.047857 0.117143
0 0.691429 0.347143 0.051429 0.128571
1 0.705714 0.510000 0.051429 0.117143
0 0.968214 0.312381 0.063571 0.066667
0 0.973571 0.242381 0.052857 0.065714
0 0.949643 0.126190 0.100714 0.067619
0 0.951429 0.061905 0.097143 0.068571
0 0.743571 0.013333 0.080000 0.026667
4 0.616071 0.083810 0.015000 0.062857
4 0.608214 0.823810 0.032143 0.083810
2 0.668929 0.893333 0.076429 0.213333
4 0.313571 0.304286 0.035714 0.035238
