1 0.511071 0.894670 0.027857 0.114213
0 0.423571 0.904822 0.027143 0.093909
0 0.311071 0.938452 0.029286 0.079949
0 0.347500 0.985406 0.030714 0.026650
0 0.256786 0.973985 0.033571 0.049492
0 0.382500 0.625000 0.026429 0.067259
0 0.450000 0.389594 0.021429 0.055838
0 0.480000 0.333122 0.015714 0.041878
0 0.418929 0.201777 0.016429 0.035533
0 0.488571 0.074873 0.017143 0.038071
0 0.412143 0.034264 0.017143 0.030457
3 0.510714 0.134518 0.017143 0.073604
2 0.381071 0.291244 0.037857 0.112944
2 0.245714 0.275381 0.032857 0.104061
1 0.100357 0.954949 0.039286 0.087563
0 0.158929 0.804569 0.029286 0.078680
1 0.170000 0.673858 0.027143 0.076142
1 0.086071 0.682741 0.030714 0.063452
1 0.136786 0.454949 0.027857 0.046954
1 0.223214 0.424492 0.025000 0.059645
1 0.202500 0.176396 0.017857 0.040609
1 0.224286 0.079949 0.017143 0.038071
1 0.100714 0.614213 0.028571 0.048223
0 0.114286 0.564086 0.024286 0.046954
0 0.126071 0.509518 0.026429 0.052030
0 0.149286 0.406726 0.022857 0.044416
0 0.174643 0.286802 0.019286 0.032995
0 0.240714 0.017132 0.017143 0.024112
0 0.235714 0.038706 0.018571 0.024112
0 0.230714 0.059645 0.015714 0.025381
