4 0.287056 0.885436 0.019833 0.058442
4 0.886482 0.853896 0.019311 0.054731
4 0.780010 0.663729 0.028706 0.041744
4 0.754175 0.628015 0.024008 0.029685
0 0.576461 0.425788 0.023486 0.035250
2 0.414405 0.481447 0.051148 0.038961
1 0.432933 0.463822 0.053758 0.040816
4 0.530010 0.459647 0.007829 0.021336
4 0.518006 0.462894 0.007829 0.025974
0 0.605167 0.366883 0.036013 0.038033
4 0.504697 0.410019 0.006263 0.020408
0 0.534186 0.291744 0.014092 0.023191
4 0.517484 0.278757 0.003653 0.012059
4 0.553758 0.234694 0.004175 0.011132
4 0.526618 0.218924 0.005219 0.007421
4 0.536273 0.212430 0.003653 0.009276
4 0.535752 0.170686 0.002610 0.007421
0 0.538883 0.167904 0.005741 0.009276
