3 0.241429 0.117619 0.125714 0.210476
3 0.187500 0.063810 0.109286 0.127619
0 0.122143 0.825714 0.134286 0.245714
4 0.592857 0.381429 0.015714 0.065714
4 0.611786 0.407619 0.022143 0.059048
4 0.664286 0.411429 0.017143 0.064762
4 0.690357 0.398571 0.022143 0.069524
4 0.711071 0.407619 0.016429 0.072381
1 0.702857 0.162381 0.054286 0.105714
1 0.773214 0.183810 0.060714 0.106667
1 0.847857 0.174762 0.088571 0.113333
0 0.883214 0.018095 0.079286 0.036190
0 0.797857 0.018095 0.044286 0.036190
0 0.752857 0.019048 0.048571 0.038095
0 0.705357 0.019048 0.039286 0.038095
0 0.664643 0.018095 0.040714 0.036190
0 0.625714 0.021905 0.040000 0.041905
1 0.559643 0.148095 0.065000 0.096190
