4 0.282359 0.710111 0.025052 0.034323
0 0.284708 0.811688 0.092380 0.085343
2 0.402923 0.409555 0.034447 0.065863
0 0.530271 0.441095 0.045929 0.034323
0 0.498173 0.210111 0.010960 0.013915
2 0.820198 0.248609 0.023486 0.018553
4 0.443633 0.458256 0.007307 0.027829
4 0.423278 0.739796 0.010438 0.045455
0 0.417276 0.209647 0.018267 0.014842
1 0.507568 0.267161 0.010960 0.025974
4 0.442067 0.303340 0.004175 0.016698
4 0.454071 0.283395 0.005219 0.013915
0 0.409708 0.286642 0.026096 0.022263
2 0.436065 0.172078 0.009916 0.025046
1 0.459812 0.137755 0.012526 0.012059
