4 0.680250 0.578000 0.078500 0.058667
4 0.907250 0.337000 0.054500 0.091333
4 0.847000 0.294333 0.045000 0.103333
4 0.090500 0.286333 0.093000 0.043333
4 0.274250 0.256667 0.079500 0.042667
4 0.268500 0.222333 0.081000 0.044667
4 0.272000 0.194333 0.074000 0.040667
4 0.353000 0.197000 0.075000 0.074000
4 0.352500 0.241667 0.063000 0.063333
4 0.369750 0.276000 0.058500 0.069333
4 0.404750 0.274333 0.037500 0.076667
4 0.434250 0.247333 0.039500 0.100000
4 0.466500 0.239667 0.040000 0.090000
4 0.832000 0.080000 0.055000 0.113333
4 0.879000 0.012000 0.065000 0.024000
4 0.563500 0.075333 0.044000 0.074667
1 0.326250 0.088667 0.209500 0.153333
4 0.244250 0.010667 0.073500 0.021333
