0 0.438929 0.970476 0.080714 0.059048
0 0.459643 0.932381 0.079286 0.060952
4 0.636071 0.926190 0.017857 0.037143
0 0.701429 0.932381 0.081429 0.057143
0 0.406786 0.736667 0.070714 0.061905
0 0.423571 0.692857 0.064286 0.054286
0 0.424643 0.648095 0.065000 0.052381
0 0.435357 0.609048 0.067857 0.052381
0 0.454643 0.462381 0.060714 0.048571
0 0.459643 0.428571 0.057857 0.043810
1 0.462143 0.394286 0.054286 0.045714
4 0.541786 0.340000 0.022143 0.024762
4 0.449643 0.329048 0.023571 0.023810
0 0.467500 0.308571 0.046429 0.055238
0 0.479643 0.277619 0.046429 0.056190
0 0.487500 0.241429 0.046429 0.046667
0 0.491071 0.146667 0.033571 0.045714
4 0.488929 0.100476 0.020714 0.020000
