1 0.039666 0.292208 0.044885 0.037106
0 0.162578 0.253247 0.048539 0.038961
4 0.311848 0.169295 0.006785 0.019481
4 0.560804 0.686920 0.012004 0.052876
4 0.604906 0.521800 0.008351 0.028757
4 0.568633 0.445733 0.008873 0.030612
4 0.551931 0.378942 0.007829 0.036178
0 0.614562 0.348330 0.023486 0.045455
0 0.884395 0.966605 0.099687 0.064935
1 0.782098 0.954545 0.053758 0.089054
1 0.774269 0.849722 0.045407 0.120594
4 0.769050 0.543135 0.018267 0.036178
4 0.746347 0.467069 0.017745 0.030612
0 0.729123 0.564471 0.028184 0.075139
0 0.713466 0.363173 0.048017 0.039889
4 0.692067 0.384972 0.019833 0.018553
4 0.670407 0.339518 0.009916 0.018553
4 0.641701 0.282468 0.010960 0.021336
4 0.690240 0.297310 0.004697 0.025046
4 0.681628 0.290816 0.013570 0.021336
0 0.632307 0.260668 0.021399 0.042672
0 0.624478 0.224026 0.021399 0.043599
4 0.700678 0.257885 0.013048 0.018553
4 0.683194 0.240260 0.015658 0.020408
4 0.704071 0.182746 0.015658 0.016698
4 0.689457 0.171614 0.013570 0.020408
1 0.676409 0.183673 0.032359 0.042672
0 0.623173 0.185065 0.030271 0.038033
0 0.569154 0.191558 0.016180 0.034323
4 0.578027 0.261132 0.006785 0.025046
4 0.532359 0.178108 0.009395 0.024119
4 0.519311 0.158627 0.011482 0.014842
4 0.637265 0.156308 0.012526 0.017625
0 0.602557 0.073748 0.013048 0.032468
4 0.670407 0.150278 0.013048 0.020408
4 0.630741 0.070037 0.010960 0.015770
4 0.643006 0.071429 0.010438 0.012987
4 0.615866 0.057978 0.006263 0.019481
4 0.592380 0.051484 0.004175 0.013915
4 0.610647 0.031076 0.005219 0.017625
0 0.539666 0.064935 0.022965 0.037106
1 0.544624 0.031076 0.024530 0.030612
1 0.560282 0.016698 0.025574 0.025974
0 0.703810 0.011596 0.023486 0.021336
