1 0.031786 0.658629 0.063571 0.081218
0 0.006786 0.779822 0.013571 0.067259
0 0.034286 0.765228 0.031429 0.083756
0 0.066429 0.770305 0.030000 0.078680
1 0.028929 0.849619 0.035000 0.100254
4 0.094286 0.609137 0.012857 0.040609
4 0.107857 0.601523 0.011429 0.038071
4 0.118214 0.600888 0.012143 0.036802
4 0.128214 0.593274 0.009286 0.044416
4 0.138929 0.577411 0.013571 0.035533
4 0.146786 0.525381 0.025000 0.027919
4 0.149643 0.508883 0.025000 0.027919
4 0.147143 0.495558 0.024286 0.021574
4 0.145714 0.473985 0.024286 0.024112
0 0.130357 0.226523 0.016429 0.041878
1 0.151429 0.219543 0.015714 0.045685
4 0.179286 0.242386 0.005714 0.022843
4 0.186429 0.239213 0.007143 0.026650
4 0.238571 0.233503 0.015714 0.020305
4 0.226786 0.227792 0.017857 0.019036
1 0.222857 0.251904 0.034286 0.034264
1 0.228214 0.265228 0.037857 0.035533
0 0.228571 0.282360 0.031429 0.029188
4 0.161786 0.328680 0.020714 0.022843
4 0.162500 0.336929 0.019286 0.019036
0 0.158214 0.355330 0.033571 0.027919
0 0.201786 0.445431 0.026429 0.050761
1 0.227857 0.354061 0.020000 0.035533
0 0.221429 0.316624 0.018571 0.036802
4 0.270000 0.286168 0.015714 0.019036
0 0.568571 0.886421 0.022857 0.090102
0 0.552143 0.690990 0.020000 0.067259
1 0.545357 0.586929 0.019286 0.059645
1 0.577857 0.573604 0.018571 0.055838
1 0.579286 0.509518 0.017143 0.052030
1 0.580714 0.432107 0.017143 0.059645
1 0.571071 0.373096 0.020714 0.050761
0 0.554643 0.329315 0.023571 0.039340
0 0.531429 0.242386 0.030000 0.035533
2 0.513214 0.198604 0.020714 0.054569
2 0.497143 0.149112 0.024286 0.052030
