0 0.577250 0.439000 0.062500 0.034000
0 0.499250 0.433000 0.060500 0.038000
0 0.417500 0.427000 0.061000 0.036667
0 0.741000 0.449000 0.069000 0.035333
0 0.797000 0.436000 0.044000 0.036000
0 0.832250 0.309333 0.042500 0.022667
0 0.788250 0.273000 0.024500 0.016667
0 0.840750 0.238667 0.024500 0.013333
0 0.212750 0.419333 0.056500 0.030667
0 0.080250 0.412000 0.055500 0.030667
1 0.408750 0.289333 0.032500 0.018667
0 0.492500 0.248000 0.024000 0.012000
0 0.015000 0.460000 0.030000 0.036000
0 0.025250 0.409667 0.050500 0.030000
4 0.067250 0.583667 0.036500 0.034000
0 0.174750 0.474000 0.065500 0.036000
0 0.152500 0.415333 0.057000 0.028000
0 0.316750 0.484667 0.070500 0.038667
0 0.365500 0.387667 0.032000 0.027333
0 0.327750 0.352000 0.042500 0.024000
0 0.340250 0.341333 0.040500 0.021333
0 0.437500 0.348000 0.046000 0.024000
0 0.412000 0.336000 0.026000 0.021333
0 0.424250 0.280667 0.032500 0.016000
0 0.432250 0.275333 0.029500 0.017333
0 0.440000 0.271333 0.027000 0.017333
0 0.450250 0.269000 0.025500 0.016667
0 0.458500 0.265333 0.026000 0.016000
0 0.509750 0.240000 0.023500 0.012000
2 0.460250 0.282000 0.029500 0.034667
4 0.504500 0.337333 0.007000 0.014667
4 0.385500 0.298000 0.010000 0.012000
0 0.260750 0.222333 0.014500 0.008667
0 0.269750 0.220000 0.014500 0.008000
0 0.273250 0.218333 0.013500 0.007333
0 0.265500 0.215000 0.015000 0.008667
0 0.256000 0.214667 0.013000 0.009333
1 0.395250 0.484667 0.060500 0.046667
0 0.468250 0.494333 0.068500 0.042000
0 0.802250 0.227667 0.018500 0.011333
0 0.802500 0.239667 0.020000 0.014000
0 0.823500 0.233667 0.024000 0.011333
0 0.816250 0.230333 0.021500 0.011333
1 0.877500 0.268667 0.033000 0.016000
1 0.855500 0.273667 0.040000 0.022000
1 0.733500 0.285000 0.031000 0.015333
2 0.740250 0.301000 0.050500 0.035333
0 0.824250 0.303333 0.037500 0.017333
0 0.824000 0.297667 0.037000 0.015333
0 0.860250 0.365667 0.048500 0.030000
2 0.886000 0.372667 0.075000 0.046667
1 0.676750 0.508000 0.065500 0.053333
4 0.734500 0.514667 0.019000 0.025333
0 0.850500 0.523333 0.089000 0.044000
0 0.952500 0.532333 0.095000 0.046000
1 0.909250 0.487000 0.086500 0.050000
4 0.710750 0.635333 0.037500 0.037333
4 0.694250 0.650000 0.035500 0.033333
4 0.731250 0.667667 0.033500 0.030000
4 0.724500 0.682000 0.040000 0.042667
4 0.734750 0.714667 0.040500 0.038667
4 0.718250 0.729667 0.040500 0.035333
4 0.765250 0.741000 0.016500 0.055333
4 0.732500 0.739333 0.037000 0.032000
4 0.733250 0.751000 0.041500 0.032667
4 0.749000 0.798333 0.048000 0.034000
4 0.740000 0.812333 0.042000 0.038000
0 0.987500 0.218667 0.014000 0.010667
0 0.994000 0.221333 0.012000 0.013333
1 0.995750 0.226667 0.008500 0.013333
0 0.996500 0.232667 0.007000 0.010667
