0 0.430063 0.197588 0.034447 0.094620
1 0.446503 0.116419 0.028706 0.076994
0 0.462944 0.050093 0.032359 0.074212
2 0.505741 0.250928 0.043841 0.127087
2 0.560543 0.160019 0.082463 0.097403
4 0.696242 0.023655 0.014614 0.021336
4 0.668058 0.051948 0.022965 0.024119
4 0.687891 0.070501 0.019833 0.029685
4 0.687109 0.106679 0.017223 0.027829
4 0.699113 0.128015 0.022443 0.025974
4 0.689457 0.184601 0.025052 0.024119
4 0.688935 0.205009 0.020877 0.020408
4 0.615866 0.238404 0.022965 0.027829
4 0.681889 0.261132 0.024530 0.032468
4 0.654749 0.305195 0.020355 0.022263
4 0.646921 0.458720 0.025574 0.021336
4 0.517223 0.466605 0.011482 0.038961
2 0.641180 0.763451 0.064196 0.070501
4 0.601775 0.866419 0.028184 0.029685
1 0.782620 0.800557 0.029749 0.076067
2 0.287056 0.841837 0.114823 0.314471
0 0.358820 0.563544 0.050626 0.123377
2 0.381002 0.425325 0.040710 0.119666
