0 0.532500 0.645238 0.050714 0.090476
0 0.122143 0.035238 0.017143 0.024762
0 0.133929 0.079524 0.015000 0.023810
0 0.140714 0.099048 0.017143 0.026667
0 0.051071 0.171905 0.046429 0.029524
0 0.053214 0.189048 0.043571 0.023810
2 0.083929 0.042381 0.030714 0.052381
2 0.095000 0.081905 0.025714 0.040000
4 0.486429 0.576667 0.021429 0.035238
4 0.389286 0.608571 0.025714 0.028571
4 0.347143 0.706667 0.027143 0.019048
4 0.376429 0.594762 0.034286 0.029524
4 0.351786 0.316190 0.009286 0.022857
4 0.226429 0.035238 0.007143 0.019048
1 0.715357 0.119524 0.030714 0.029524
4 0.258214 0.713333 0.027857 0.024762
