0 0.047500 0.162857 0.093571 0.076190
0 0.069643 0.063810 0.075000 0.059048
1 0.131429 0.221429 0.100000 0.166667
1 0.230357 0.228571 0.085000 0.148571
1 0.308571 0.250000 0.060000 0.111429
4 0.248214 0.101429 0.027857 0.054286
1 0.360714 0.695238 0.107143 0.245714
1 0.503571 0.255714 0.097143 0.145714
4 0.369286 0.100000 0.014286 0.049524
4 0.383571 0.099524 0.012857 0.042857
4 0.402857 0.100000 0.012857 0.040000
4 0.440000 0.096667 0.014286 0.042857
4 0.455714 0.108571 0.014286 0.043810
4 0.543571 0.030476 0.017143 0.030476
0 0.095000 0.736667 0.172857 0.301905
0 0.227143 0.723810 0.120000 0.253333
3 0.943929 0.190476 0.112143 0.220952
3 0.659286 0.044762 0.094286 0.089524
