0 0.257307 0.531076 0.044885 0.030612
0 0.314196 0.624768 0.044885 0.034323
0 0.527140 0.781540 0.027140 0.086271
0 0.552192 0.935065 0.026096 0.102041
0 0.599687 0.942950 0.025052 0.097403
0 0.601775 0.815399 0.024008 0.076067
0 0.691284 0.974026 0.030793 0.050093
0 0.701983 0.781540 0.024008 0.069573
0 0.574635 0.680891 0.022965 0.064935
0 0.550365 0.620594 0.021399 0.055659
0 0.646138 0.604824 0.018789 0.044527
0 0.583768 0.527829 0.018267 0.050093
0 0.561065 0.505102 0.016701 0.045455
0 0.646138 0.480983 0.016701 0.036178
0 0.573069 0.433210 0.017745 0.038961
0 0.579332 0.350649 0.013570 0.029685
0 0.600992 0.325603 0.012004 0.024119
0 0.666493 0.440631 0.016701 0.037106
0 0.592380 0.248145 0.010438 0.023191
0 0.618215 0.223098 0.008873 0.019481
0 0.940501 0.708256 0.061587 0.047310
0 0.651096 0.235622 0.010960 0.022263
0 0.650835 0.194805 0.009395 0.016698
1 0.637787 0.197588 0.009395 0.025974
1 0.645877 0.125232 0.007829 0.012987
1 0.641962 0.098330 0.007307 0.014842
0 0.635960 0.064935 0.003653 0.011132
0 0.642745 0.047310 0.005741 0.012987
0 0.612996 0.035250 0.004697 0.012987
3 0.599687 0.019017 0.012526 0.023191
1 0.755480 0.284787 0.019311 0.024119
1 0.747129 0.254638 0.027662 0.023191
1 0.739040 0.233302 0.019833 0.019481
1 0.737735 0.223098 0.023486 0.015770
0 0.723643 0.179963 0.018267 0.012987
1 0.718946 0.162801 0.015136 0.012059
1 0.724687 0.149351 0.015136 0.014842
1 0.716858 0.147032 0.013048 0.012059
1 0.684499 0.075139 0.005741 0.012987
1 0.696242 0.070501 0.012526 0.009276
1 0.704071 0.204082 0.009395 0.018553
1 0.726775 0.108534 0.016180 0.011132
1 0.711900 0.121058 0.017745 0.013915
4 0.503132 0.387291 0.004175 0.006494
4 0.519572 0.409555 0.005741 0.012059
4 0.525835 0.415121 0.004697 0.013915
4 0.489823 0.490724 0.005741 0.012987
4 0.696764 0.474026 0.007307 0.016698
4 0.789405 0.570037 0.005741 0.013915
4 0.738257 0.448052 0.004697 0.011132
0 0.696764 0.136364 0.007307 0.014842
