0 0.437857 0.817259 0.050000 0.035533
0 0.701071 0.741751 0.056429 0.039340
0 0.925357 0.756345 0.052143 0.045685
0 0.255357 0.824873 0.042143 0.032995
0 0.176786 0.675127 0.052143 0.035533
0 0.375357 0.598985 0.052143 0.032995
0 0.345714 0.661168 0.050000 0.030457
0 0.163214 0.618655 0.052143 0.039340
0 0.299286 0.604695 0.047143 0.036802
0 0.050357 0.692893 0.052143 0.040609
0 0.486786 0.130076 0.053571 0.036802
1 0.477857 0.032360 0.048571 0.039340
1 0.476786 0.082487 0.050714 0.038071
1 0.578929 0.770305 0.053571 0.040609
1 0.099643 0.816624 0.052143 0.036802
1 0.875714 0.706218 0.061429 0.044416
1 0.221429 0.613579 0.052857 0.036802
1 0.082143 0.631980 0.057143 0.040609
3 0.253929 0.683376 0.072143 0.044416
3 0.721786 0.812183 0.140714 0.078680
