0 0.167143 0.862944 0.051429 0.060914
0 0.010000 0.867386 0.020000 0.054569
0 0.006429 0.342640 0.012857 0.032995
1 0.118929 0.691624 0.042143 0.068528
1 0.312857 0.550127 0.044286 0.044416
0 0.383214 0.528553 0.042143 0.039340
0 0.505357 0.479061 0.039286 0.039340
3 0.374643 0.067893 0.056429 0.118020
3 0.403929 0.067259 0.050714 0.119289
3 0.356786 0.169416 0.056429 0.125635
3 0.376786 0.194162 0.037857 0.096447
3 0.425000 0.302030 0.054286 0.081218
3 0.434643 0.270305 0.077857 0.111675
3 0.443929 0.236041 0.079286 0.109137
3 0.446786 0.199239 0.076429 0.106599
3 0.472500 0.189721 0.045000 0.067259
3 0.466786 0.145939 0.077857 0.109137
3 0.469643 0.112944 0.077857 0.101523
3 0.471786 0.078680 0.073571 0.098985
3 0.490714 0.034898 0.060000 0.069797
3 0.502500 0.024112 0.060714 0.048223
1 0.859643 0.989848 0.047857 0.017766
0 0.617500 0.242386 0.020714 0.055838
0 0.666786 0.368020 0.026429 0.063452
3 0.663929 0.182741 0.030714 0.086294
