1 0.393214 0.035238 0.026429 0.070476
0 0.278929 0.080476 0.057857 0.075238
0 0.261071 0.042857 0.060714 0.074286
0 0.392500 0.137619 0.029286 0.077143
0 0.393214 0.313810 0.027857 0.094286
0 0.275000 0.394286 0.074286 0.041905
0 0.525357 0.015714 0.026429 0.029524
4 0.496071 0.233810 0.010714 0.033333
0 0.528214 0.292857 0.027857 0.086667
4 0.524643 0.395714 0.016429 0.040952
0 0.479286 0.478571 0.032857 0.090476
0 0.543214 0.610952 0.037857 0.101905
0 0.278571 0.585238 0.075714 0.046667
4 0.241071 0.532381 0.019286 0.034286
4 0.250000 0.437619 0.030000 0.016190
0 0.274286 0.691429 0.072857 0.038095
0 0.272857 0.746667 0.071429 0.041905
0 0.398929 0.855238 0.029286 0.097143
0 0.483571 0.846190 0.027143 0.098095
0 0.541429 0.840476 0.028571 0.100000
0 0.541429 0.719524 0.028571 0.096190
4 0.449286 0.768095 0.012857 0.031429
0 0.403214 0.967619 0.030714 0.064762
0 0.441786 0.980476 0.027857 0.039048
