4 0.307857 0.059048 0.017143 0.017143
4 0.288214 0.178571 0.009286 0.031429
4 0.306429 0.549048 0.028571 0.012381
4 0.318929 0.526190 0.022143 0.014286
4 0.285714 0.532857 0.027143 0.018095
4 0.403214 0.548095 0.010714 0.037143
4 0.377500 0.906667 0.022143 0.032381
0 0.252500 0.952857 0.085000 0.052381
0 0.351429 0.862857 0.078571 0.095238
1 0.502143 0.664762 0.034286 0.081905
4 0.632143 0.636667 0.011429 0.037143
4 0.643214 0.623810 0.010714 0.030476
4 0.659286 0.631429 0.008571 0.032381
4 0.684643 0.616190 0.022143 0.028571
0 0.784286 0.700000 0.070000 0.081905
0 0.750714 0.943333 0.082857 0.058095
2 0.794286 0.859524 0.125714 0.071429
1 0.946071 0.919048 0.099286 0.060952
0 0.975714 0.705714 0.048571 0.097143
0 0.938571 0.717143 0.047143 0.097143
0 0.488214 0.547143 0.032143 0.086667
2 0.446786 0.498095 0.035000 0.116190
4 0.460000 0.009524 0.004286 0.019048
0 0.515357 0.024286 0.055000 0.035238
1 0.518929 0.049048 0.052143 0.046667
0 0.553929 0.070476 0.053571 0.036190
0 0.528571 0.125238 0.057143 0.040952
0 0.460000 0.071429 0.022857 0.055238
0 0.460000 0.126667 0.025714 0.059048
1 0.437143 0.206190 0.025714 0.061905
1 0.475000 0.282857 0.025714 0.070476
1 0.406071 0.180000 0.027857 0.085714
4 0.590714 0.119524 0.010000 0.023810
4 0.642500 0.189524 0.015000 0.011429
4 0.615357 0.204286 0.012143 0.031429
4 0.566786 0.201429 0.007857 0.027619
4 0.538929 0.205238 0.020714 0.029524
4 0.532500 0.241905 0.005000 0.024762
4 0.500714 0.406190 0.010000 0.033333
