0 0.952143 0.640863 0.044286 0.098985
0 0.811429 0.852157 0.071429 0.102792
0 0.670714 0.885152 0.062857 0.100254
0 0.501071 0.904188 0.066429 0.112944
0 0.710357 0.602792 0.050714 0.073604
0 0.626786 0.477157 0.043571 0.055838
1 0.365357 0.399112 0.062143 0.090102
1 0.362500 0.303299 0.059286 0.078680
1 0.610714 0.077411 0.047143 0.060914
1 0.660714 0.026650 0.044286 0.053299
1 0.345000 0.159264 0.045714 0.064721
0 0.264643 0.230330 0.039286 0.057107
1 0.214643 0.470812 0.052143 0.086294
1 0.193929 0.526650 0.049286 0.086294
1 0.173929 0.583756 0.052143 0.091371
1 0.157143 0.675127 0.058571 0.106599
0 0.151071 0.906091 0.053571 0.116751
3 0.037857 0.748096 0.075714 0.191624
3 0.049643 0.415609 0.076429 0.181472
1 0.020357 0.493655 0.033571 0.093909
3 0.126429 0.211294 0.121429 0.145939
3 0.245357 0.117386 0.107857 0.130711
1 0.324643 0.071066 0.037857 0.058376
2 0.381071 0.028553 0.059286 0.057107
4 0.498214 0.138325 0.013571 0.017766
4 0.468929 0.141497 0.013571 0.021574
4 0.491786 0.118020 0.016429 0.020305
4 0.519286 0.088198 0.017143 0.024112
0 0.715714 0.981599 0.075714 0.034264
3 0.082857 0.923858 0.081429 0.149746
