0 0.634643 0.011429 0.022143 0.022857
4 0.512857 0.018095 0.018571 0.015238
4 0.514286 0.029048 0.020000 0.016190
4 0.491429 0.062857 0.018571 0.028571
4 0.493929 0.081429 0.019286 0.021905
4 0.502857 0.095714 0.020000 0.020000
4 0.481071 0.200952 0.023571 0.020952
4 0.636786 0.289048 0.020714 0.027619
4 0.633571 0.308571 0.014286 0.026667
4 0.462500 0.282381 0.025000 0.023810
4 0.461786 0.299048 0.023571 0.024762
4 0.447143 0.391429 0.022857 0.028571
4 0.442500 0.410476 0.026429 0.020952
4 0.500357 0.455714 0.013571 0.042857
4 0.459643 0.684286 0.012143 0.039048
4 0.599643 0.777619 0.030714 0.023810
4 0.583929 0.894762 0.029286 0.018095
4 0.581071 0.933810 0.020714 0.042857
4 0.601786 0.460000 0.027857 0.026667
0 0.540000 0.036190 0.027143 0.053333
0 0.529643 0.095238 0.025000 0.059048
0 0.519286 0.155714 0.027143 0.061905
0 0.610714 0.260000 0.027143 0.066667
0 0.490357 0.318095 0.032143 0.072381
0 0.482500 0.401905 0.030714 0.080000
0 0.496429 0.577143 0.034286 0.087619
0 0.356429 0.473333 0.075714 0.051429
1 0.319643 0.522857 0.056429 0.038095
0 0.409286 0.553333 0.078571 0.049524
0 0.436786 0.644762 0.039286 0.102857
0 0.522857 0.682857 0.045714 0.110476
0 0.563571 0.742381 0.035714 0.096190
0 0.393214 0.906190 0.050714 0.132381
0 0.541786 0.944286 0.043571 0.111429
