1 0.582500 0.956667 0.058000 0.085333
2 0.667250 0.886667 0.180500 0.209333
0 0.637250 0.783667 0.090500 0.058000
0 0.766000 0.764667 0.118000 0.069333
0 0.683500 0.707000 0.094000 0.058000
0 0.717750 0.661333 0.085500 0.052000
0 0.575750 0.686667 0.086500 0.053333
1 0.623250 0.627667 0.079500 0.048667
1 0.598000 0.551667 0.060000 0.050000
4 0.576000 0.456667 0.015000 0.012000
4 0.572250 0.480667 0.016500 0.017333
0 0.553250 0.471333 0.044500 0.022667
0 0.552500 0.461333 0.022000 0.017333
4 0.540750 0.439333 0.012500 0.012000
0 0.578250 0.404000 0.030500 0.016000
1 0.524000 0.425000 0.030000 0.027333
0 0.515500 0.481333 0.025000 0.030667
0 0.492000 0.507667 0.031000 0.034000
0 0.498250 0.411667 0.036500 0.019333
4 0.499000 0.382333 0.003000 0.010000
1 0.467000 0.417333 0.011000 0.022667
0 0.474500 0.385000 0.015000 0.015333
1 0.457250 0.380333 0.011500 0.018000
0 0.470500 0.340667 0.015000 0.010667
0 0.406250 0.340667 0.020500 0.010667
1 0.376500 0.364333 0.009000 0.016667
4 0.384500 0.391667 0.004000 0.008667
4 0.391500 0.406333 0.005000 0.011333
4 0.406750 0.452667 0.006500 0.014667
0 0.277500 0.766000 0.051000 0.101333
0 0.305750 0.671333 0.037500 0.068000
0 0.462000 0.664333 0.061000 0.058000
0 0.319750 0.595667 0.033500 0.052667
0 0.334000 0.530667 0.029000 0.041333
4 0.400750 0.560000 0.010500 0.022667
4 0.394250 0.496333 0.008500 0.018000
4 0.387000 0.484333 0.007000 0.018000
4 0.389750 0.466667 0.005500 0.013333
1 0.303750 0.354000 0.023500 0.014667
0 0.337250 0.346000 0.020500 0.012000
0 0.828000 0.486000 0.042000 0.032000
1 0.930750 0.494667 0.049500 0.038667
0 0.917500 0.345333 0.025000 0.017333
0 0.859750 0.352667 0.021500 0.016000
0 0.860250 0.347667 0.022500 0.016667
