0 0.798278 0.820037 0.093424 0.089054
0 0.727557 0.729592 0.078288 0.078850
0 0.467902 0.916048 0.052714 0.158627
0 0.424322 0.843228 0.062630 0.146568
0 0.567850 0.310761 0.021921 0.053803
2 0.333507 0.227273 0.054280 0.053803
1 0.337944 0.274119 0.037056 0.039889
4 0.318372 0.587199 0.012526 0.046382
4 0.307150 0.582096 0.009916 0.047310
4 0.295929 0.582560 0.011482 0.042672
4 0.289144 0.583952 0.010438 0.038033
4 0.280010 0.580241 0.014092 0.038033
4 0.252610 0.586735 0.010438 0.043599
4 0.243998 0.586735 0.014092 0.045455
4 0.239301 0.573748 0.013048 0.036178
4 0.230428 0.583024 0.010960 0.039889
4 0.218163 0.591837 0.014614 0.038961
4 0.207463 0.572820 0.017223 0.038033
4 0.195198 0.566790 0.015658 0.033395
4 0.196242 0.587199 0.016701 0.044527
4 0.182933 0.588590 0.020355 0.045455
4 0.169624 0.602041 0.026096 0.042672
1 0.615084 0.015306 0.010960 0.028757
