0 0.539286 0.264762 0.057143 0.127619
2 0.636071 0.167619 0.069286 0.179048
0 0.482857 0.081905 0.080000 0.129524
0 0.131071 0.038095 0.097857 0.059048
0 0.124643 0.467143 0.096429 0.060000
1 0.271429 0.562857 0.037143 0.102857
0 0.866071 0.696667 0.109286 0.058095
0 0.862500 0.623810 0.096429 0.051429
0 0.863214 0.556190 0.096429 0.055238
0 0.937857 0.461905 0.057143 0.139048
0 0.981786 0.464762 0.036429 0.131429
1 0.940357 0.325238 0.092143 0.077143
1 0.868929 0.968571 0.095000 0.060952
1 0.865000 0.902857 0.088571 0.057143
0 0.869286 0.833333 0.105714 0.062857
0 0.866429 0.765714 0.102857 0.064762
2 0.089286 0.371905 0.132857 0.069524
4 0.341786 0.138095 0.037857 0.030476
4 0.428571 0.439524 0.014286 0.054286
4 0.227500 0.438095 0.022143 0.049524
2 0.258929 0.734286 0.062143 0.186667
