0 0.377857 0.662857 0.047143 0.163810
0 0.449286 0.618571 0.047143 0.141905
0 0.673571 0.593333 0.041429 0.112381
0 0.693214 0.767619 0.047857 0.150476
0 0.653571 0.414762 0.034286 0.088571
0 0.643929 0.255714 0.027857 0.060000
0 0.625357 0.151905 0.023571 0.052381
3 0.617857 0.058571 0.041429 0.100000
4 0.807143 0.831905 0.012857 0.044762
4 0.776071 0.646190 0.015000 0.044762
4 0.804643 0.638095 0.013571 0.038095
4 0.660357 0.020000 0.007857 0.019048
4 0.670000 0.046667 0.008571 0.017143
4 0.691071 0.100476 0.007857 0.021905
0 0.638571 0.033810 0.027143 0.042857
