4 0.221071 0.043810 0.022143 0.041905
4 0.245714 0.040476 0.021429 0.035238
4 0.239643 0.195238 0.022143 0.036190
4 0.026429 0.450476 0.030000 0.032381
4 0.052500 0.661905 0.030714 0.022857
4 0.260714 0.575238 0.031429 0.019048
4 0.285357 0.624762 0.019286 0.043810
4 0.266786 0.632381 0.020714 0.036190
4 0.258214 0.644286 0.017857 0.035238
4 0.240714 0.656667 0.022857 0.035238
4 0.230357 0.703333 0.027857 0.031429
4 0.553929 0.869524 0.027857 0.020952
4 0.686071 0.558571 0.017857 0.040952
4 0.750714 0.609048 0.034286 0.018095
4 0.861429 0.534286 0.017143 0.040000
4 0.768214 0.497619 0.036429 0.023810
4 0.720714 0.312381 0.034286 0.022857
4 0.825000 0.384762 0.015714 0.036190
4 0.805714 0.318095 0.018571 0.038095
0 0.850000 0.947143 0.070000 0.105714
1 0.725000 0.852857 0.052857 0.096190
0 0.593929 0.948095 0.062143 0.103810
0 0.543929 0.686667 0.059286 0.106667
0 0.586071 0.592381 0.056429 0.083810
0 0.777500 0.691429 0.047857 0.102857
0 0.736786 0.547143 0.052143 0.098095
0 0.706786 0.446667 0.049286 0.087619
0 0.625357 0.418571 0.040714 0.100000
1 0.687857 0.342857 0.041429 0.091429
4 0.588571 0.194762 0.020000 0.037143
0 0.551786 0.316667 0.067857 0.080952
2 0.442143 0.378571 0.075714 0.090476
2 0.301786 0.285714 0.075000 0.043810
0 0.414643 0.649048 0.060714 0.092381
2 0.041071 0.320000 0.082143 0.116190
