3 0.106429 0.392766 0.147143 0.222081
3 0.235714 0.208756 0.081429 0.125635
3 0.326071 0.078680 0.066429 0.106599
4 0.287500 0.532995 0.016429 0.038071
1 0.687500 0.945431 0.066429 0.106599
3 0.792857 0.782360 0.161429 0.250000
3 0.904643 0.576777 0.092143 0.189086
0 0.990714 0.484772 0.018571 0.076142
1 0.943214 0.495558 0.033571 0.064721
4 0.487143 0.675761 0.018571 0.044416
4 0.466786 0.637056 0.015000 0.038071
4 0.400357 0.670051 0.016429 0.032995
4 0.424643 0.644036 0.019286 0.041878
4 0.380357 0.682107 0.022143 0.046954
4 0.389643 0.673858 0.016429 0.050761
