0 0.038214 0.824239 0.036429 0.072335
3 0.248214 0.902919 0.099286 0.191624
0 0.027500 0.305838 0.043571 0.030457
0 0.083214 0.380711 0.023571 0.050761
3 0.017143 0.453680 0.034286 0.090102
1 0.145357 0.472716 0.030714 0.067259
1 0.117857 0.516497 0.022857 0.068528
1 0.165714 0.555203 0.027143 0.062183
1 0.183571 0.623731 0.030000 0.064721
3 0.622857 0.789975 0.068571 0.171320
3 0.712143 0.624365 0.078571 0.210660
3 0.731429 0.452411 0.065714 0.163706
0 0.757143 0.366751 0.027143 0.038071
1 0.779643 0.326142 0.020714 0.040609
1 0.826429 0.180838 0.025714 0.044416
3 0.803929 0.240482 0.052143 0.118020
