4 0.193750 0.392667 0.038500 0.085333
4 0.245250 0.422333 0.035500 0.095333
4 0.193250 0.483333 0.041500 0.101333
4 0.227500 0.534000 0.074000 0.093333
4 0.503000 0.133667 0.028000 0.071333
4 0.504500 0.180000 0.043000 0.062667
4 0.631000 0.450000 0.031000 0.078667
4 0.662250 0.439667 0.025500 0.088667
4 0.694250 0.416667 0.021500 0.093333
4 0.743500 0.404667 0.060000 0.069333
4 0.749250 0.439667 0.043500 0.074000
4 0.839500 0.406333 0.093000 0.056667
4 0.846250 0.449667 0.086500 0.054000
4 0.845750 0.468333 0.086500 0.055333
1 0.831000 0.558667 0.277000 0.154667
4 0.214750 0.631667 0.037500 0.107333
4 0.471000 0.498333 0.026000 0.106000
4 0.324500 0.472000 0.028000 0.094667
4 0.771500 0.921000 0.106000 0.092667
4 0.792250 0.779667 0.092500 0.052667
4 0.814500 0.829333 0.104000 0.053333
4 0.891250 0.776333 0.119500 0.046000
4 0.939000 0.738333 0.107000 0.079333
4 0.955000 0.687667 0.090000 0.067333
4 0.640500 0.775667 0.052000 0.139333
4 0.414250 0.223333 0.043500 0.090667
