2 0.300365 0.572356 0.141441 0.141002
1 0.262526 0.749536 0.069937 0.066790
4 0.329332 0.679499 0.031315 0.036178
0 0.250783 0.948980 0.087161 0.083488
1 0.612213 0.096475 0.051148 0.057514
4 0.717641 0.016698 0.025052 0.024119
4 0.726514 0.121985 0.022965 0.034323
4 0.702505 0.133117 0.024008 0.028757
2 0.610647 0.195733 0.104384 0.096475
1 0.595772 0.292208 0.072547 0.059369
1 0.585073 0.380798 0.072025 0.073284
1 0.582724 0.452226 0.073591 0.086271
0 0.573330 0.548237 0.075678 0.070501
1 0.575418 0.611317 0.062109 0.072356
4 0.660752 0.647032 0.027140 0.028757
2 0.778184 0.292208 0.032359 0.135436
2 0.618737 0.017625 0.091336 0.035250
