4 0.016180 0.388683 0.013570 0.018553
0 0.025574 0.436456 0.048017 0.032468
0 0.047234 0.413729 0.028706 0.031540
4 0.248695 0.979592 0.024530 0.025974
4 0.256263 0.959647 0.020877 0.025046
4 0.264092 0.932282 0.022965 0.027829
4 0.269833 0.894249 0.024008 0.025974
4 0.298278 0.775510 0.019311 0.024119
4 0.294624 0.791744 0.022443 0.021336
0 0.382829 0.706865 0.056889 0.053803
0 0.401879 0.573748 0.050104 0.039889
2 0.390919 0.353896 0.022965 0.043599
4 0.430585 0.308905 0.009395 0.014842
2 0.431106 0.263451 0.020877 0.040816
2 0.462944 0.212894 0.029228 0.017625
0 0.443894 0.100649 0.008873 0.012059
0 0.453027 0.101113 0.008351 0.011132
0 0.468685 0.101113 0.008351 0.014842
4 0.533403 0.131262 0.003132 0.008349
0 0.552975 0.660946 0.026618 0.064007
4 0.671190 0.821892 0.019833 0.027829
4 0.653445 0.863636 0.022965 0.025974
4 0.631524 0.588590 0.017745 0.015770
4 0.637265 0.526438 0.014614 0.021336
0 0.577244 0.482375 0.020877 0.038961
4 0.581681 0.456401 0.005741 0.018553
4 0.584812 0.456401 0.006785 0.016698
4 0.593685 0.456401 0.009916 0.016698
4 0.588466 0.452226 0.006785 0.015770
4 0.588466 0.467996 0.010960 0.017625
4 0.586117 0.389147 0.011482 0.017625
4 0.594990 0.390538 0.012526 0.012987
4 0.524530 0.426252 0.008351 0.019481
4 0.512265 0.454082 0.006785 0.023191
4 0.503132 0.451763 0.006263 0.025974
4 0.594207 0.362709 0.012004 0.016698
4 0.577505 0.332560 0.010960 0.017625
4 0.516441 0.257421 0.004697 0.012059
0 0.534186 0.271336 0.012004 0.021336
0 0.528445 0.248609 0.012004 0.018553
1 0.525835 0.161410 0.007829 0.020408
4 0.506002 0.161410 0.003653 0.012987
0 0.543580 0.083952 0.005741 0.008349
4 0.538622 0.078386 0.003132 0.006494
4 0.530271 0.064935 0.002088 0.005566
4 0.534708 0.064935 0.002610 0.007421
0 0.529489 0.044527 0.004697 0.007421
0 0.526096 0.041280 0.004175 0.010204
0 0.524530 0.038033 0.004175 0.007421
0 0.523747 0.034323 0.004697 0.007421
4 0.526357 0.055659 0.002610 0.005566
4 0.518528 0.061224 0.001566 0.005566
4 0.518006 0.057050 0.002610 0.004638
4 0.514614 0.051484 0.003132 0.004638
4 0.532098 0.052412 0.003653 0.004638
0 0.519833 0.026902 0.003132 0.005566
2 0.721555 0.313544 0.042276 0.035250
