1 0.432500 0.893000 0.123000 0.199333
1 0.296750 0.919667 0.127500 0.160667
2 0.690750 0.743333 0.120500 0.224000
2 0.608500 0.943000 0.102000 0.114000
2 0.897250 0.500333 0.131500 0.276667
0 0.597750 0.409667 0.073500 0.115333
0 0.758250 0.118000 0.040500 0.054667
0 0.786250 0.077333 0.032500 0.046667
0 0.803750 0.037000 0.032500 0.047333
0 0.912750 0.118333 0.051500 0.050000
1 0.929250 0.297000 0.053500 0.096667
2 0.342000 0.702667 0.181000 0.132000
4 0.856500 0.041000 0.010000 0.027333
4 0.881250 0.042000 0.014500 0.038667
4 0.570500 0.739000 0.033000 0.067333
