1 0.633873 0.795455 0.082985 0.169759
1 0.863779 0.929499 0.108559 0.139147
4 0.790710 0.878479 0.053236 0.083488
0 0.760438 0.745362 0.082463 0.134508
0 0.697547 0.535714 0.047495 0.089981
0 0.406837 0.638219 0.103862 0.113173
1 0.279489 0.631262 0.103862 0.095547
1 0.284447 0.590445 0.088727 0.082560
1 0.379958 0.585343 0.090814 0.094620
1 0.636743 0.373840 0.027140 0.063080
0 0.606472 0.297310 0.025052 0.045455
0 0.485908 0.309833 0.048017 0.037106
0 0.436587 0.287570 0.050626 0.031540
4 0.243998 0.908627 0.053758 0.093692
4 0.252871 0.577458 0.045407 0.041744
4 0.266701 0.519481 0.030271 0.035250
4 0.276357 0.522727 0.036013 0.034323
4 0.406054 0.286178 0.006263 0.021336
4 0.542276 0.526438 0.012526 0.049165
4 0.529489 0.307050 0.007829 0.022263
4 0.544624 0.178571 0.004697 0.012059
4 0.554541 0.178108 0.003653 0.009276
4 0.568633 0.235622 0.006785 0.016698
4 0.564196 0.173933 0.005219 0.010204
4 0.576200 0.172078 0.003132 0.010204
4 0.565501 0.147959 0.002610 0.006494
4 0.371086 0.336271 0.015658 0.023191
2 0.615866 0.492115 0.074113 0.153061
0 0.450939 0.272263 0.044885 0.032468
1 0.455115 0.257885 0.042797 0.038961
0 0.454593 0.250464 0.034447 0.033395
0 0.493737 0.206865 0.018789 0.022263
0 0.506002 0.191558 0.024530 0.015770
0 0.487213 0.186456 0.023486 0.016698
1 0.477818 0.181818 0.025574 0.020408
1 0.481211 0.173469 0.017745 0.018553
1 0.502088 0.162338 0.016701 0.016698
0 0.520877 0.165584 0.019833 0.013915
0 0.517484 0.161410 0.016180 0.014842
2 0.584551 0.226345 0.016701 0.046382
4 0.486952 0.163265 0.007307 0.009276
4 0.492693 0.166512 0.007307 0.013915
1 0.543058 0.156772 0.014092 0.016698
4 0.564979 0.141929 0.002610 0.005566
0 0.570198 0.141466 0.006785 0.008349
2 0.579854 0.117347 0.010438 0.023191
