1 0.388750 0.838667 0.024500 0.066667
4 0.369000 0.764000 0.016000 0.022667
4 0.362250 0.939333 0.020500 0.021333
4 0.379750 0.952667 0.016500 0.032000
0 0.391750 0.979333 0.031500 0.041333
0 0.470750 0.661333 0.020500 0.053333
1 0.620750 0.699667 0.032500 0.063333
0 0.633500 0.761667 0.026000 0.052667
4 0.356500 0.688667 0.008000 0.020000
4 0.341250 0.642667 0.013500 0.022667
4 0.329750 0.634667 0.016500 0.013333
1 0.327000 0.572667 0.038000 0.028000
0 0.161250 0.647000 0.029500 0.047333
1 0.278750 0.586000 0.038500 0.030667
0 0.231250 0.485667 0.019500 0.035333
1 0.222000 0.426000 0.017000 0.021333
0 0.264000 0.423667 0.018000 0.026000
0 0.283000 0.429667 0.020000 0.031333
0 0.813250 0.569333 0.039500 0.025333
1 0.598750 0.594333 0.022500 0.038000
1 0.587750 0.552667 0.020500 0.034667
3 0.573000 0.458333 0.024000 0.052667
1 0.565000 0.427000 0.018000 0.028667
1 0.497750 0.426333 0.012500 0.018000
3 0.553500 0.351667 0.019000 0.040667
0 0.549500 0.326667 0.014000 0.021333
0 0.548250 0.305333 0.012500 0.020000
1 0.546500 0.263000 0.011000 0.016667
1 0.545750 0.246667 0.012500 0.014667
2 0.515250 0.166333 0.009500 0.019333
0 0.404000 0.509000 0.017000 0.036667
0 0.405750 0.455333 0.015500 0.033333
1 0.408750 0.420000 0.015500 0.029333
1 0.411500 0.362333 0.014000 0.026000
0 0.416250 0.318333 0.011500 0.022000
0 0.418500 0.298333 0.012000 0.022000
4 0.436000 0.270667 0.004000 0.009333
0 0.435750 0.226333 0.011500 0.019333
1 0.442250 0.197333 0.010500 0.014667
3 0.447750 0.164333 0.015500 0.039333
4 0.464250 0.175000 0.003500 0.007333
0 0.484500 0.126667 0.018000 0.010667
0 0.464750 0.097000 0.007500 0.010000
0 0.485250 0.098333 0.006500 0.010000
0 0.489000 0.078000 0.007000 0.010667
0 0.497250 0.085667 0.007500 0.010000
0 0.464750 0.088333 0.006500 0.008667
0 0.466000 0.082333 0.007000 0.008667
0 0.468000 0.074333 0.007000 0.010000
0 0.470000 0.063333 0.008000 0.009333
1 0.495250 0.104000 0.007500 0.013333
1 0.492750 0.052667 0.006500 0.010667
1 0.474500 0.046000 0.006000 0.009333
0 0.495000 0.041333 0.006000 0.008000
0 0.499000 0.019333 0.005000 0.008000
0 0.518500 0.012000 0.005000 0.006667
1 0.478750 0.027333 0.006500 0.008000
0 0.480000 0.021333 0.006000 0.008000
0 0.480750 0.016333 0.006500 0.006000
0 0.482750 0.013000 0.005500 0.007333
0 0.484500 0.002667 0.005000 0.005333
1 0.670500 0.177000 0.009000 0.014000
0 0.660250 0.177667 0.007500 0.011333
0 0.694000 0.164000 0.016000 0.010667
0 0.542500 0.102333 0.007000 0.008667
0 0.542250 0.073000 0.006500 0.008667
0 0.543000 0.093333 0.007000 0.008000
