0 0.673929 0.911905 0.097857 0.176190
0 0.792857 0.739524 0.101429 0.181905
0 0.691071 0.340000 0.050714 0.081905
0 0.666071 0.261429 0.046429 0.073333
0 0.511429 0.190476 0.037143 0.062857
0 0.636429 0.138571 0.040000 0.058095
0 0.515357 0.380000 0.043571 0.087619
1 0.519286 0.272381 0.040000 0.072381
0 0.502500 0.069048 0.026429 0.044762
0 0.614286 0.054762 0.031429 0.044762
0 0.603571 0.018571 0.030000 0.037143
0 0.498571 0.014286 0.025714 0.026667
0 0.447857 0.225714 0.034286 0.066667
0 0.440714 0.166667 0.031429 0.060952
4 0.356429 0.209524 0.034286 0.026667
4 0.380714 0.053810 0.024286 0.021905
4 0.381429 0.044762 0.020000 0.022857
4 0.278571 0.643333 0.047143 0.040952
4 0.286786 0.608571 0.042143 0.043810
4 0.336429 0.361429 0.034286 0.029524
4 0.337143 0.335238 0.040000 0.032381
