0 0.399643 0.553333 0.033571 0.060952
0 0.422143 0.488095 0.024286 0.042857
0 0.472857 0.495714 0.034286 0.046667
0 0.448571 0.453333 0.030000 0.036190
0 0.404286 0.450476 0.027143 0.036190
0 0.391071 0.420000 0.020714 0.030476
0 0.378929 0.396667 0.017857 0.023810
0 0.368929 0.371905 0.019286 0.023810
1 0.378929 0.477619 0.032143 0.060000
1 0.426786 0.416190 0.027857 0.041905
3 0.396786 0.361429 0.033571 0.056190
0 0.413929 0.396667 0.023571 0.025714
0 0.872500 0.514286 0.079286 0.047619
4 0.826429 0.602857 0.024286 0.036190
0 0.376071 0.330476 0.017857 0.022857
4 0.284286 0.575238 0.011429 0.032381
4 0.305000 0.559048 0.011429 0.038095
0 0.851071 0.561905 0.027857 0.024762
0 0.731071 0.470476 0.032143 0.040000
0 0.912143 0.503333 0.058571 0.048571
0 0.912500 0.468095 0.063571 0.039048
0 0.934643 0.485714 0.066429 0.041905
0 0.967500 0.497619 0.062143 0.037143
0 0.976429 0.514762 0.047143 0.046667
4 0.362857 0.752857 0.028571 0.082857
