4 0.424643 0.133333 0.016429 0.017143
1 0.501786 0.075714 0.042143 0.035238
1 0.497857 0.160476 0.042857 0.044762
1 0.508214 0.305714 0.053571 0.040000
1 0.560357 0.453810 0.026429 0.079048
0 0.567857 0.564286 0.028571 0.084762
4 0.432143 0.580000 0.021429 0.017143
4 0.490357 0.564286 0.016429 0.023810
4 0.493571 0.593810 0.020000 0.018095
4 0.486429 0.517619 0.022857 0.018095
4 0.493214 0.502381 0.025000 0.012381
4 0.496786 0.485714 0.026429 0.013333
4 0.507857 0.404286 0.010000 0.025714
0 0.645000 0.955238 0.030000 0.087619
4 0.825357 0.770952 0.023571 0.016190
4 0.773214 0.768095 0.017857 0.018095
4 0.800357 0.749048 0.023571 0.025714
4 0.724643 0.637143 0.020714 0.015238
4 0.789643 0.560952 0.025000 0.015238
4 0.740000 0.425238 0.022857 0.016190
4 0.765000 0.410476 0.020000 0.017143
4 0.563214 0.372857 0.012143 0.033333
0 0.606786 0.060000 0.022143 0.045714
0 0.560357 0.060000 0.020714 0.051429
0 0.505000 0.106190 0.051429 0.035238
