4 0.101429 0.742381 0.024286 0.046667
4 0.112857 0.751429 0.027143 0.045714
4 0.131429 0.759524 0.021429 0.044762
4 0.153929 0.750000 0.026429 0.048571
4 0.169286 0.754762 0.025714 0.052381
4 0.131786 0.665714 0.035000 0.038095
4 0.177857 0.587619 0.027143 0.038095
4 0.225714 0.617143 0.017143 0.041905
4 0.258571 0.568571 0.038571 0.026667
4 0.268214 0.521905 0.037857 0.024762
4 0.283929 0.487619 0.037857 0.038095
4 0.201429 0.492857 0.025714 0.044762
4 0.218929 0.391905 0.029286 0.018095
4 0.313929 0.418095 0.033571 0.028571
4 0.314643 0.396190 0.033571 0.024762
4 0.351429 0.316667 0.031429 0.029524
4 0.363214 0.283333 0.027857 0.029524
4 0.370357 0.257143 0.027857 0.026667
4 0.377500 0.235714 0.026429 0.025714
4 0.386071 0.197143 0.030714 0.030476
4 0.828214 0.032857 0.027857 0.023810
4 0.802143 0.436190 0.014286 0.038095
4 0.677500 0.671905 0.029286 0.033333
4 0.605000 0.927143 0.040000 0.020000
0 0.528571 0.952857 0.057143 0.094286
0 0.672857 0.740000 0.037143 0.100952
0 0.557143 0.819048 0.048571 0.099048
0 0.302143 0.585238 0.058571 0.111429
0 0.335714 0.474762 0.055714 0.101905
0 0.376429 0.361429 0.052857 0.092381
2 0.628929 0.473333 0.042143 0.110476
0 0.699643 0.513333 0.073571 0.076190
2 0.414286 0.259048 0.050000 0.097143
0 0.445000 0.176667 0.038571 0.082857
0 0.670000 0.278571 0.041429 0.092381
0 0.683571 0.198095 0.042857 0.080000
0 0.766429 0.181905 0.032857 0.068571
0 0.704286 0.100476 0.037143 0.077143
0 0.713571 0.024762 0.037143 0.049524
0 0.497857 0.028571 0.041429 0.057143
