4 0.398929 0.953333 0.033571 0.017143
4 0.713214 0.984762 0.025000 0.030476
4 0.717500 0.949524 0.035000 0.032381
4 0.391786 0.780476 0.025000 0.039048
4 0.391429 0.733333 0.025714 0.022857
4 0.390714 0.710000 0.028571 0.031429
4 0.400000 0.682857 0.028571 0.022857
4 0.673571 0.539524 0.031429 0.014286
4 0.406071 0.521905 0.027857 0.017143
4 0.493214 0.550952 0.013571 0.044762
4 0.559643 0.333810 0.009286 0.029524
4 0.406429 0.440000 0.028571 0.019048
4 0.398571 0.231429 0.017143 0.024762
4 0.401071 0.254286 0.017857 0.019048
4 0.538214 0.110476 0.009286 0.030476
4 0.560357 0.033810 0.010714 0.025714
0 0.440357 0.070952 0.023571 0.071429
0 0.440000 0.237619 0.025714 0.077143
0 0.592143 0.312857 0.027143 0.073333
0 0.440000 0.446190 0.027143 0.069524
0 0.442857 0.337143 0.028571 0.076190
0 0.561071 0.536667 0.033571 0.088571
0 0.627857 0.540000 0.030000 0.081905
0 0.636071 0.634762 0.030714 0.086667
0 0.438929 0.673333 0.027857 0.089524
0 0.435714 0.786667 0.032857 0.093333
0 0.651429 0.849524 0.040000 0.110476
0 0.438929 0.935714 0.032143 0.103810
4 0.887857 0.690476 0.031429 0.019048
4 0.853929 0.690952 0.030714 0.018095
