1 0.604750 0.346667 0.051500 0.030667
1 0.478000 0.367333 0.053000 0.038667
1 0.432500 0.321667 0.052000 0.031333
1 0.371500 0.289000 0.050000 0.030000
4 0.899750 0.794000 0.038500 0.021333
4 0.914250 0.817667 0.034500 0.026000
4 0.837500 0.628333 0.035000 0.030000
4 0.789000 0.306000 0.015000 0.016000
4 0.771500 0.301000 0.012000 0.015333
4 0.763000 0.292667 0.006000 0.017333
0 0.947750 0.245667 0.022500 0.031333
4 0.441500 0.640667 0.026000 0.032000
0 0.621500 0.708667 0.097000 0.060000
0 0.531250 0.627000 0.031500 0.078000
0 0.568000 0.837000 0.067000 0.120667
0 0.168750 0.735667 0.108500 0.067333
0 0.357750 0.651000 0.081500 0.052667
0 0.267750 0.529000 0.074500 0.051333
0 0.503000 0.506667 0.067000 0.046667
0 0.174750 0.577333 0.062500 0.050667
0 0.056000 0.365667 0.054000 0.038000
0 0.025250 0.449667 0.048500 0.047333
0 0.121250 0.475000 0.015500 0.024667
0 0.046750 0.547000 0.040500 0.066000
0 0.009750 0.525667 0.019500 0.052667
4 0.246250 0.262667 0.009500 0.017333
4 0.256250 0.262667 0.007500 0.017333
4 0.236500 0.257000 0.007000 0.014000
0 0.202500 0.296333 0.052000 0.024667
0 0.203500 0.251667 0.042000 0.023333
1 0.040000 0.212000 0.035000 0.025333
2 0.153500 0.230667 0.058000 0.044000
2 0.135250 0.188333 0.070500 0.040667
0 0.610750 0.281667 0.044500 0.026000
0 0.616500 0.267333 0.044000 0.020000
0 0.631750 0.255667 0.035500 0.018000
0 0.638000 0.241667 0.037000 0.023333
0 0.633750 0.228000 0.035500 0.018667
1 0.645750 0.219000 0.034500 0.026000
2 0.408750 0.261667 0.049500 0.038000
2 0.449000 0.242667 0.043000 0.042667
0 0.432750 0.259333 0.037500 0.025333
2 0.662750 0.268667 0.045500 0.056000
2 0.698500 0.280333 0.042000 0.060667
0 0.729250 0.249667 0.021500 0.027333
0 0.702500 0.244000 0.027000 0.030667
0 0.683750 0.236667 0.022500 0.021333
0 0.751500 0.202000 0.025000 0.022667
0 0.731000 0.197000 0.027000 0.020667
0 0.704500 0.190667 0.021000 0.022667
0 0.683750 0.189000 0.020500 0.024667
0 0.655500 0.186000 0.025000 0.021333
0 0.535000 0.233333 0.031000 0.032000
0 0.556000 0.215667 0.022000 0.026000
0 0.578250 0.196333 0.023500 0.024667
0 0.514750 0.192333 0.027500 0.022000
1 0.548000 0.183333 0.038000 0.026667
1 0.504750 0.170000 0.028500 0.026667
0 0.602000 0.151333 0.032000 0.016000
0 0.612000 0.144667 0.032000 0.016000
0 0.623500 0.134333 0.029000 0.015333
0 0.697250 0.173000 0.037500 0.016667
0 0.705500 0.164333 0.032000 0.015333
0 0.725750 0.140333 0.031500 0.018000
0 0.733000 0.133000 0.032000 0.014000
0 0.734250 0.127000 0.028500 0.014000
0 0.747500 0.119667 0.033000 0.015333
0 0.749000 0.107333 0.027000 0.009333
1 0.762250 0.096667 0.023500 0.014667
0 0.772250 0.092333 0.018500 0.014000
0 0.744500 0.088667 0.011000 0.020000
0 0.764250 0.076667 0.009500 0.013333
0 0.749000 0.072333 0.013000 0.014000
1 0.652500 0.116333 0.024000 0.016667
0 0.661000 0.110667 0.019000 0.012000
0 0.675750 0.101667 0.025500 0.016667
0 0.685750 0.085000 0.029500 0.012667
0 0.695000 0.077000 0.024000 0.011333
0 0.717000 0.080333 0.013000 0.016667
0 0.714500 0.066333 0.023000 0.012667
0 0.733250 0.048000 0.017500 0.013333
0 0.726750 0.058333 0.023500 0.011333
0 0.743750 0.044000 0.015500 0.013333
0 0.752500 0.038000 0.022000 0.012000
0 0.734000 0.029000 0.013000 0.015333
0 0.773500 0.035000 0.011000 0.011333
0 0.790750 0.073667 0.021500 0.011333
0 0.793750 0.065667 0.018500 0.010000
0 0.759500 0.028333 0.018000 0.010000
0 0.766750 0.023333 0.024500 0.010667
