0 0.683977 0.967996 0.057933 0.062152
4 0.711639 0.737013 0.012004 0.021336
1 0.634395 0.606215 0.032881 0.038033
2 0.690501 0.475417 0.061587 0.127087
0 0.660491 0.362709 0.023486 0.035250
0 0.642223 0.281540 0.024530 0.030612
0 0.704071 0.246753 0.024008 0.027829
0 0.737474 0.184137 0.024008 0.021336
0 0.804541 0.174861 0.025574 0.023191
0 0.811326 0.168831 0.023486 0.020408
1 0.734342 0.129870 0.017745 0.020408
0 0.936326 0.093692 0.016701 0.018553
0 0.954854 0.089054 0.020355 0.016698
0 0.975470 0.082096 0.020877 0.019481
0 0.974948 0.053340 0.019833 0.019481
0 0.991649 0.049165 0.015658 0.018553
0 0.529489 0.198980 0.017223 0.023191
0 0.498434 0.146104 0.014614 0.019481
0 0.343424 0.302412 0.030271 0.027829
0 0.341858 0.273191 0.029228 0.026902
4 0.337161 0.429963 0.013570 0.012059
0 0.260438 0.505102 0.017745 0.043599
0 0.424061 0.645176 0.040188 0.043599
4 0.356733 0.773191 0.023486 0.028757
