1 0.195720 0.299165 0.055324 0.123377
0 0.257046 0.255566 0.050626 0.093692
0 0.357255 0.838590 0.073591 0.235622
0 0.583768 0.537106 0.061065 0.179963
1 0.750783 0.474490 0.052714 0.147495
4 0.923017 0.555195 0.040188 0.045455
4 0.756263 0.647495 0.029228 0.096475
4 0.725992 0.622913 0.025052 0.060297
4 0.788361 0.738404 0.026618 0.077922
4 0.736430 0.760668 0.032359 0.063080
4 0.675104 0.720315 0.030793 0.075139
4 0.647182 0.716605 0.025052 0.069573
4 0.950418 0.377087 0.020877 0.064007
4 0.974948 0.733302 0.021921 0.073284
4 0.802975 0.908163 0.017223 0.076067
4 0.753914 0.871985 0.042276 0.077922
4 0.671190 0.826994 0.018789 0.084416
