4 0.085595 0.423933 0.019833 0.024119
4 0.132307 0.415584 0.017223 0.020408
1 0.298800 0.416976 0.043319 0.041744
0 0.357777 0.410946 0.046451 0.037106
4 0.383090 0.466605 0.016701 0.022263
4 0.455637 0.368275 0.013570 0.022263
4 0.623695 0.364564 0.014614 0.018553
2 0.534186 0.378015 0.048539 0.039889
4 0.411273 0.748609 0.012526 0.040816
4 0.319676 0.684601 0.013048 0.053803
4 0.425365 0.955009 0.027140 0.034323
4 0.427975 0.938776 0.029228 0.035250
4 0.426931 0.926716 0.031315 0.029685
4 0.458768 0.932282 0.025052 0.033395
4 0.456942 0.966141 0.031837 0.028757
4 0.461639 0.975417 0.031837 0.025046
4 0.466075 0.984230 0.033403 0.029685
0 0.716336 0.352041 0.040188 0.028757
4 0.982777 0.330241 0.013570 0.014842
4 0.956420 0.292672 0.013048 0.023191
4 0.949113 0.310761 0.018267 0.022263
4 0.793580 0.336271 0.012004 0.019481
4 0.758612 0.350649 0.014092 0.018553
4 0.766701 0.344620 0.013570 0.015770
4 0.747129 0.345083 0.006785 0.018553
4 0.724687 0.338590 0.012004 0.016698
4 0.729645 0.333952 0.011482 0.014842
4 0.711117 0.321892 0.009916 0.018553
4 0.715031 0.320501 0.007307 0.019481
4 0.719468 0.319109 0.009916 0.024119
4 0.726253 0.316327 0.006785 0.022263
4 0.744259 0.334416 0.009395 0.017625
4 0.748695 0.332560 0.009916 0.015770
4 0.754175 0.332096 0.009395 0.018553
4 0.759395 0.327922 0.009395 0.021336
4 0.789666 0.307050 0.010438 0.016698
4 0.798017 0.307050 0.012526 0.018553
4 0.565240 0.353896 0.013570 0.021336
