0 0.487840 0.576813 0.050072 0.102099
0 0.418097 0.551050 0.039342 0.107824
0 0.355150 0.553912 0.043634 0.113550
1 0.031116 0.349714 0.062232 0.046756
1 0.041130 0.437023 0.069385 0.047710
1 0.146280 0.448950 0.062232 0.048664
2 0.247496 0.527195 0.085837 0.176527
0 0.107654 0.366412 0.066524 0.045802
4 0.197067 0.161737 0.013591 0.020038
1 0.403791 0.029580 0.032189 0.059160
1 0.764664 0.093511 0.032904 0.059160
4 0.813662 0.460878 0.030758 0.019084
0 0.454578 0.286260 0.073677 0.043893
0 0.604435 0.351145 0.031474 0.076336
0 0.705651 0.200382 0.035050 0.062977
0 0.671316 0.296756 0.075107 0.041985
0 0.731760 0.362595 0.037196 0.076336
0 0.562947 0.351145 0.035765 0.083969
1 0.425250 0.347805 0.040773 0.071565
1 0.471745 0.352576 0.037911 0.077290
0 0.517525 0.348282 0.033619 0.085878
0 0.649499 0.364504 0.034335 0.076336
0 0.693491 0.366889 0.036481 0.086832
