0 0.163805 0.859256 0.078684 0.199427
0 0.463162 0.503340 0.053648 0.109733
0 0.516452 0.498569 0.048641 0.094466
0 0.313305 0.434160 0.097282 0.057252
0 0.400215 0.504771 0.047926 0.110687
0 0.576896 0.507156 0.055079 0.098282
0 0.680973 0.490935 0.060086 0.098282
0 0.593705 0.422233 0.094421 0.052481
0 0.633763 0.504294 0.052933 0.111641
1 0.339056 0.515267 0.055794 0.108779
1 0.274678 0.519084 0.061516 0.101145
4 0.231402 0.131679 0.015021 0.032443
2 0.030401 0.804866 0.060801 0.229962
4 0.626252 0.606393 0.019313 0.039122
0 0.616595 0.308683 0.045780 0.073473
