4 0.649530 0.489332 0.005741 0.021336
4 0.660230 0.485622 0.008351 0.028757
4 0.654749 0.467532 0.007829 0.016698
4 0.594468 0.464286 0.012526 0.019481
4 0.594207 0.319573 0.010960 0.013915
0 0.627610 0.255566 0.009916 0.025046
1 0.604906 0.255102 0.010438 0.018553
2 0.618215 0.241187 0.019311 0.020408
4 0.534708 0.279685 0.004697 0.012059
4 0.535230 0.230983 0.008873 0.011132
4 0.529749 0.215677 0.003132 0.012059
4 0.534708 0.217069 0.002610 0.007421
2 0.592641 0.132189 0.009916 0.019481
4 0.582985 0.133117 0.003132 0.006494
