1 0.338205 0.392393 0.033403 0.046382
4 0.241910 0.974490 0.023486 0.030612
4 0.244520 0.961039 0.019311 0.027829
4 0.254958 0.948516 0.023486 0.030612
4 0.278445 0.935993 0.018267 0.046382
4 0.348643 0.796846 0.022965 0.037106
4 0.365605 0.759740 0.016180 0.022263
4 0.375783 0.753711 0.015658 0.025046
4 0.385699 0.730056 0.020877 0.029685
0 0.477296 0.848794 0.067328 0.074212
1 0.620564 0.673933 0.034447 0.076994
4 0.501044 0.575603 0.018789 0.021336
4 0.586900 0.475417 0.015136 0.023191
4 0.585595 0.456401 0.012526 0.020408
4 0.584029 0.398423 0.010438 0.017625
4 0.611691 0.396104 0.007307 0.018553
4 0.567850 0.430891 0.014614 0.015770
1 0.637526 0.377087 0.040188 0.041744
2 0.649530 0.445269 0.056889 0.051948
1 0.677192 0.271336 0.025574 0.025046
4 0.511482 0.968460 0.016701 0.055659
4 0.934238 0.617347 0.026096 0.026902
4 0.912317 0.541280 0.011482 0.025046
2 0.881524 0.561688 0.022965 0.069573
4 0.921190 0.503711 0.012526 0.016698
1 0.927192 0.470779 0.021399 0.047310
0 0.703288 0.278293 0.014092 0.027829
4 0.620825 0.312616 0.010960 0.012987
4 0.628392 0.294063 0.010438 0.014842
4 0.722077 0.221243 0.007829 0.013915
4 0.736691 0.230983 0.009916 0.011132
4 0.767223 0.228664 0.006263 0.012059
4 0.769572 0.223562 0.005741 0.014842
1 0.787056 0.242579 0.025052 0.025046
4 0.809238 0.224490 0.012004 0.009276
2 0.896921 0.184601 0.030793 0.050093
4 0.811326 0.225881 0.008873 0.010204
4 0.731472 0.005102 0.002610 0.006494
