4 0.389353 0.678108 0.014614 0.027829
4 0.417797 0.606215 0.006785 0.019481
0 0.421451 0.614100 0.019311 0.027829
4 0.551409 0.730519 0.029749 0.041744
4 0.624217 0.735622 0.031315 0.050093
4 0.633090 0.709184 0.028184 0.032468
4 0.979906 0.740260 0.036013 0.050093
0 0.713205 0.662338 0.038100 0.048237
0 0.681367 0.664657 0.039144 0.049165
0 0.512787 0.618738 0.015136 0.025974
0 0.534708 0.602041 0.015136 0.025974
4 0.537056 0.609462 0.008351 0.014842
4 0.529749 0.609462 0.011482 0.012987
4 0.544885 0.612709 0.008351 0.015770
4 0.552192 0.614564 0.006263 0.019481
4 0.501044 0.616419 0.006263 0.019481
0 0.482516 0.602505 0.016180 0.026902
4 0.467902 0.576067 0.004697 0.012987
0 0.439457 0.566790 0.010438 0.016698
4 0.454593 0.569573 0.004175 0.012987
4 0.445198 0.565863 0.006263 0.009276
0 0.448852 0.557978 0.010438 0.010204
0 0.415449 0.573748 0.016701 0.012059
0 0.457985 0.553340 0.013048 0.010204
0 0.445198 0.549165 0.007307 0.009276
4 0.506263 0.571892 0.004175 0.004638
4 0.508351 0.571892 0.005219 0.006494
0 0.520616 0.557978 0.014092 0.013915
0 0.482777 0.542208 0.004175 0.006494
0 0.453810 0.533859 0.003653 0.006494
