4 0.378132 0.911410 0.034969 0.073284
4 0.479384 0.928571 0.031837 0.103896
4 0.545668 0.619666 0.020355 0.061224
4 0.542537 0.545918 0.014092 0.049165
1 0.635177 0.426252 0.033403 0.067718
4 0.633873 0.579777 0.015136 0.046382
4 0.598904 0.426252 0.010960 0.034323
4 0.508612 0.409091 0.010960 0.035250
4 0.597599 0.255566 0.007307 0.021336
4 0.543580 0.238868 0.007829 0.017625
4 0.549582 0.187384 0.005219 0.016698
4 0.581420 0.168831 0.004175 0.012987
4 0.550626 0.157236 0.005219 0.013915
2 0.568111 0.132653 0.013048 0.025974
2 0.584812 0.121058 0.014092 0.034323
1 0.570459 0.111317 0.012526 0.020408
2 0.545146 0.089981 0.008873 0.016698
0 0.543580 0.083488 0.006785 0.014842
4 0.568372 0.066790 0.003132 0.005566
4 0.564196 0.075603 0.004175 0.008349
4 0.557933 0.082560 0.003132 0.005566
4 0.552453 0.078850 0.003653 0.007421
4 0.555585 0.089054 0.003653 0.007421
4 0.572025 0.089981 0.003132 0.007421
2 0.570459 0.096011 0.007307 0.013915
2 0.725470 0.939703 0.074113 0.118738
0 0.683977 0.117811 0.022443 0.018553
2 0.830115 0.167440 0.072547 0.054731
0 0.896660 0.197588 0.034447 0.027829
0 0.970251 0.213358 0.036534 0.031540
