4 0.103601 0.497681 0.025574 0.019481
4 0.097860 0.529685 0.026618 0.018553
0 0.306106 0.445269 0.029749 0.094620
4 0.358299 0.414657 0.007829 0.035250
0 0.444937 0.463822 0.024530 0.102041
1 0.537317 0.463822 0.027662 0.107607
0 0.579854 0.465677 0.025052 0.090909
0 0.640397 0.472635 0.025052 0.076994
0 0.742432 0.478664 0.031837 0.102041
0 0.819676 0.343228 0.027662 0.074212
0 0.836900 0.433210 0.031837 0.085343
1 0.891701 0.333488 0.042276 0.078850
0 0.912578 0.434137 0.040188 0.090909
0 0.990605 0.442486 0.017745 0.089054
4 0.077505 0.552412 0.027662 0.017625
4 0.074113 0.497681 0.025052 0.017625
1 0.099165 0.429963 0.038622 0.075139
0 0.039405 0.323284 0.042276 0.080705
