0 0.407750 0.866000 0.120500 0.268000
1 0.692750 0.533667 0.138500 0.092667
4 0.676250 0.691000 0.035500 0.076667
4 0.662250 0.638667 0.056500 0.064000
4 0.611250 0.514667 0.018500 0.048000
4 0.594250 0.517000 0.022500 0.046000
4 0.334250 0.558667 0.020500 0.057333
4 0.359250 0.563667 0.021500 0.063333
4 0.348500 0.526667 0.018000 0.048000
4 0.375500 0.511667 0.024000 0.048667
4 0.437500 0.349667 0.005000 0.020667
0 0.474250 0.287333 0.015500 0.017333
4 0.655000 0.500667 0.034000 0.042667
4 0.507000 0.287000 0.003000 0.012667
1 0.525750 0.278333 0.014500 0.012667
1 0.516750 0.275333 0.035500 0.021333
0 0.466500 0.264667 0.022000 0.014667
