0 0.177500 0.987619 0.062143 0.024762
1 0.286786 0.980000 0.027857 0.040000
0 0.409286 0.983810 0.025714 0.032381
0 0.478571 0.980476 0.025714 0.039048
1 0.178929 0.914762 0.056429 0.037143
0 0.178571 0.878571 0.055714 0.035238
0 0.289643 0.914762 0.026429 0.071429
0 0.287500 0.788095 0.052143 0.035238
0 0.186786 0.796667 0.056429 0.031429
4 0.126071 0.734762 0.020714 0.012381
4 0.130000 0.714286 0.022857 0.015238
4 0.133929 0.645714 0.022143 0.015238
4 0.132857 0.631905 0.025714 0.012381
4 0.132857 0.612381 0.022857 0.019048
0 0.187857 0.648571 0.054286 0.041905
0 0.195357 0.567619 0.056429 0.036190
0 0.296429 0.628095 0.052857 0.033333
1 0.207857 0.522857 0.054286 0.040000
0 0.317857 0.374286 0.025714 0.066667
0 0.322857 0.300476 0.022857 0.067619
0 0.108214 0.316667 0.057857 0.033333
0 0.109286 0.281429 0.058571 0.033333
0 0.179643 0.296190 0.026429 0.066667
1 0.220357 0.274286 0.055000 0.028571
0 0.323571 0.217143 0.025714 0.070476
0 0.221429 0.180000 0.051429 0.036190
0 0.101071 0.186190 0.055000 0.035238
0 0.098214 0.149048 0.052143 0.027619
0 0.174286 0.149048 0.027143 0.063810
0 0.086429 0.065714 0.061429 0.038095
0 0.217500 0.097619 0.053571 0.037143
0 0.219286 0.060000 0.051429 0.036190
0 0.217143 0.023333 0.058571 0.037143
0 0.326071 0.055238 0.025000 0.066667
0 0.323571 0.130476 0.024286 0.074286
4 0.500357 0.560952 0.007857 0.024762
4 0.623571 0.961429 0.008571 0.025714
0 0.690714 0.954762 0.054286 0.035238
2 0.600357 0.808095 0.036429 0.071429
0 0.594286 0.735238 0.025714 0.066667
0 0.595357 0.654762 0.020714 0.061905
0 0.602143 0.579524 0.022857 0.065714
1 0.619643 0.473810 0.025000 0.058095
2 0.611429 0.392857 0.027143 0.094286
4 0.608571 0.320476 0.024286 0.018095
4 0.611786 0.303810 0.022143 0.015238
4 0.652143 0.739524 0.011429 0.023810
4 0.708214 0.770952 0.019286 0.020000
4 0.726429 0.788571 0.022857 0.020952
4 0.724643 0.707619 0.016429 0.013333
