2 0.088205 0.449443 0.018789 0.038033
2 0.134395 0.424861 0.039144 0.029685
0 0.293580 0.464750 0.041232 0.037106
4 0.090292 0.385436 0.007307 0.019481
4 0.096033 0.406308 0.007307 0.020408
2 0.409969 0.617347 0.116388 0.117811
0 0.483299 0.511132 0.043841 0.044527
1 0.730428 0.203154 0.018267 0.020408
4 0.695198 0.217996 0.005219 0.011132
2 0.830637 0.185065 0.023486 0.038033
2 0.854384 0.169295 0.051148 0.030612
0 0.858038 0.157236 0.019833 0.017625
0 0.876305 0.307514 0.030271 0.026902
1 0.866910 0.215213 0.022965 0.024119
2 0.891701 0.205009 0.024530 0.024119
2 0.469207 0.853432 0.178497 0.224490
0 0.986952 0.284323 0.025052 0.030612
2 0.945720 0.126160 0.037578 0.027829
1 0.934499 0.137755 0.026618 0.017625
0 0.943372 0.182746 0.021399 0.020408
4 0.769833 0.797310 0.019833 0.028757
4 0.778706 0.824212 0.015658 0.030612
