0 0.307857 0.010476 0.015714 0.020952
1 0.335000 0.035714 0.018571 0.042857
4 0.461786 0.107143 0.016429 0.020000
4 0.414286 0.167619 0.007143 0.022857
4 0.308571 0.259048 0.012857 0.022857
4 0.331429 0.277619 0.008571 0.023810
4 0.488214 0.405714 0.017857 0.024762
4 0.518214 0.367143 0.010714 0.027619
4 0.515000 0.323810 0.008571 0.020952
4 0.502857 0.527619 0.022857 0.028571
4 0.497143 0.537619 0.021429 0.018095
4 0.509643 0.559048 0.022143 0.022857
4 0.507857 0.570952 0.025714 0.020000
4 0.507857 0.580952 0.025714 0.017143
4 0.509643 0.595238 0.027857 0.020952
4 0.504643 0.608571 0.027857 0.017143
4 0.510714 0.618095 0.027143 0.017143
4 0.511429 0.634286 0.022857 0.026667
4 0.469286 0.598571 0.010000 0.033333
4 0.497500 0.694286 0.010714 0.045714
4 0.315357 0.888571 0.013571 0.051429
4 0.013929 0.627143 0.027857 0.033333
4 0.326429 0.480952 0.012857 0.036190
4 0.094643 0.348095 0.023571 0.023810
4 0.100714 0.340000 0.024286 0.022857
0 0.087500 0.401429 0.042143 0.052381
2 0.145714 0.317619 0.060000 0.077143
0 0.188929 0.268571 0.040714 0.051429
4 0.212500 0.204762 0.016429 0.017143
0 0.240000 0.200952 0.038571 0.051429
0 0.177857 0.225238 0.038571 0.042857
4 0.256786 0.142857 0.012143 0.022857
4 0.205000 0.143333 0.005714 0.020000
0 0.283929 0.141905 0.023571 0.043810
4 0.260357 0.096190 0.007857 0.020952
0 0.287857 0.103810 0.017143 0.036190
0 0.286786 0.071429 0.017857 0.038095
0 0.346786 0.106190 0.020714 0.042857
2 0.381786 0.094762 0.022143 0.042857
0 0.358214 0.187143 0.020714 0.046667
0 0.366429 0.338095 0.022857 0.057143
0 0.369643 0.495238 0.022143 0.064762
0 0.527143 0.894286 0.038571 0.120000
0 0.475357 0.332381 0.023571 0.055238
2 0.471786 0.275238 0.026429 0.053333
0 0.460714 0.227619 0.022857 0.043810
0 0.455714 0.185714 0.025714 0.040000
2 0.427143 0.069524 0.020000 0.036190
4 0.425000 0.044286 0.015714 0.014286
2 0.414286 0.014762 0.021429 0.029524
0 0.651786 0.074762 0.040714 0.023810
0 0.653571 0.093333 0.038571 0.020952
1 0.660357 0.111905 0.035000 0.035238
0 0.704643 0.087619 0.039286 0.024762
0 0.702143 0.106667 0.041429 0.028571
0 0.702857 0.123810 0.042857 0.026667
1 0.692857 0.144762 0.047143 0.024762
0 0.241786 0.290476 0.045000 0.053333
