4 0.358559 0.931818 0.010438 0.043599
0 0.443372 0.962894 0.031837 0.072356
0 0.535230 0.757885 0.024530 0.051948
2 0.479123 0.737941 0.030271 0.089981
4 0.679280 0.882189 0.022443 0.027829
4 0.702244 0.719388 0.006785 0.019481
4 0.703288 0.774583 0.007829 0.027829
4 0.717119 0.769481 0.009395 0.026902
0 0.715814 0.921150 0.069415 0.061224
0 0.749217 0.961039 0.077766 0.064935
4 0.774269 0.909555 0.032881 0.030612
0 0.507829 0.577458 0.013570 0.026902
0 0.566023 0.546382 0.018267 0.020408
0 0.362213 0.448052 0.011482 0.012987
0 0.435804 0.466605 0.011482 0.011132
0 0.432411 0.462430 0.014092 0.010204
0 0.482516 0.479592 0.008873 0.012987
1 0.536534 0.507421 0.012526 0.024119
0 0.522965 0.462430 0.007307 0.012059
4 0.571242 0.540816 0.005741 0.009276
4 0.550626 0.504638 0.004175 0.009276
4 0.530271 0.471243 0.003132 0.007421
4 0.549843 0.458720 0.002610 0.006494
4 0.538622 0.403525 0.002088 0.003711
4 0.543580 0.393785 0.001566 0.002783
0 0.545146 0.404917 0.004697 0.006494
0 0.552453 0.399351 0.004697 0.008349
0 0.553236 0.406772 0.006263 0.006494
4 0.554541 0.412338 0.003653 0.006494
2 0.528184 0.425788 0.009395 0.018553
0 0.530532 0.404917 0.005741 0.008349
1 0.532359 0.399351 0.005219 0.008349
0 0.550887 0.392393 0.004697 0.005566
0 0.544885 0.384508 0.003132 0.004638
2 0.540188 0.384508 0.004175 0.010204
4 0.523747 0.562152 0.004697 0.012987
4 0.552714 0.597403 0.005219 0.014842
4 0.611952 0.676716 0.009916 0.017625
