4 0.092500 0.197970 0.012143 0.025381
4 0.002143 0.291244 0.004286 0.024112
4 0.049643 0.256345 0.019286 0.022843
4 0.068929 0.259518 0.019286 0.021574
4 0.042143 0.274746 0.020000 0.029188
1 0.051786 0.293147 0.047857 0.058376
1 0.061786 0.310914 0.049286 0.055838
0 0.066071 0.335660 0.043571 0.049492
0 0.063571 0.388325 0.027143 0.053299
0 0.114286 0.352157 0.041429 0.039340
0 0.108571 0.378807 0.047143 0.046954
1 0.081429 0.439721 0.024286 0.057107
4 0.120357 0.325508 0.023571 0.021574
4 0.121786 0.314086 0.022143 0.024112
0 0.068571 0.585660 0.032857 0.079949
4 0.007500 0.817259 0.015000 0.048223
4 0.004286 0.854061 0.008571 0.048223
4 0.012857 0.737944 0.025714 0.036802
4 0.012857 0.713198 0.025714 0.040609
4 0.009643 0.685914 0.019286 0.031726
0 0.566071 0.737310 0.036429 0.088832
1 0.540714 0.567259 0.025714 0.068528
1 0.529643 0.484137 0.020714 0.064721
1 0.516071 0.385787 0.022143 0.071066
1 0.496429 0.310914 0.024286 0.060914
1 0.423571 0.155457 0.035714 0.036802
0 0.466786 0.258883 0.022143 0.050761
2 0.395357 0.104695 0.032143 0.067259
2 0.366786 0.044416 0.032143 0.065990
