0 0.582857 0.769524 0.028571 0.093333
0 0.641429 0.809048 0.028571 0.077143
0 0.450000 0.850476 0.037143 0.097143
0 0.597857 0.579524 0.022857 0.063810
0 0.576786 0.403333 0.019286 0.040952
0 0.691786 0.474286 0.050714 0.030476
0 0.876786 0.408095 0.050714 0.037143
0 0.521429 0.942381 0.038571 0.115238
4 0.330000 0.717143 0.012857 0.032381
4 0.278214 0.909048 0.012143 0.027619
4 0.410714 0.850476 0.024286 0.026667
0 0.465000 0.766667 0.032857 0.074286
0 0.486429 0.625238 0.024286 0.067619
0 0.501071 0.528095 0.026429 0.054286
0 0.512143 0.442381 0.021429 0.048571
0 0.523929 0.379524 0.020714 0.044762
0 0.529643 0.337143 0.017857 0.038095
4 0.391071 0.516667 0.010714 0.018095
4 0.459286 0.269048 0.005714 0.016190
4 0.465000 0.244762 0.004286 0.013333
4 0.530714 0.047143 0.004286 0.014286
0 0.501786 0.270476 0.019286 0.036190
0 0.540714 0.270952 0.018571 0.037143
0 0.543571 0.241429 0.015714 0.025714
0 0.547857 0.214286 0.015714 0.030476
0 0.552143 0.185714 0.014286 0.026667
0 0.557143 0.161905 0.012857 0.024762
0 0.558571 0.144286 0.012857 0.020000
0 0.562500 0.130000 0.013571 0.023810
0 0.565357 0.108095 0.012143 0.023810
0 0.573571 0.064286 0.011429 0.018095
0 0.547500 0.031905 0.010714 0.020000
0 0.559643 0.006667 0.015000 0.013333
0 0.577500 0.029524 0.009286 0.015238
0 0.576071 0.042381 0.009286 0.014286
0 0.573571 0.053333 0.010000 0.015238
0 0.571071 0.081905 0.012143 0.019048
0 0.581071 0.006667 0.010714 0.013333
2 0.533214 0.014762 0.005000 0.010476
4 0.552857 0.089048 0.008571 0.010476
4 0.548571 0.098571 0.008571 0.008571
4 0.543571 0.120952 0.010000 0.009524
4 0.546786 0.111905 0.010714 0.010476
4 0.686786 0.943333 0.032143 0.014286
4 0.684643 0.965714 0.030714 0.020952
4 0.682500 0.992857 0.023571 0.014286
4 0.685000 0.915714 0.024286 0.014286
4 0.685000 0.896190 0.027143 0.024762
4 0.681786 0.826667 0.022143 0.013333
4 0.680357 0.807619 0.022143 0.015238
0 0.641786 0.708095 0.025000 0.060000
0 0.640000 0.630000 0.025714 0.065714
0 0.708929 0.549524 0.055000 0.034286
4 0.670000 0.602857 0.021429 0.009524
4 0.672143 0.622381 0.020000 0.014286
4 0.676786 0.687143 0.020714 0.014286
4 0.677143 0.771429 0.021429 0.011429
0 0.641429 0.435238 0.021429 0.047619
0 0.668571 0.439524 0.020000 0.040952
2 0.699643 0.434286 0.023571 0.059048
3 0.727143 0.436667 0.021429 0.054286
0 0.606071 0.250952 0.016429 0.031429
0 0.641071 0.316667 0.017857 0.031429
0 0.641786 0.288095 0.017857 0.029524
0 0.640714 0.214762 0.014286 0.023810
0 0.640714 0.191905 0.014286 0.023810
0 0.640357 0.144762 0.012143 0.019048
0 0.640714 0.121905 0.012857 0.019048
0 0.640000 0.101905 0.011429 0.017143
0 0.639643 0.084762 0.010714 0.019048
0 0.639643 0.069524 0.009286 0.013333
0 0.640000 0.053333 0.011429 0.015238
0 0.671786 0.039524 0.009286 0.016190
0 0.641786 0.015714 0.009286 0.010476
0 0.642143 0.004762 0.010000 0.009524
0 0.616071 0.002381 0.009286 0.004762
4 0.625357 0.074762 0.003571 0.012381
0 0.666786 0.004762 0.010714 0.009524
4 0.707857 0.028571 0.002857 0.013333
4 0.706071 0.041905 0.010714 0.009524
4 0.717500 0.109524 0.010714 0.009524
4 0.701071 0.126190 0.005000 0.010476
4 0.718929 0.147143 0.003571 0.008571
4 0.715714 0.128571 0.005714 0.011429
4 0.726429 0.217143 0.012857 0.011429
4 0.730000 0.236190 0.017143 0.011429
4 0.728214 0.229048 0.016429 0.008571
4 0.675357 0.246190 0.017857 0.010476
4 0.676429 0.259524 0.015714 0.010476
4 0.677143 0.282381 0.014286 0.010476
4 0.679643 0.297143 0.012143 0.011429
4 0.656429 0.269524 0.015714 0.009524
4 0.701429 0.338095 0.005714 0.017143
4 0.692857 0.367143 0.015714 0.012381
0 0.729286 0.363810 0.047143 0.026667
0 0.752143 0.446667 0.024286 0.047619
4 0.856429 0.344762 0.005714 0.022857
4 0.848214 0.343810 0.006429 0.019048
4 0.872500 0.347143 0.017857 0.023810
4 0.912500 0.349048 0.007857 0.021905
4 0.923214 0.350000 0.006429 0.018095
4 0.931071 0.350000 0.006429 0.018095
4 0.532857 0.193810 0.014286 0.010476
4 0.523571 0.233810 0.011429 0.008571
4 0.526786 0.216190 0.012143 0.009524
4 0.524643 0.206667 0.015000 0.009524
0 0.775714 0.403333 0.050000 0.029524
0 0.914286 0.393810 0.045714 0.027619
0 0.935714 0.380476 0.050000 0.027619
0 0.978214 0.426667 0.032143 0.038095
4 0.863214 0.454762 0.007857 0.016190
4 0.866786 0.489524 0.007857 0.019048
4 0.911429 0.436190 0.008571 0.017143
4 0.940357 0.352381 0.005000 0.015238
