0 0.348929 0.796190 0.046429 0.144762
0 0.397143 0.915238 0.035714 0.169524
0 0.605357 0.655238 0.033571 0.072381
0 0.429643 0.570476 0.027857 0.074286
0 0.377143 0.421905 0.022857 0.036190
0 0.457143 0.323333 0.015714 0.029524
0 0.454286 0.380476 0.021429 0.046667
0 0.557857 0.367619 0.014286 0.030476
0 0.581786 0.337619 0.017857 0.029524
0 0.574286 0.290000 0.018571 0.023810
0 0.550000 0.257143 0.012857 0.028571
4 0.287500 0.392381 0.009286 0.026667
1 0.467857 0.226667 0.012857 0.028571
1 0.401786 0.212381 0.030714 0.019048
4 0.381429 0.496667 0.010000 0.039048
4 0.446429 0.211429 0.005714 0.013333
4 0.436429 0.203810 0.004286 0.013333
4 0.603571 0.285714 0.004286 0.013333
4 0.410714 0.283810 0.007143 0.019048
4 0.473571 0.130952 0.005714 0.012381
0 0.533571 0.121905 0.010000 0.015238
0 0.543571 0.107143 0.010000 0.010476
0 0.532143 0.028571 0.005714 0.007619
0 0.526429 0.008571 0.011429 0.009524
0 0.479643 0.014762 0.012143 0.008571
3 0.465357 0.052381 0.009286 0.028571
4 0.460714 0.192857 0.008571 0.016190
4 0.662500 0.265714 0.015000 0.019048
4 0.653571 0.494286 0.015714 0.028571
