4 0.751071 0.072381 0.006429 0.017143
4 0.764286 0.296190 0.005714 0.015238
4 0.764286 0.480476 0.005714 0.016190
0 0.738929 0.373810 0.015000 0.037143
4 0.420000 0.017143 0.011429 0.011429
4 0.415714 0.198095 0.007143 0.017143
4 0.408214 0.210952 0.006429 0.014286
4 0.469286 0.160952 0.007143 0.019048
0 0.415000 0.333810 0.014286 0.040952
2 0.515357 0.197619 0.026429 0.086667
4 0.560714 0.691905 0.007143 0.021905
0 0.451071 0.801905 0.027857 0.017143
0 0.390357 0.804286 0.025000 0.018095
0 0.454643 0.840476 0.029286 0.020000
0 0.395714 0.844762 0.030000 0.020952
0 0.453929 0.895238 0.030714 0.022857
0 0.395000 0.953333 0.040000 0.022857
0 0.395000 0.991905 0.037143 0.016190
