0 0.443500 0.873667 0.057000 0.168667
0 0.356500 0.804333 0.053000 0.155333
0 0.911000 0.520000 0.128000 0.098667
0 0.917750 0.450667 0.072500 0.052000
0 0.892750 0.052667 0.092500 0.105333
1 0.283250 0.054333 0.088500 0.107333
0 0.723750 0.750333 0.059500 0.180667
4 0.923500 0.163333 0.045000 0.048000
4 0.517750 0.118000 0.014500 0.054667
4 0.455250 0.079667 0.016500 0.072667
4 0.503000 0.192333 0.017000 0.060667
4 0.417500 0.133000 0.019000 0.067333
1 0.554500 0.586333 0.032000 0.086000
2 0.559000 0.772667 0.047000 0.190667
4 0.506250 0.968000 0.025500 0.064000
2 0.627750 0.128000 0.088500 0.169333
4 0.800750 0.970667 0.035500 0.058667
4 0.944750 0.598333 0.070500 0.036667
