4 0.611500 0.506333 0.077000 0.067333
4 0.734000 0.385000 0.042000 0.054000
4 0.945250 0.438333 0.068500 0.056667
1 0.925000 0.365000 0.150000 0.106000
4 0.840000 0.325667 0.027000 0.051333
4 0.581750 0.433667 0.065500 0.070000
4 0.526250 0.398333 0.033500 0.059333
4 0.382000 0.366667 0.022000 0.053333
4 0.456250 0.310000 0.018500 0.053333
4 0.401000 0.299333 0.028000 0.045333
4 0.432000 0.215667 0.031000 0.026000
1 0.420250 0.198333 0.028500 0.044667
1 0.359500 0.203333 0.054000 0.038667
1 0.352750 0.196333 0.055500 0.039333
0 0.251000 0.398333 0.183000 0.091333
1 0.179000 0.241000 0.089000 0.051333
4 0.228750 0.230000 0.028500 0.028000
1 0.223750 0.206667 0.068500 0.044000
1 0.223250 0.176667 0.037500 0.033333
1 0.110250 0.185333 0.066500 0.040000
0 0.157250 0.171000 0.045500 0.024667
1 0.164000 0.163667 0.043000 0.027333
0 0.255250 0.162667 0.020500 0.025333
0 0.283250 0.155667 0.028500 0.031333
0 0.297500 0.149000 0.021000 0.023333
1 0.228000 0.142667 0.045000 0.030667
0 0.197000 0.157333 0.046000 0.021333
2 0.204250 0.149667 0.050500 0.036667
0 0.134250 0.127000 0.032500 0.015333
0 0.155250 0.141333 0.035500 0.020000
0 0.222750 0.124667 0.032500 0.016000
0 0.246500 0.136333 0.038000 0.018000
0 0.276000 0.132000 0.040000 0.018667
0 0.267250 0.125000 0.027500 0.016667
1 0.341500 0.151667 0.042000 0.031333
