0 0.751750 0.652333 0.038500 0.027333
0 0.596000 0.645333 0.035000 0.025333
0 0.527250 0.660000 0.038500 0.024000
0 0.381500 0.653667 0.038000 0.026000
0 0.331000 0.656333 0.037000 0.024667
1 0.280000 0.653000 0.034000 0.022000
0 0.222500 0.652333 0.039000 0.022000
4 0.641500 0.564667 0.007000 0.014667
4 0.649500 0.566667 0.007000 0.014667
4 0.659500 0.573333 0.005000 0.013333
4 0.666750 0.576000 0.006500 0.017333
4 0.674500 0.580333 0.007000 0.014000
4 0.698250 0.589000 0.010500 0.011333
4 0.215500 0.598667 0.004000 0.013333
4 0.219750 0.595667 0.005500 0.014000
4 0.224000 0.595000 0.005000 0.015333
4 0.227500 0.592667 0.006000 0.014667
4 0.272250 0.579000 0.005500 0.011333
4 0.276750 0.575000 0.006500 0.016667
4 0.312000 0.561667 0.005000 0.012667
4 0.316250 0.560667 0.004500 0.012000
4 0.321250 0.560333 0.004500 0.011333
4 0.016750 0.675000 0.007500 0.015333
