0 0.124739 0.775510 0.061587 0.168831
1 0.193633 0.502783 0.059499 0.135436
0 0.254175 0.239332 0.057411 0.150278
0 0.306367 0.043135 0.038622 0.086271
0 0.411273 0.239332 0.043841 0.135436
0 0.507829 0.086271 0.042797 0.141002
1 0.526618 0.578850 0.072025 0.079777
4 0.553758 0.200835 0.028184 0.028757
4 0.602557 0.128479 0.027662 0.028757
4 0.601253 0.344620 0.028184 0.023191
1 0.455115 0.374304 0.037578 0.112245
4 0.668841 0.342301 0.013048 0.033395
4 0.605428 0.372449 0.027140 0.023191
4 0.545407 0.457328 0.028184 0.022263
4 0.537317 0.638219 0.032881 0.035250
4 0.575157 0.900742 0.036534 0.027829
0 0.450939 0.980519 0.096033 0.037106
