3 0.065357 0.400952 0.127857 0.135238
0 0.897143 0.480476 0.041429 0.061905
0 0.802500 0.458571 0.035000 0.058095
0 0.647500 0.399048 0.043571 0.049524
0 0.429286 0.340476 0.051429 0.042857
1 0.356786 0.253333 0.042143 0.028571
3 0.275714 0.277619 0.062857 0.060000
0 0.225357 0.270952 0.043571 0.033333
2 0.297143 0.230000 0.132857 0.080952
0 0.116071 0.240476 0.046429 0.029524
4 0.633571 0.713333 0.048571 0.049524
4 0.503571 0.571429 0.020000 0.043810
4 0.369286 0.504286 0.018571 0.042857
4 0.186429 0.521905 0.031429 0.032381
4 0.223214 0.483810 0.025000 0.034286
