0 0.976750 0.335000 0.046500 0.055333
0 0.921000 0.357000 0.098000 0.067333
0 0.780750 0.306333 0.080500 0.052667
0 0.898000 0.307000 0.095000 0.052667
0 0.835750 0.242000 0.068500 0.037333
0 0.766000 0.245000 0.061000 0.038000
0 0.895750 0.261667 0.066500 0.040667
4 0.935000 0.294000 0.029000 0.025333
0 0.743500 0.216000 0.045000 0.030667
4 0.546250 0.525333 0.044500 0.045333
4 0.554750 0.553667 0.051500 0.050000
4 0.142000 0.583667 0.059000 0.048667
4 0.135250 0.618000 0.067500 0.044000
4 0.122500 0.652000 0.064000 0.057333
