0 0.989286 0.551429 0.021429 0.028571
0 0.583929 0.591905 0.025000 0.044762
0 0.444643 0.135238 0.009286 0.011429
0 0.454643 0.113333 0.006429 0.009524
0 0.428214 0.092857 0.006429 0.008571
0 0.438929 0.078095 0.005000 0.009524
0 0.450357 0.038571 0.005000 0.010476
4 0.515357 0.388571 0.005000 0.015238
4 0.533214 0.382381 0.005000 0.014286
2 0.483214 0.205238 0.016429 0.031429
4 0.495357 0.250000 0.003571 0.012381
4 0.454286 0.154286 0.002857 0.009524
4 0.473214 0.158095 0.003571 0.009524
2 0.606429 0.077619 0.014286 0.027619
