1 0.315240 0.170223 0.052192 0.121521
1 0.378132 0.033395 0.046451 0.066790
1 0.595772 0.018089 0.032881 0.032468
1 0.643267 0.141466 0.062109 0.075139
4 0.646138 0.190167 0.027140 0.038961
4 0.667537 0.068182 0.021921 0.028757
4 0.725470 0.006957 0.022965 0.013915
4 0.730167 0.022263 0.022965 0.016698
4 0.641701 0.486085 0.031837 0.042672
4 0.569154 0.556586 0.033925 0.050093
0 0.550365 0.407699 0.077766 0.095547
0 0.479384 0.544527 0.091336 0.113173
0 0.446242 0.629406 0.085595 0.093692
1 0.614823 0.792672 0.048017 0.060297
4 0.601514 0.737941 0.030793 0.036178
4 0.638831 0.729128 0.035491 0.025974
4 0.643267 0.705473 0.034969 0.032468
4 0.513831 0.827458 0.037056 0.038961
4 0.509916 0.871058 0.037578 0.038961
4 0.512265 0.927644 0.032881 0.029685
4 0.499217 0.963822 0.030793 0.033395
4 0.658925 0.368738 0.030793 0.030612
0 0.160752 0.542672 0.081420 0.155844
