4 0.701250 0.929000 0.042500 0.036667
1 0.609500 0.861333 0.104000 0.106667
0 0.571750 0.778333 0.094500 0.062000
0 0.517750 0.720000 0.077500 0.080000
0 0.616500 0.651667 0.065000 0.055333
0 0.671250 0.608667 0.052500 0.045333
1 0.431750 0.870000 0.064500 0.113333
4 0.498500 0.863333 0.022000 0.050667
4 0.456000 0.852333 0.022000 0.040667
0 0.625000 0.540667 0.047000 0.041333
1 0.647750 0.527667 0.048500 0.050000
0 0.669750 0.520667 0.050500 0.036000
4 0.393500 0.592667 0.013000 0.026667
0 0.344000 0.625000 0.046000 0.058000
1 0.261750 0.656333 0.042500 0.070000
4 0.089000 0.855333 0.016000 0.038667
1 0.063000 0.578333 0.028000 0.056667
4 0.081500 0.530333 0.008000 0.022000
0 0.109500 0.464000 0.050000 0.026667
0 0.115250 0.453000 0.043500 0.024667
0 0.073000 0.485333 0.040000 0.025333
0 0.102250 0.533333 0.026500 0.034667
0 0.096750 0.505667 0.031500 0.034000
