4 0.523486 0.786642 0.010438 0.038961
4 0.539144 0.840909 0.011482 0.043599
4 0.443633 0.542672 0.016701 0.025974
4 0.465031 0.501391 0.010438 0.023191
4 0.439457 0.437384 0.011482 0.015770
4 0.444676 0.425788 0.011482 0.018553
4 0.435282 0.423006 0.012526 0.016698
4 0.425365 0.422078 0.013570 0.016698
4 0.440501 0.382189 0.011482 0.012987
1 0.439718 0.351113 0.027662 0.026902
4 0.446242 0.289889 0.010438 0.012059
4 0.447286 0.276902 0.010438 0.012059
4 0.452766 0.275046 0.007829 0.013915
4 0.481994 0.247681 0.009916 0.011132
0 0.566806 0.377551 0.017745 0.033395
4 0.605950 0.423933 0.014614 0.025974
4 0.649269 0.512987 0.013570 0.033395
0 0.615084 0.495362 0.026618 0.042672
1 0.599426 0.530612 0.025574 0.048237
4 0.674061 0.651206 0.021399 0.027829
4 0.682933 0.673469 0.010960 0.033395
4 0.700418 0.675788 0.015658 0.026902
0 0.711639 0.710575 0.054802 0.059369
0 0.526618 0.179499 0.011482 0.021336
1 0.480167 0.192486 0.009395 0.021336
0 0.467902 0.195733 0.009916 0.018553
4 0.503392 0.147032 0.003653 0.010204
4 0.528445 0.134972 0.006785 0.008349
4 0.510177 0.114100 0.003653 0.009276
4 0.483559 0.117811 0.002610 0.007421
4 0.498434 0.100649 0.003132 0.006494
4 0.457985 0.107607 0.003653 0.009276
1 0.460334 0.083024 0.011482 0.013915
4 0.556628 0.210111 0.003653 0.012059
4 0.551148 0.246289 0.004175 0.012059
4 0.479906 0.055659 0.002610 0.005566
4 0.484864 0.043599 0.002088 0.005566
4 0.488518 0.036178 0.002088 0.005566
1 0.503392 0.038961 0.007829 0.009276
1 0.508090 0.055659 0.006785 0.011132
0 0.834551 0.280612 0.020877 0.021336
4 0.864562 0.240724 0.008873 0.012059
