1 0.868214 0.545238 0.049286 0.040952
0 0.845000 0.570476 0.052857 0.036190
0 0.825714 0.603810 0.051429 0.038095
0 0.812857 0.613333 0.058571 0.043810
2 0.799643 0.637619 0.090714 0.075238
4 0.666429 0.581429 0.008571 0.021905
4 0.597857 0.756667 0.012857 0.033333
0 0.107143 0.570476 0.031429 0.049524
0 0.265000 0.644286 0.064286 0.040952
0 0.277500 0.608571 0.063571 0.038095
1 0.479643 0.465714 0.023571 0.034286
0 0.498214 0.500952 0.029286 0.034286
0 0.503929 0.606190 0.032143 0.050476
4 0.461071 0.747619 0.007857 0.024762
1 0.352143 0.763333 0.057143 0.109524
2 0.246786 0.733333 0.092143 0.070476
