0 0.413929 0.735406 0.027857 0.100254
0 0.444286 0.770305 0.024286 0.098985
0 0.533929 0.750000 0.027857 0.104061
0 0.563571 0.752538 0.025714 0.093909
0 0.637857 0.769036 0.030000 0.109137
0 0.668214 0.750635 0.029286 0.100254
0 0.729643 0.737310 0.032143 0.109137
0 0.762857 0.737944 0.032857 0.102792
0 0.823929 0.727792 0.037857 0.102792
0 0.858929 0.734772 0.037857 0.109137
0 0.885357 0.720812 0.037857 0.104061
0 0.918571 0.717640 0.040000 0.100254
0 0.949643 0.720178 0.037857 0.102792
0 0.726786 0.868655 0.069286 0.074873
0 0.317857 0.758883 0.027143 0.098985
0 0.504643 0.746193 0.023571 0.065990
0 0.284286 0.758249 0.025714 0.100254
0 0.250714 0.759518 0.028571 0.107868
0 0.216071 0.769036 0.029286 0.098985
0 0.169286 0.780457 0.025714 0.086294
0 0.138929 0.774112 0.032143 0.109137
0 0.099286 0.786168 0.037143 0.100254
0 0.028214 0.791878 0.035000 0.109137
1 0.232500 0.561548 0.029286 0.087563
0 0.074643 0.571066 0.039286 0.098985
1 0.351071 0.750000 0.025000 0.098985
0 0.695000 0.968274 0.042857 0.060914
0 0.653571 0.968909 0.037143 0.059645
0 0.896786 0.958756 0.045000 0.077411
0 0.937500 0.961929 0.043571 0.071066
0 0.800000 0.974619 0.031429 0.048223
4 0.590000 0.961929 0.015714 0.048223
4 0.563929 0.969543 0.017857 0.045685
4 0.523571 0.969543 0.012857 0.043147
4 0.541786 0.973350 0.013571 0.048223
4 0.855000 0.951142 0.020000 0.052030
4 0.114286 0.583122 0.010000 0.036802
4 0.473214 0.743655 0.009286 0.048223
4 0.546071 0.602792 0.025000 0.017766
4 0.538571 0.578680 0.021429 0.015228
4 0.486786 0.579315 0.020714 0.016497
4 0.777143 0.674492 0.010000 0.039340
4 0.787143 0.664975 0.015714 0.032995
4 0.414643 0.583122 0.022143 0.024112
0 0.305714 0.977792 0.035714 0.041878
