2 0.017143 0.575714 0.034286 0.042857
2 0.022500 0.536190 0.045000 0.045714
3 0.348214 0.835714 0.050714 0.231429
1 0.402500 0.605238 0.022143 0.054286
2 0.364643 0.574286 0.037857 0.108571
2 0.556786 0.898095 0.060714 0.043810
2 0.527500 0.745714 0.063571 0.040000
2 0.535357 0.710476 0.055000 0.038095
2 0.382143 0.253810 0.018571 0.054286
2 0.393214 0.159048 0.015000 0.041905
0 0.400357 0.488095 0.017857 0.040952
0 0.386071 0.370000 0.013571 0.029524
0 0.396429 0.310476 0.014286 0.026667
0 0.402143 0.240000 0.012857 0.024762
2 0.403214 0.057619 0.010714 0.023810
1 0.392143 0.074286 0.008571 0.017143
0 0.399286 0.103333 0.008571 0.014286
0 0.392143 0.210476 0.011429 0.020952
1 0.551429 0.014762 0.011429 0.010476
1 0.591071 0.020476 0.012143 0.010476
1 0.527857 0.670000 0.042857 0.040952
0 0.555357 0.853810 0.059286 0.046667
0 0.551786 0.803333 0.059286 0.040952
0 0.725714 0.790476 0.062857 0.041905
0 0.735714 0.836667 0.061429 0.046667
1 0.747143 0.883333 0.058571 0.046667
4 0.806429 0.812381 0.024286 0.019048
4 0.781786 0.751905 0.022143 0.018095
4 0.734643 0.690952 0.022143 0.014286
4 0.735714 0.669048 0.020000 0.020000
4 0.721429 0.648571 0.017143 0.015238
4 0.693214 0.627619 0.020714 0.020952
4 0.691429 0.613333 0.010000 0.020952
4 0.726429 0.621429 0.020000 0.014286
4 0.708571 0.608095 0.011429 0.025714
4 0.754643 0.639048 0.016429 0.011429
4 0.120714 0.390952 0.014286 0.014286
4 0.195714 0.320952 0.007143 0.013333
4 0.659286 0.504286 0.008571 0.025714
4 0.674643 0.510000 0.007857 0.025714
4 0.737857 0.494762 0.008571 0.020000
4 0.718571 0.603810 0.010000 0.022857
4 0.725714 0.601905 0.011429 0.024762
