1 0.062857 0.290476 0.048571 0.083810
1 0.154286 0.258095 0.038571 0.087619
4 0.063571 0.485714 0.031429 0.017143
1 0.235714 0.466190 0.071429 0.061905
4 0.403929 0.012381 0.006429 0.022857
4 0.513214 0.046190 0.012143 0.023810
4 0.370714 0.170476 0.021429 0.017143
4 0.365357 0.188095 0.023571 0.016190
4 0.445000 0.167619 0.014286 0.032381
1 0.485714 0.216190 0.034286 0.064762
1 0.544286 0.225714 0.038571 0.059048
0 0.462857 0.385714 0.054286 0.076190
0 0.401429 0.464286 0.068571 0.052381
0 0.098929 0.688095 0.089286 0.069524
2 0.781071 0.898571 0.100714 0.160952
2 0.875714 0.472381 0.091429 0.076190
0 0.975000 0.424286 0.050000 0.048571
0 0.989643 0.255714 0.020714 0.037143
1 0.983571 0.130476 0.032857 0.083810
1 0.943571 0.277143 0.070000 0.059048
0 0.761429 0.195714 0.057143 0.054286
0 0.897857 0.164286 0.042857 0.065714
0 0.873571 0.177619 0.041429 0.067619
0 0.862143 0.310000 0.060000 0.046667
4 0.676786 0.157619 0.013571 0.025714
4 0.660357 0.172381 0.009286 0.028571
4 0.646071 0.170476 0.015000 0.026667
4 0.640357 0.180476 0.013571 0.027619
4 0.614286 0.184286 0.020000 0.029524
