0 0.059643 0.802381 0.119286 0.113333
0 0.231786 0.668095 0.179286 0.109524
1 0.137857 0.590952 0.138571 0.113333
4 0.090357 0.470476 0.045000 0.028571
4 0.217500 0.426667 0.022143 0.024762
4 0.163214 0.365714 0.015000 0.017143
4 0.522143 0.397143 0.020000 0.017143
4 0.739286 0.367619 0.020000 0.013333
4 0.983571 0.302381 0.015714 0.014286
0 0.178571 0.388571 0.047143 0.038095
0 0.114286 0.364762 0.047143 0.028571
0 0.515714 0.362857 0.008571 0.030476
0 0.554286 0.360476 0.010000 0.031429
3 0.658571 0.378571 0.155714 0.086667
0 0.715714 0.402857 0.062857 0.047619
0 0.781429 0.414762 0.068571 0.044762
0 0.807857 0.379048 0.057143 0.036190
0 0.791429 0.366667 0.055714 0.040000
0 0.854643 0.388095 0.063571 0.039048
1 0.852500 0.344762 0.057857 0.038095
0 0.875000 0.363810 0.052857 0.034286
0 0.920000 0.372857 0.058571 0.039048
0 0.921071 0.330000 0.047857 0.033333
0 0.922143 0.349524 0.050000 0.032381
0 0.964643 0.354762 0.047857 0.033333
0 0.962857 0.333333 0.044286 0.028571
0 0.962143 0.319048 0.028571 0.022857
0 0.977500 0.324762 0.026429 0.026667
1 0.215357 0.354286 0.030714 0.049524
2 0.915714 0.282381 0.062857 0.042857
