0 0.765500 0.963667 0.082000 0.072667
0 0.648750 0.962333 0.078500 0.075333
1 0.618250 0.765667 0.079500 0.126000
4 0.694250 0.798333 0.024500 0.055333
4 0.623500 0.861667 0.029000 0.047333
0 0.532250 0.784333 0.078500 0.123333
4 0.589000 0.799000 0.028000 0.047333
2 0.655250 0.629333 0.100500 0.152000
0 0.752750 0.499667 0.090500 0.136667
1 0.974000 0.608333 0.052000 0.052667
4 0.984250 0.223000 0.031500 0.048667
4 0.983000 0.204000 0.034000 0.042667
4 0.906500 0.186667 0.031000 0.054667
4 0.846250 0.251333 0.037500 0.053333
0 0.789500 0.223667 0.105000 0.092667
0 0.765000 0.170333 0.054000 0.070000
2 0.452250 0.160333 0.116500 0.098000
4 0.375250 0.221333 0.022500 0.040000
1 0.182500 0.320333 0.051000 0.138000
4 0.388500 0.429333 0.027000 0.044000
