0 0.310714 0.094286 0.025714 0.040000
1 0.310000 0.144286 0.024286 0.046667
4 0.356429 0.497619 0.025714 0.014286
4 0.362500 0.476667 0.026429 0.014286
0 0.381786 0.206190 0.025000 0.054286
2 0.676071 0.951429 0.075000 0.060952
1 0.576071 0.694286 0.036429 0.070476
2 0.611786 0.677143 0.032143 0.081905
2 0.645357 0.685714 0.045000 0.095238
0 0.682500 0.643810 0.036429 0.080000
0 0.718214 0.634762 0.042143 0.075238
2 0.749643 0.630000 0.039286 0.079048
0 0.632143 0.439048 0.035714 0.064762
0 0.662857 0.433810 0.035714 0.061905
1 0.690714 0.427619 0.035714 0.057143
2 0.797857 0.392857 0.057143 0.082857
0 0.881786 0.396667 0.043571 0.063810
0 0.863571 0.298571 0.040000 0.050476
0 0.956786 0.269524 0.053571 0.041905
0 0.976429 0.299048 0.047143 0.040000
4 0.591429 0.376667 0.012857 0.027619
4 0.629286 0.361429 0.007143 0.027619
4 0.486429 0.417143 0.008571 0.028571
4 0.483214 0.461905 0.020714 0.019048
4 0.499286 0.461429 0.012857 0.025714
4 0.549643 0.416667 0.006429 0.031429
4 0.531071 0.415714 0.013571 0.025714
4 0.477143 0.441429 0.020000 0.018095
4 0.468929 0.415238 0.019286 0.015238
4 0.379286 0.033810 0.020000 0.018095
