0 0.335856 0.674861 0.041232 0.028757
0 0.467119 0.735622 0.037578 0.037106
0 0.469207 0.715213 0.041754 0.031540
1 0.587683 0.647959 0.032359 0.032468
1 0.590814 0.622449 0.039666 0.027829
1 0.597860 0.579777 0.027662 0.027829
0 0.587683 0.575603 0.027140 0.026902
0 0.621608 0.558905 0.030271 0.023191
0 0.621086 0.538033 0.029228 0.022263
0 0.622390 0.529685 0.028706 0.024119
1 0.618476 0.517625 0.029228 0.024119
4 0.622390 0.600649 0.014092 0.017625
0 0.605950 0.448980 0.021921 0.016698
0 0.592641 0.440167 0.020355 0.017625
1 0.606994 0.435529 0.016701 0.015770
0 0.597338 0.430427 0.014092 0.011132
0 0.604906 0.428571 0.017745 0.012987
1 0.603340 0.419759 0.024008 0.019481
4 0.545668 0.417440 0.005741 0.007421
4 0.540710 0.416512 0.005219 0.007421
4 0.555846 0.375696 0.006263 0.009276
4 0.549322 0.371521 0.005741 0.006494
4 0.542276 0.385900 0.005219 0.007421
4 0.560021 0.364100 0.003132 0.008349
4 0.570981 0.373377 0.003132 0.008349
4 0.562370 0.351113 0.002610 0.006494
1 0.562370 0.333488 0.006785 0.012059
0 0.583507 0.388219 0.018789 0.012059
0 0.585334 0.376160 0.016180 0.012059
0 0.602818 0.392393 0.016701 0.012987
0 0.601775 0.386827 0.016701 0.014842
1 0.602557 0.380798 0.013048 0.013915
1 0.599948 0.377087 0.013048 0.013915
0 0.602557 0.374768 0.015136 0.011132
0 0.601775 0.368738 0.017745 0.013915
0 0.589770 0.372449 0.014614 0.012059
0 0.599165 0.347403 0.014614 0.010204
0 0.598643 0.346011 0.013570 0.011132
0 0.586117 0.348330 0.006263 0.012059
0 0.583768 0.345547 0.014092 0.010204
0 0.586639 0.344156 0.015658 0.011132
0 0.636221 0.365028 0.008351 0.013915
0 0.624478 0.320037 0.005741 0.009276
4 0.634656 0.332096 0.003132 0.007421
2 0.638570 0.278293 0.010960 0.016698
2 0.637526 0.260204 0.007829 0.017625
3 0.656054 0.266698 0.006263 0.012059
0 0.661013 0.289425 0.004697 0.007421
0 0.663361 0.297310 0.006263 0.008349
0 0.656054 0.302876 0.006263 0.008349
2 0.665710 0.320965 0.009916 0.020408
0 0.668058 0.346011 0.008351 0.014842
0 0.669624 0.338590 0.007307 0.011132
0 0.680585 0.344620 0.007307 0.012059
1 0.700157 0.354824 0.007829 0.013915
4 0.667537 0.373377 0.003132 0.008349
0 0.686326 0.401206 0.009395 0.015770
2 0.724426 0.384972 0.018789 0.029685
2 0.735908 0.386364 0.011482 0.021336
2 0.753653 0.426252 0.027140 0.045455
0 0.759395 0.408163 0.011482 0.018553
3 0.717641 0.470315 0.019833 0.035250
0 0.743476 0.483302 0.016180 0.025974
2 0.786013 0.489332 0.017745 0.026902
4 0.787317 0.448052 0.004697 0.012987
4 0.816545 0.463358 0.010960 0.012059
0 0.803236 0.530612 0.018789 0.024119
4 0.925887 0.510668 0.006263 0.017625
0 0.941023 0.563544 0.029228 0.028757
4 0.959290 0.531076 0.010438 0.013915
4 0.980167 0.517625 0.008351 0.014842
4 0.984864 0.506494 0.006263 0.012987
2 0.945459 0.701763 0.068372 0.093692
4 0.726775 0.628942 0.007829 0.022263
4 0.673278 0.487013 0.005219 0.014842
4 0.643267 0.407236 0.004697 0.009276
4 0.617693 0.403989 0.008873 0.012059
4 0.724165 0.363636 0.003653 0.007421
4 0.862735 0.477737 0.008351 0.011132
0 0.637526 0.326994 0.004697 0.008349
2 0.792797 0.412801 0.009395 0.016698
0 0.758612 0.346475 0.010960 0.012059
0 0.756002 0.343692 0.012004 0.010204
1 0.755219 0.340909 0.012526 0.012059
1 0.752871 0.339981 0.012004 0.008349
1 0.747912 0.335807 0.015658 0.012987
2 0.750000 0.328386 0.019833 0.014842
1 0.741910 0.326994 0.010960 0.012059
1 0.739040 0.326067 0.010438 0.010204
0 0.736952 0.325139 0.012526 0.010204
1 0.734603 0.317718 0.010960 0.010204
0 0.726253 0.312152 0.010960 0.010204
0 0.739301 0.312152 0.010960 0.010204
2 0.727557 0.307050 0.016701 0.012987
0 0.723121 0.308442 0.012004 0.010204
0 0.719729 0.304267 0.010438 0.007421
0 0.716075 0.301484 0.010438 0.009276
0 0.712422 0.296846 0.009395 0.009276
0 0.710595 0.296382 0.008873 0.008349
0 0.706681 0.291280 0.009395 0.007421
1 0.703549 0.288497 0.009395 0.007421
0 0.700418 0.286178 0.008351 0.006494
1 0.701983 0.285250 0.007307 0.008349
1 0.724948 0.297310 0.009395 0.008349
0 0.721816 0.294527 0.009395 0.008349
1 0.719468 0.291280 0.007829 0.005566
0 0.716858 0.291744 0.008873 0.008349
0 0.716075 0.287570 0.008351 0.009276
