4 0.023929 0.503807 0.023571 0.045685
4 0.008571 0.532360 0.017143 0.031726
4 0.036071 0.498096 0.023571 0.036802
4 0.042143 0.489848 0.027143 0.038071
4 0.054643 0.479061 0.025000 0.039340
4 0.065000 0.469543 0.024286 0.035533
4 0.071786 0.463198 0.026429 0.040609
4 0.077143 0.460660 0.025714 0.040609
4 0.086071 0.451142 0.029286 0.034264
4 0.094286 0.441624 0.024286 0.032995
4 0.106071 0.437183 0.017857 0.031726
4 0.117143 0.421954 0.017143 0.039340
1 0.306071 0.248731 0.040714 0.050761
1 0.342500 0.217005 0.035000 0.048223
0 0.420714 0.158629 0.024286 0.040609
0 0.371429 0.204315 0.030000 0.040609
1 0.399286 0.178934 0.030000 0.043147
1 0.482857 0.373096 0.067143 0.065990
1 0.400000 0.445431 0.075714 0.083756
1 0.387143 0.498731 0.077143 0.096447
1 0.366786 0.532360 0.079286 0.100254
1 0.469643 0.439721 0.049286 0.102792
1 0.577143 0.367386 0.070000 0.064721
0 0.338929 0.573604 0.046429 0.065990
1 0.650000 0.391497 0.058571 0.052030
1 0.709643 0.404822 0.050714 0.050761
2 0.726429 0.364213 0.035714 0.076142
1 0.760000 0.375635 0.032857 0.078680
1 0.785357 0.393401 0.023571 0.055838
0 0.824643 0.532360 0.060714 0.046954
1 0.619643 0.454315 0.056429 0.053299
1 0.553214 0.637690 0.080714 0.087563
1 0.580357 0.562183 0.073571 0.073604
1 0.670000 0.520305 0.072857 0.068528
0 0.687857 0.475254 0.068571 0.052030
0 0.677500 0.496193 0.055000 0.053299
0 0.668214 0.563452 0.073571 0.063452
0 0.661429 0.599619 0.081429 0.069797
0 0.646786 0.634518 0.067857 0.068528
0 0.636429 0.680203 0.085714 0.086294
0 0.605714 0.713832 0.081429 0.087563
2 0.766786 0.704949 0.050714 0.138325
4 0.835357 0.953046 0.047857 0.063452
4 0.802143 0.911802 0.050000 0.062183
4 0.800000 0.885787 0.051429 0.058376
4 0.807857 0.862310 0.047143 0.062183
4 0.810357 0.840736 0.046429 0.064721
