4 0.216429 0.128571 0.025714 0.024762
4 0.410000 0.064286 0.008571 0.037143
4 0.384286 0.119048 0.027143 0.078095
4 0.139286 0.384286 0.028571 0.016190
4 0.166786 0.416667 0.029286 0.037143
4 0.200714 0.397619 0.025714 0.027619
4 0.222857 0.554762 0.028571 0.020000
4 0.103571 0.652381 0.041429 0.020952
4 0.058214 0.939048 0.032143 0.030476
4 0.110000 0.910000 0.034286 0.033333
1 0.420000 0.875238 0.048571 0.163810
4 0.626786 0.785714 0.013571 0.051429
4 0.523929 0.827619 0.040714 0.019048
4 0.530357 0.798095 0.039286 0.015238
4 0.540357 0.771429 0.033571 0.024762
4 0.518214 0.723810 0.032143 0.011429
4 0.539643 0.699048 0.013571 0.038095
4 0.619643 0.671905 0.030714 0.023810
0 0.421786 0.689524 0.045000 0.135238
1 0.924643 0.218571 0.072143 0.048571
1 0.779286 0.098095 0.065714 0.055238
0 0.854643 0.112857 0.076429 0.052381
4 0.498214 0.054286 0.019286 0.038095
