0 0.637265 0.929035 0.050104 0.054731
0 0.624217 0.820501 0.037578 0.043599
0 0.627088 0.805659 0.034969 0.039889
0 0.622651 0.776902 0.033403 0.041744
4 0.595772 0.751391 0.007829 0.016698
4 0.590292 0.722635 0.007307 0.018553
2 0.607777 0.728664 0.023486 0.025046
1 0.602296 0.642393 0.012526 0.026902
2 0.579071 0.618275 0.014092 0.045455
1 0.568633 0.604824 0.009916 0.020408
4 0.594468 0.589054 0.005219 0.012987
4 0.589509 0.594156 0.004697 0.012059
4 0.518267 0.546846 0.006263 0.010204
0 0.507307 0.496289 0.012526 0.011132
0 0.509656 0.495826 0.012004 0.010204
1 0.554802 0.472171 0.011482 0.011132
1 0.550365 0.483302 0.012004 0.011132
1 0.551670 0.480519 0.014614 0.011132
0 0.548800 0.429035 0.007829 0.008349
0 0.553236 0.425325 0.006263 0.006494
0 0.610647 0.545455 0.008351 0.016698
0 0.609342 0.534323 0.008873 0.012987
0 0.565762 0.470315 0.013570 0.011132
0 0.566545 0.464750 0.012004 0.009276
0 0.566806 0.462430 0.013570 0.010204
0 0.566806 0.460575 0.013570 0.012059
1 0.553758 0.440167 0.005219 0.010204
0 0.562630 0.443878 0.011482 0.008349
0 0.563935 0.438776 0.007829 0.007421
0 0.585073 0.415584 0.004175 0.005566
1 0.618998 0.415121 0.007307 0.008349
1 0.618476 0.432282 0.005219 0.011132
0 0.629436 0.438312 0.006263 0.008349
0 0.633612 0.444805 0.006263 0.008349
4 0.632046 0.449907 0.003132 0.005566
0 0.646399 0.429035 0.005741 0.008349
0 0.631002 0.425325 0.005219 0.006494
0 0.631002 0.420223 0.005219 0.007421
2 0.625783 0.410019 0.004175 0.007421
3 0.632307 0.412801 0.007829 0.012987
0 0.637004 0.429963 0.005741 0.010204
0 0.661273 0.487477 0.008351 0.013915
0 0.670929 0.486549 0.008873 0.012059
0 0.666754 0.478664 0.006785 0.009276
0 0.900313 0.667904 0.018789 0.024119
0 0.907359 0.629406 0.019311 0.025046
2 0.811065 0.570501 0.019833 0.029685
2 0.795407 0.555659 0.019833 0.027829
2 0.777662 0.570037 0.018789 0.034323
2 0.782881 0.525974 0.043841 0.025974
2 0.778445 0.522263 0.052714 0.035250
2 0.770094 0.512059 0.047495 0.038961
2 0.758612 0.501855 0.042276 0.033395
2 0.757307 0.499072 0.045929 0.033395
1 0.904749 0.480056 0.015136 0.013915
0 0.887265 0.477737 0.017745 0.012987
0 0.562630 0.437384 0.008351 0.006494
1 0.541754 0.405380 0.003132 0.007421
4 0.546190 0.407699 0.001566 0.004638
4 0.537839 0.422542 0.003653 0.004638
