0 0.123214 0.882857 0.056429 0.036190
0 0.153214 0.844762 0.065000 0.040000
0 0.356071 0.865238 0.055000 0.033333
0 0.810357 0.810952 0.059286 0.037143
0 0.884643 0.818571 0.055000 0.037143
0 0.967143 0.820000 0.060000 0.038095
0 0.512500 0.522857 0.025000 0.062857
1 0.558571 0.364762 0.022857 0.057143
4 0.501786 0.936190 0.010714 0.030476
4 0.541429 0.960000 0.015714 0.028571
4 0.571071 0.895714 0.017857 0.021905
4 0.589643 0.852381 0.019286 0.017143
4 0.728214 0.261429 0.027857 0.023810
4 0.518214 0.736190 0.019286 0.022857
4 0.618571 0.803810 0.024286 0.020952
4 0.603571 0.788571 0.021429 0.017143
4 0.669286 0.748095 0.025714 0.021905
4 0.793571 0.870952 0.024286 0.023810
4 0.911786 0.875238 0.023571 0.020952
4 0.962143 0.851429 0.025714 0.020952
