0 0.535000 0.911905 0.027143 0.082857
0 0.477500 0.823810 0.023571 0.064762
0 0.506071 0.802857 0.022143 0.076190
0 0.471071 0.719048 0.022143 0.057143
0 0.528929 0.610000 0.020714 0.050476
0 0.464643 0.458095 0.016429 0.036190
0 0.523214 0.552381 0.019286 0.045714
0 0.467143 0.499048 0.017143 0.041905
0 0.517500 0.511905 0.017857 0.037143
0 0.511071 0.430476 0.012143 0.028571
0 0.505000 0.390000 0.015714 0.033333
0 0.445000 0.225714 0.011429 0.022857
0 0.455714 0.205714 0.010000 0.022857
0 0.471786 0.155238 0.010714 0.019048
0 0.438214 0.061905 0.006429 0.015238
0 0.460000 0.080952 0.012857 0.011429
0 0.427857 0.294286 0.028571 0.017143
0 0.426786 0.280952 0.026429 0.017143
0 0.426786 0.270952 0.026429 0.014286
0 0.427143 0.261905 0.025714 0.011429
0 0.439286 0.048571 0.007143 0.011429
0 0.437857 0.019524 0.007143 0.014286
0 0.458214 0.010000 0.006429 0.010476
0 0.466786 0.100952 0.007857 0.011429
0 0.433214 0.359048 0.026429 0.019048
0 0.428214 0.324762 0.030714 0.017143
1 0.553571 0.816667 0.027143 0.073333
1 0.502143 0.705714 0.020000 0.057143
1 0.428214 0.250952 0.026429 0.014286
1 0.424286 0.228095 0.020000 0.016190
2 0.486786 0.636667 0.020714 0.061905
2 0.445000 0.386190 0.035714 0.025714
2 0.508929 0.310952 0.033571 0.023810
2 0.425357 0.183333 0.029286 0.021905
2 0.427857 0.204762 0.024286 0.017143
2 0.441071 0.141429 0.010714 0.025714
2 0.485357 0.075714 0.025000 0.018095
2 0.486786 0.977619 0.023571 0.044762
1 0.458214 0.025238 0.006429 0.014286
0 0.440000 0.099524 0.007143 0.016190
4 0.527500 0.981905 0.017857 0.034286
4 0.568929 0.963810 0.025000 0.017143
4 0.566786 0.935714 0.020714 0.016190
4 0.563929 0.908571 0.016429 0.020952
4 0.511071 0.922857 0.007857 0.036190
4 0.514286 0.881429 0.010000 0.031429
4 0.537143 0.830952 0.005714 0.023810
4 0.525000 0.795238 0.008571 0.030476
4 0.523929 0.745238 0.006429 0.027619
4 0.487143 0.725238 0.005714 0.029524
4 0.487143 0.760476 0.004286 0.033333
4 0.496429 0.747619 0.007143 0.030476
4 0.532857 0.770000 0.007143 0.027619
4 0.481429 0.570952 0.008571 0.018095
4 0.518929 0.711905 0.006429 0.023810
4 0.527857 0.716667 0.007143 0.025714
4 0.473214 0.760000 0.016429 0.020952
4 0.547143 0.759524 0.020000 0.014286
4 0.546429 0.774286 0.020000 0.013333
4 0.468571 0.669048 0.020000 0.014286
4 0.466429 0.627619 0.017143 0.015238
4 0.467143 0.536667 0.018571 0.016190
4 0.466429 0.557143 0.017143 0.013333
4 0.465357 0.582381 0.015000 0.012381
4 0.465357 0.598095 0.015000 0.013333
4 0.516429 0.471905 0.017143 0.016190
4 0.517857 0.484762 0.014286 0.013333
4 0.476786 0.344762 0.006429 0.017143
4 0.483214 0.364286 0.005000 0.016190
4 0.490000 0.429524 0.007143 0.019048
4 0.429286 0.941429 0.025714 0.020000
4 0.512143 0.673810 0.015714 0.012381
4 0.518571 0.690000 0.007143 0.020000
4 0.430357 0.605714 0.019286 0.011429
4 0.461786 0.169524 0.005000 0.015238
4 0.452857 0.096667 0.004286 0.010476
4 0.450000 0.070952 0.002857 0.010476
