0 0.055714 0.977143 0.084286 0.045714
1 0.178214 0.961905 0.073571 0.047619
2 0.648929 0.970476 0.126429 0.059048
0 0.933571 0.892857 0.097143 0.044762
0 0.651071 0.903333 0.090714 0.060000
1 0.420000 0.095238 0.031429 0.093333
0 0.424643 0.205238 0.033571 0.092381
0 0.336429 0.396190 0.034286 0.099048
1 0.334286 0.505714 0.034286 0.106667
4 0.338214 0.307619 0.015000 0.034286
4 0.323571 0.294762 0.012857 0.033333
4 0.369286 0.768571 0.014286 0.045714
4 0.359286 0.838095 0.015714 0.038095
4 0.411786 0.873333 0.017857 0.040000
4 0.730000 0.772857 0.028571 0.037143
4 0.824286 0.769524 0.015714 0.041905
4 0.843929 0.748571 0.025000 0.020952
4 0.865357 0.770000 0.017857 0.037143
4 0.906071 0.747619 0.017857 0.043810
4 0.890000 0.740000 0.015714 0.041905
4 0.884643 0.799048 0.019286 0.047619
4 0.841071 0.875238 0.040714 0.022857
4 0.937500 0.743810 0.017857 0.041905
4 0.956786 0.743810 0.020714 0.047619
4 0.881429 0.691905 0.038571 0.016190
