4 0.282500 0.037143 0.025000 0.026667
4 0.186786 0.101905 0.032143 0.022857
4 0.198571 0.279524 0.028571 0.023810
4 0.159643 0.295714 0.025000 0.025714
0 0.501786 0.974762 0.105000 0.048571
4 0.665357 0.915238 0.033571 0.028571
1 0.518929 0.827619 0.082143 0.093333
4 0.643929 0.771905 0.035000 0.027619
4 0.637143 0.727619 0.031429 0.017143
4 0.623929 0.713333 0.029286 0.020952
4 0.670000 0.745238 0.021429 0.046667
4 0.329286 0.518095 0.012857 0.053333
1 0.508929 0.493333 0.087857 0.057143
1 0.450000 0.263333 0.037143 0.100000
0 0.450000 0.136190 0.037143 0.095238
4 0.535000 0.223810 0.034286 0.020952
4 0.540357 0.202857 0.032143 0.020952
4 0.547143 0.184762 0.031429 0.024762
4 0.621071 0.198571 0.009286 0.040952
4 0.613214 0.119048 0.025000 0.020952
4 0.541071 0.106667 0.022143 0.020952
4 0.531429 0.154762 0.024286 0.020000
4 0.547500 0.140952 0.012143 0.030476
