0 0.594286 0.788571 0.067143 0.034286
0 0.837857 0.743810 0.067143 0.043810
1 0.405000 0.601905 0.050000 0.032381
0 0.468214 0.600952 0.056429 0.036190
0 0.529643 0.595714 0.050714 0.029524
0 0.592143 0.595238 0.048571 0.030476
0 0.653929 0.593810 0.047857 0.031429
0 0.709643 0.590476 0.045000 0.030476
0 0.772857 0.576667 0.042857 0.031429
2 0.646429 0.505238 0.068571 0.048571
0 0.715357 0.500952 0.050714 0.036190
4 0.775357 0.439524 0.010714 0.023810
4 0.793571 0.440952 0.012857 0.024762
4 0.669643 0.440000 0.020714 0.015238
4 0.444643 0.511429 0.010714 0.024762
0 0.156786 0.291429 0.027857 0.055238
0 0.105357 0.275238 0.040714 0.060952
0 0.047500 0.220000 0.033571 0.053333
0 0.083929 0.223333 0.043571 0.035238
1 0.110000 0.190952 0.034286 0.048571
2 0.119286 0.105714 0.077143 0.112381
0 0.153571 0.095238 0.032857 0.047619
0 0.182500 0.120476 0.032143 0.056190
2 0.954286 0.456667 0.091429 0.056190
0 0.961071 0.985238 0.070714 0.029524
