0 0.445000 0.771333 0.058000 0.038667
4 0.448750 0.671333 0.007500 0.022667
0 0.437000 0.417333 0.025000 0.032000
0 0.455750 0.417333 0.022500 0.029333
0 0.490000 0.408333 0.028000 0.028667
0 0.505500 0.403000 0.023000 0.026000
0 0.521750 0.388000 0.031500 0.022667
1 0.513750 0.373667 0.029500 0.023333
0 0.500000 0.360333 0.030000 0.019333
1 0.494250 0.349333 0.029500 0.020000
0 0.646250 0.436667 0.030500 0.033333
0 0.635750 0.511000 0.028500 0.040667
0 0.603000 0.480000 0.023000 0.033333
0 0.588250 0.465667 0.024500 0.034000
0 0.503250 0.479000 0.029500 0.035333
0 0.522000 0.475333 0.025000 0.030667
0 0.536750 0.468000 0.026500 0.033333
4 0.424250 0.551667 0.009500 0.016667
4 0.251250 0.314000 0.005500 0.012000
4 0.226000 0.292667 0.006000 0.010667
