4 0.131429 0.535714 0.027143 0.063810
1 0.892500 0.627143 0.179286 0.157143
0 0.227857 0.393810 0.091429 0.086667
0 0.399643 0.435238 0.100714 0.095238
1 0.490714 0.193810 0.068571 0.069524
2 0.596786 0.363333 0.143571 0.122857
4 0.770357 0.412857 0.052143 0.029524
0 0.469286 0.057143 0.064286 0.055238
0 0.494643 0.030476 0.056429 0.047619
4 0.010000 0.101429 0.020000 0.039048
2 0.046071 0.068571 0.073571 0.080000
0 0.882857 0.137619 0.047143 0.073333
4 0.590714 0.262857 0.037143 0.038095
4 0.303571 0.262857 0.031429 0.030476
4 0.129286 0.203333 0.020000 0.029524
4 0.359643 0.040000 0.015000 0.028571
4 0.323214 0.055714 0.019286 0.021905
0 0.538929 0.012857 0.049286 0.025714
