0 0.243737 0.930891 0.173278 0.136364
4 0.334290 0.769481 0.024530 0.071429
4 0.297234 0.741651 0.022443 0.065863
4 0.308716 0.705473 0.039144 0.052876
4 0.314718 0.645640 0.035491 0.046382
4 0.340814 0.623377 0.032359 0.038961
0 0.635699 0.553340 0.037578 0.065863
4 0.697547 0.476345 0.013048 0.045455
0 0.418841 0.470315 0.034969 0.061224
4 0.564196 0.349258 0.008351 0.023191
4 0.348904 0.422542 0.010960 0.032468
4 0.347077 0.408627 0.008351 0.021336
4 0.383351 0.412801 0.022443 0.031540
4 0.399008 0.408163 0.008873 0.027829
4 0.359864 0.311688 0.009916 0.022263
4 0.419885 0.291744 0.005741 0.015770
4 0.501827 0.300557 0.005741 0.018553
4 0.512004 0.307050 0.008351 0.018553
0 0.512526 0.261132 0.028184 0.021336
4 0.499217 0.260668 0.007829 0.012987
4 0.492693 0.258349 0.012526 0.015770
1 0.451722 0.241187 0.015136 0.022263
0 0.463205 0.236549 0.016180 0.020408
4 0.426148 0.243970 0.005741 0.014842
2 0.447808 0.228200 0.037578 0.027829
0 0.430585 0.217532 0.012526 0.017625
4 0.409969 0.221707 0.004697 0.012987
0 0.345511 0.213358 0.015658 0.018553
2 0.360386 0.198052 0.029749 0.026902
4 0.394572 0.188312 0.004175 0.009276
0 0.397965 0.179035 0.007829 0.012987
4 0.370564 0.182746 0.003132 0.007421
0 0.362213 0.181818 0.007307 0.011132
2 0.360647 0.174861 0.008351 0.013915
0 0.353862 0.180891 0.006263 0.011132
4 0.361430 0.164657 0.002610 0.004638
1 0.339770 0.153989 0.007307 0.009276
