4 0.349643 0.980952 0.026429 0.013333
4 0.664643 0.712381 0.010714 0.026667
4 0.730714 0.816190 0.017143 0.034286
4 0.783214 0.988571 0.025000 0.019048
4 0.592857 0.852857 0.008571 0.029524
4 0.613214 0.598571 0.007857 0.023810
4 0.637500 0.596667 0.015000 0.020000
4 0.644643 0.612857 0.015000 0.020000
4 0.581786 0.466190 0.007857 0.018095
4 0.575714 0.409048 0.007143 0.018095
4 0.568929 0.378571 0.007857 0.016190
4 0.582500 0.362857 0.007857 0.015238
4 0.581786 0.345238 0.012143 0.014286
4 0.578929 0.337619 0.009286 0.014286
4 0.573929 0.319048 0.009286 0.011429
4 0.572500 0.310952 0.010714 0.010476
4 0.570714 0.947619 0.015714 0.034286
0 0.560357 0.701905 0.026429 0.059048
0 0.654286 0.658571 0.027143 0.052381
0 0.773571 0.440952 0.028571 0.040000
0 0.550357 0.220952 0.013571 0.022857
0 0.493929 0.224286 0.012143 0.025714
0 0.538571 0.179524 0.012857 0.021905
0 0.544286 0.200952 0.014286 0.022857
0 0.494286 0.203333 0.014286 0.023810
0 0.490714 0.185714 0.011429 0.017143
0 0.470714 0.060000 0.010000 0.017143
0 0.537857 0.513333 0.020000 0.045714
0 0.504643 0.286667 0.012143 0.028571
1 0.591429 0.231905 0.028571 0.021905
1 0.513214 0.346667 0.013571 0.036190
1 0.507500 0.314762 0.012143 0.033333
1 0.486429 0.162857 0.012857 0.026667
1 0.483929 0.139524 0.015000 0.027619
1 0.471786 0.036667 0.015000 0.014286
0 0.510357 0.060476 0.009286 0.016190
0 0.489286 0.049524 0.010000 0.015238
2 0.498214 0.254762 0.015000 0.027619
2 0.548929 0.578095 0.033571 0.095238
2 0.476429 0.083333 0.011429 0.020000
2 0.477857 0.099048 0.011429 0.017143
