0 0.204750 0.859000 0.076500 0.162000
0 0.249250 0.638000 0.050500 0.097333
1 0.402500 0.253667 0.025000 0.046000
4 0.372250 0.229667 0.007500 0.014000
4 0.371250 0.218667 0.006500 0.016000
4 0.386000 0.168333 0.006000 0.014000
0 0.359500 0.198000 0.018000 0.029333
0 0.364500 0.168667 0.017000 0.025333
0 0.307000 0.163333 0.035000 0.022667
0 0.315250 0.132667 0.015500 0.021333
1 0.307000 0.119333 0.033000 0.016000
1 0.322500 0.111333 0.033000 0.018667
0 0.311000 0.099333 0.017000 0.018667
1 0.327000 0.098667 0.014000 0.017333
1 0.382250 0.096667 0.013500 0.020000
0 0.360750 0.086667 0.025500 0.020000
0 0.355250 0.007667 0.018500 0.010000
1 0.357750 0.010667 0.016500 0.009333
0 0.337750 0.039000 0.027500 0.014000
0 0.340750 0.031000 0.020500 0.010000
0 0.338250 0.037000 0.026500 0.012667
0 0.389500 0.064000 0.013000 0.024000
0 0.400250 0.020000 0.010500 0.012000
1 0.534000 0.019667 0.009000 0.011333
1 0.575500 0.089000 0.011000 0.014000
1 0.581000 0.099333 0.015000 0.018667
1 0.603500 0.142000 0.017000 0.018667
1 0.623500 0.175000 0.020000 0.023333
1 0.655000 0.230000 0.027000 0.036000
0 0.674000 0.264000 0.032000 0.030667
1 0.880000 0.575333 0.092000 0.102667
0 0.621750 0.453000 0.041500 0.059333
0 0.481250 0.272667 0.023500 0.042667
4 0.705250 0.424000 0.014500 0.029333
