1 0.557750 0.806667 0.162500 0.120000
1 0.510250 0.719000 0.175500 0.123333
1 0.633250 0.649333 0.070500 0.185333
1 0.468500 0.622667 0.182000 0.124000
1 0.559000 0.516667 0.105000 0.096000
0 0.442500 0.444667 0.126000 0.073333
1 0.663750 0.309000 0.059500 0.083333
0 0.841000 0.481667 0.132000 0.079333
0 0.806000 0.382667 0.119000 0.072000
1 0.570500 0.413333 0.091000 0.125333
0 0.488000 0.392000 0.121000 0.064000
1 0.526750 0.340333 0.091500 0.070000
4 0.861750 0.536667 0.055500 0.056000
4 0.290500 0.573333 0.050000 0.048000
4 0.420750 0.518333 0.049500 0.051333
4 0.458500 0.344667 0.016000 0.040000
