4 0.100000 0.198571 0.004286 0.006667
4 0.103929 0.207143 0.005000 0.008571
4 0.135357 0.253333 0.007857 0.017143
4 0.158214 0.265238 0.009286 0.018095
4 0.083214 0.318095 0.013571 0.030476
4 0.100000 0.241905 0.008571 0.011429
4 0.017143 0.610000 0.031429 0.067619
4 0.095714 0.588571 0.032857 0.055238
2 0.111071 0.266190 0.032143 0.042857
0 0.140357 0.178095 0.009286 0.009524
0 0.133571 0.187619 0.007143 0.009524
0 0.147143 0.190476 0.007143 0.009524
0 0.137857 0.198571 0.008571 0.010476
0 0.148571 0.204762 0.010000 0.011429
0 0.162857 0.199524 0.008571 0.010476
0 0.166429 0.198571 0.007143 0.010476
0 0.155357 0.199048 0.009286 0.011429
0 0.182143 0.185238 0.007143 0.008571
0 0.180000 0.176667 0.005714 0.006667
0 0.199643 0.190952 0.006429 0.010476
0 0.150357 0.175238 0.007857 0.007619
0 0.166071 0.175238 0.007857 0.011429
0 0.174643 0.201429 0.010714 0.012381
0 0.172857 0.207143 0.011429 0.010476
0 0.171071 0.219048 0.016429 0.015238
1 0.182500 0.240952 0.023571 0.024762
0 0.219286 0.236667 0.020000 0.020000
1 0.209643 0.221429 0.017857 0.021905
0 0.190714 0.230952 0.017143 0.021905
0 0.241429 0.186190 0.008571 0.008571
0 0.259643 0.277619 0.027857 0.029524
0 0.272857 0.311429 0.034286 0.036190
0 0.302143 0.262857 0.028571 0.026667
0 0.326786 0.279524 0.030714 0.027619
0 0.311429 0.297619 0.034286 0.033333
0 0.355357 0.295714 0.035000 0.027619
1 0.348571 0.323333 0.050000 0.054286
2 0.391786 0.315238 0.046429 0.041905
0 0.446786 0.359048 0.046429 0.043810
0 0.348214 0.256190 0.029286 0.024762
0 0.375357 0.237143 0.022143 0.019048
0 0.428929 0.288095 0.037857 0.031429
0 0.326786 0.235238 0.019286 0.019048
4 0.230000 0.184762 0.005714 0.005714
0 0.462500 0.223810 0.023571 0.017143
0 0.491429 0.223810 0.031429 0.015238
4 0.554286 0.283810 0.011429 0.015238
0 0.499643 0.335238 0.055000 0.036190
3 0.681071 0.360000 0.146429 0.106667
1 0.637500 0.662857 0.159286 0.190476
0 0.424286 0.474762 0.088571 0.084762
0 0.530714 0.483810 0.094286 0.083810
0 0.501786 0.419524 0.070714 0.065714
0 0.523214 0.390952 0.059286 0.060000
0 0.633214 0.439524 0.066429 0.067619
0 0.667500 0.417619 0.077857 0.048571
1 0.583929 0.432857 0.073571 0.075238
0 0.740357 0.494762 0.103571 0.103810
1 0.864286 0.563810 0.152857 0.129524
0 0.780000 0.447619 0.092857 0.064762
0 0.908214 0.468571 0.102143 0.059048
0 0.942500 0.554762 0.115000 0.094286
0 0.902857 0.803333 0.191429 0.229524
0 0.659643 0.913810 0.203571 0.172381
