4 0.465000 0.542000 0.021000 0.037333
4 0.446500 0.411667 0.013000 0.035333
4 0.629000 0.446333 0.030000 0.028667
4 0.449750 0.371667 0.019500 0.024667
4 0.466500 0.301667 0.006000 0.016667
4 0.456750 0.275333 0.005500 0.014667
4 0.451250 0.302333 0.019500 0.015333
4 0.529250 0.277667 0.007500 0.022000
4 0.545250 0.279667 0.004500 0.023333
4 0.526500 0.261667 0.007000 0.016667
4 0.537750 0.258333 0.015500 0.012667
0 0.493250 0.228667 0.020500 0.029333
4 0.471750 0.236333 0.005500 0.014000
4 0.479000 0.224333 0.004000 0.014000
4 0.475250 0.172333 0.008500 0.008667
4 0.528000 0.192667 0.016000 0.012000
4 0.457750 0.258667 0.006500 0.013333
4 0.429250 0.245333 0.016500 0.012000
4 0.454250 0.188333 0.006500 0.012667
1 0.505250 0.152333 0.012500 0.020667
0 0.505000 0.167000 0.013000 0.016667
0 0.507250 0.201667 0.021500 0.024667
1 0.385750 0.093667 0.007500 0.010000
0 0.421000 0.109333 0.007000 0.010667
0 0.423000 0.107667 0.006000 0.007333
0 0.426500 0.105000 0.006000 0.007333
0 0.431500 0.103000 0.006000 0.006000
0 0.433000 0.099667 0.005000 0.008667
0 0.437750 0.096667 0.005500 0.008000
0 0.441750 0.092000 0.005500 0.005333
0 0.446000 0.090000 0.004000 0.005333
0 0.448000 0.087000 0.005000 0.004667
0 0.452250 0.082667 0.005500 0.004000
0 0.550500 0.087667 0.016000 0.006000
0 0.548750 0.082000 0.012500 0.006667
0 0.546000 0.077667 0.012000 0.004667
0 0.559000 0.078000 0.012000 0.005333
0 0.559750 0.080667 0.009500 0.005333
0 0.580250 0.079333 0.004500 0.005333
2 0.082750 0.894000 0.165500 0.198667
4 0.687000 0.414667 0.025000 0.025333
