0 0.052714 0.499072 0.024008 0.020408
0 0.138831 0.511596 0.025052 0.026902
0 0.210595 0.518553 0.032881 0.031540
0 0.243998 0.524119 0.029749 0.020408
0 0.276879 0.530148 0.032881 0.023191
4 0.296712 0.519017 0.010960 0.015770
4 0.278445 0.552876 0.013048 0.020408
4 0.323591 0.558905 0.012526 0.021336
4 0.298800 0.539889 0.013048 0.016698
4 0.406315 0.567718 0.010960 0.025974
4 0.393006 0.567254 0.012526 0.019481
4 0.387004 0.567254 0.012004 0.019481
4 0.376566 0.564935 0.010960 0.018553
0 0.437109 0.568182 0.032881 0.034323
0 0.462683 0.570501 0.029749 0.035250
0 0.532098 0.580241 0.027662 0.038033
0 0.554280 0.586271 0.030271 0.037106
2 0.562630 0.543599 0.045929 0.040816
1 0.582463 0.584879 0.028184 0.045455
0 0.607516 0.593228 0.028184 0.038033
0 0.635960 0.591373 0.031837 0.038033
0 0.674582 0.600649 0.027662 0.039889
0 0.629958 0.550557 0.028184 0.032468
1 0.658142 0.553803 0.026096 0.035250
0 0.693111 0.561688 0.022965 0.028757
0 0.723121 0.564471 0.022443 0.038033
0 0.769050 0.566327 0.016180 0.036178
1 0.832203 0.621058 0.065240 0.056586
4 0.880741 0.635900 0.014092 0.023191
4 0.896660 0.636827 0.021921 0.028757
4 0.915188 0.640074 0.010960 0.029685
4 0.929802 0.590909 0.014092 0.025974
0 0.966336 0.546846 0.033925 0.036178
0 0.943633 0.522727 0.024008 0.025046
0 0.909447 0.533859 0.024530 0.032468
0 0.882046 0.522263 0.024008 0.031540
0 0.987735 0.536642 0.022443 0.025046
