0 0.764286 0.712381 0.051429 0.099048
4 0.403929 0.574762 0.013571 0.048571
4 0.420357 0.548095 0.017857 0.040952
4 0.402500 0.520476 0.017857 0.056190
1 0.316429 0.529524 0.075714 0.125714
0 0.255000 0.523333 0.062857 0.126667
0 0.176071 0.509524 0.062143 0.125714
4 0.155357 0.436190 0.039286 0.022857
4 0.166071 0.346667 0.022143 0.045714
4 0.185357 0.350000 0.023571 0.042857
4 0.226071 0.359524 0.029286 0.048571
4 0.247143 0.358571 0.025714 0.050476
4 0.191786 0.306190 0.029286 0.044762
4 0.208214 0.312381 0.020714 0.047619
4 0.226786 0.312381 0.016429 0.055238
4 0.269643 0.346667 0.023571 0.053333
4 0.276786 0.370952 0.019286 0.044762
4 0.294643 0.356190 0.019286 0.047619
4 0.308929 0.372381 0.017857 0.053333
4 0.309286 0.330952 0.017143 0.050476
4 0.308571 0.297619 0.037143 0.025714
4 0.307857 0.280000 0.038571 0.026667
4 0.456786 0.297619 0.013571 0.040952
4 0.927500 0.559524 0.039286 0.016190
