0 0.485714 0.201429 0.005714 0.006667
0 0.480714 0.205714 0.007143 0.007619
0 0.441071 0.215714 0.007857 0.010476
0 0.453214 0.242381 0.007857 0.010476
0 0.442857 0.242381 0.007143 0.010476
0 0.473214 0.255714 0.010714 0.016190
0 0.492500 0.238571 0.007857 0.010476
0 0.495714 0.286190 0.012857 0.012381
0 0.510714 0.284286 0.012857 0.010476
0 0.522857 0.278095 0.008571 0.011429
0 0.510000 0.275238 0.008571 0.011429
0 0.492143 0.278571 0.015714 0.012381
0 0.446429 0.426190 0.017143 0.027619
0 0.444286 0.457619 0.018571 0.031429
0 0.443571 0.494762 0.017143 0.033333
0 0.471429 0.509524 0.021429 0.038095
0 0.501071 0.491905 0.022143 0.039048
0 0.507500 0.542857 0.023571 0.047619
0 0.473571 0.559048 0.025714 0.049524
0 0.439643 0.541429 0.020714 0.044762
0 0.431786 0.585714 0.023571 0.049524
0 0.475714 0.620000 0.025714 0.057143
0 0.515000 0.593810 0.027143 0.050476
0 0.521071 0.676190 0.029286 0.070476
0 0.475000 0.684762 0.031429 0.072381
0 0.430357 0.670952 0.029286 0.063810
4 0.366071 0.579524 0.006429 0.018095
4 0.351786 0.602857 0.007857 0.019048
4 0.261071 0.892857 0.013571 0.029524
4 0.356429 0.635238 0.010000 0.022857
4 0.333214 0.630952 0.007857 0.016190
4 0.343571 0.631905 0.008571 0.012381
4 0.315000 0.836190 0.014286 0.032381
4 0.340357 0.827143 0.013571 0.021905
4 0.292857 0.798095 0.008571 0.024762
4 0.235714 0.870952 0.027143 0.035238
4 0.217143 0.764762 0.025714 0.051429
0 0.429286 0.304286 0.024286 0.018095
4 0.979643 0.844762 0.025000 0.019048
