1 0.429802 0.031540 0.027662 0.063080
1 0.416754 0.106215 0.027662 0.073284
1 0.410752 0.178571 0.027140 0.071429
1 0.532098 0.071892 0.023486 0.082560
1 0.390136 0.317718 0.041232 0.108534
0 0.513309 0.253711 0.027662 0.091837
1 0.374217 0.430427 0.035491 0.102041
4 0.365344 0.509276 0.020877 0.035250
4 0.635699 0.337662 0.025052 0.027829
4 0.663100 0.526438 0.018267 0.017625
4 0.645877 0.505566 0.019311 0.029685
4 0.655271 0.607607 0.025574 0.027829
4 0.627610 0.578850 0.026618 0.027829
4 0.650574 0.676716 0.036013 0.023191
4 0.668058 0.819573 0.034447 0.023191
4 0.674582 0.706401 0.033925 0.032468
4 0.665971 0.857607 0.032359 0.026902
4 0.659447 0.970779 0.041232 0.036178
4 0.558455 0.940167 0.031315 0.030612
2 0.485647 0.807978 0.114301 0.152134
2 0.420407 0.948516 0.056889 0.099258
0 0.303236 0.905380 0.054280 0.161410
1 0.328288 0.746289 0.040710 0.110390
0 0.349165 0.608534 0.043841 0.126160
4 0.686065 0.121985 0.021399 0.017625
4 0.718685 0.093228 0.020877 0.021336
