2 0.950418 0.788497 0.049061 0.066790
4 0.806889 0.294527 0.013570 0.019481
4 0.819937 0.271336 0.014614 0.019481
4 0.841075 0.206401 0.014092 0.013915
4 0.908142 0.096475 0.013570 0.016698
4 0.917797 0.082560 0.012004 0.014842
1 0.846033 0.058442 0.017745 0.024119
0 0.852818 0.039425 0.024008 0.019481
0 0.867432 0.022263 0.015658 0.020408
0 0.877610 0.008349 0.015136 0.016698
1 0.800365 0.048237 0.013048 0.027829
0 0.789666 0.063080 0.017745 0.029685
2 0.765397 0.102968 0.020355 0.035250
1 0.828288 0.006957 0.016701 0.013915
0 0.809760 0.035250 0.016180 0.025974
1 0.798539 0.230983 0.028184 0.035250
1 0.781837 0.252783 0.030271 0.032468
1 0.771399 0.274583 0.035491 0.038961
0 0.753392 0.314471 0.030793 0.042672
0 0.697547 0.218924 0.023486 0.035250
1 0.754175 0.128015 0.018789 0.029685
2 0.729123 0.157699 0.040710 0.076067
0 0.662578 0.272263 0.025574 0.043599
4 0.636221 0.313544 0.012526 0.012987
4 0.611952 0.316327 0.012004 0.022263
4 0.623956 0.306122 0.005741 0.020408
0 0.608820 0.432282 0.030793 0.051948
0 0.585073 0.575139 0.034447 0.059369
2 0.509916 0.517625 0.040710 0.066790
2 0.393267 0.697124 0.103862 0.171614
0 0.378653 0.515306 0.034969 0.058442
2 0.394311 0.531076 0.047495 0.069573
0 0.210595 0.734694 0.051670 0.074212
1 0.183194 0.918831 0.057411 0.088126
1 0.074374 0.891466 0.055846 0.087199
