0 0.683929 0.171905 0.052143 0.037143
0 0.520714 0.225714 0.050000 0.055238
0 0.539643 0.466190 0.023571 0.067619
0 0.432857 0.524286 0.028571 0.069524
0 0.539286 0.729524 0.024286 0.070476
0 0.188571 0.825714 0.052857 0.066667
0 0.173214 0.706667 0.047857 0.066667
1 0.514643 0.952857 0.037857 0.065714
1 0.346071 0.173810 0.046429 0.037143
0 0.807143 0.170000 0.055714 0.037143
4 0.437500 0.852381 0.010714 0.030476
4 0.454286 0.910476 0.007143 0.028571
4 0.463571 0.768095 0.007143 0.029524
4 0.448214 0.718571 0.009286 0.029524
4 0.461786 0.620952 0.009286 0.028571
4 0.462857 0.426667 0.008571 0.028571
4 0.481071 0.490952 0.009286 0.025714
4 0.425000 0.362381 0.012857 0.031429
4 0.389643 0.326667 0.012143 0.030476
1 0.023571 0.825238 0.047143 0.063810
0 0.014643 0.709048 0.029286 0.060000
0 0.048571 0.713333 0.051429 0.068571
0 0.085714 0.712381 0.048571 0.064762
0 0.130714 0.708095 0.052857 0.069524
2 0.540357 0.623333 0.036429 0.126667
4 0.429643 0.200476 0.022143 0.020000
4 0.426429 0.122381 0.008571 0.035238
4 0.599643 0.220000 0.025000 0.017143
4 0.897143 0.237143 0.025714 0.015238
4 0.952857 0.207143 0.025714 0.018095
0 0.985714 0.170000 0.028571 0.035238
4 0.301786 0.144286 0.019286 0.014286
4 0.447143 0.062857 0.012857 0.040000
