0 0.078810 0.343692 0.148225 0.110390
4 0.250261 0.562152 0.036013 0.102041
4 0.492954 0.531540 0.024530 0.098330
4 0.528184 0.602505 0.018789 0.125232
4 0.490866 0.661874 0.050626 0.080705
4 0.510960 0.709647 0.054280 0.046382
4 0.454854 0.731447 0.060021 0.069573
4 0.521921 0.771800 0.054280 0.053803
4 0.491649 0.817254 0.061587 0.066790
4 0.466597 0.850649 0.057411 0.057514
4 0.547234 0.859462 0.033925 0.117811
4 0.503653 0.942950 0.057411 0.067718
4 0.445459 0.910482 0.068372 0.058442
4 0.445459 0.967996 0.066284 0.054731
4 0.972077 0.955009 0.033925 0.082560
4 0.755219 0.835343 0.054280 0.064007
4 0.746086 0.782468 0.061065 0.062152
4 0.749217 0.734694 0.055846 0.061224
4 0.854384 0.300093 0.025052 0.075139
4 0.818633 0.320501 0.047495 0.060297
4 0.789144 0.290816 0.028184 0.062152
4 0.828288 0.239332 0.037578 0.050093
4 0.901879 0.298237 0.026096 0.078850
4 0.930324 0.261596 0.040188 0.087199
4 0.837944 0.124304 0.047495 0.061224
0 0.625522 0.219852 0.060021 0.172542
4 0.519050 0.027365 0.023486 0.054731
4 0.494781 0.042208 0.017745 0.058442
4 0.513309 0.070965 0.017223 0.067718
4 0.454593 0.038033 0.048017 0.057514
4 0.403706 0.031076 0.042276 0.047310
4 0.430585 0.063080 0.033403 0.040816
4 0.404489 0.133117 0.021921 0.076994
4 0.444676 0.083952 0.034447 0.043599
4 0.442067 0.102968 0.045929 0.046382
4 0.439196 0.135436 0.044363 0.051948
4 0.376044 0.140074 0.016180 0.048237
