0 0.637500 0.808095 0.045000 0.101905
0 0.556429 0.453333 0.025714 0.045714
0 0.563571 0.385238 0.024286 0.039048
0 0.545357 0.297143 0.017857 0.028571
0 0.524286 0.316190 0.018571 0.024762
0 0.511071 0.156190 0.012143 0.019048
0 0.487143 0.107619 0.010000 0.015238
0 0.491071 0.075714 0.009286 0.014286
0 0.270357 0.633333 0.082143 0.066667
0 0.278214 0.553333 0.067857 0.059048
0 0.268214 0.600952 0.076429 0.055238
0 0.241429 0.510952 0.042857 0.025714
4 0.374643 0.516190 0.013571 0.043810
4 0.386071 0.251429 0.005000 0.015238
4 0.586071 0.337619 0.006429 0.018095
4 0.408214 0.099524 0.005000 0.018095
4 0.412857 0.142381 0.004286 0.012381
4 0.402143 0.153333 0.004286 0.013333
0 0.403214 0.123810 0.010714 0.017143
0 0.471071 0.012857 0.006429 0.006667
0 0.472143 0.003333 0.004286 0.006667
0 0.434643 0.081429 0.010714 0.014286
4 0.497500 0.107619 0.003571 0.007619
4 0.468929 0.037619 0.002143 0.008571
1 0.351071 0.077143 0.042143 0.028571
0 0.390357 0.014286 0.007857 0.007619
4 0.477143 0.024286 0.002857 0.008571
4 0.672857 0.625714 0.012857 0.032381
