2 0.352250 0.762333 0.073500 0.272667
4 0.459250 0.769000 0.019500 0.046000
4 0.563500 0.717667 0.015000 0.050000
0 0.609000 0.704667 0.055000 0.134667
2 0.444000 0.504667 0.041000 0.137333
2 0.598250 0.387333 0.074500 0.085333
1 0.560500 0.323000 0.036000 0.075333
4 0.518750 0.286667 0.011500 0.030667
4 0.432000 0.264667 0.015000 0.033333
2 0.528500 0.134000 0.031000 0.070667
1 0.401500 0.153667 0.069000 0.054000
4 0.450750 0.154333 0.008500 0.023333
0 0.438750 0.095333 0.025500 0.058667
4 0.494750 0.030333 0.009500 0.026000
4 0.446000 0.047333 0.007000 0.024000
2 0.412750 0.036333 0.055500 0.040667
0 0.458750 0.015333 0.022500 0.030667
