0 0.043500 0.361667 0.084000 0.095333
1 0.082750 0.326000 0.096500 0.105333
0 0.112500 0.443000 0.093000 0.106000
0 0.034250 0.539667 0.067500 0.112667
0 0.117750 0.541000 0.091500 0.100667
0 0.198000 0.531667 0.069000 0.114000
2 0.201000 0.444333 0.119000 0.135333
2 0.259250 0.402667 0.099500 0.117333
4 0.264250 0.545667 0.039500 0.039333
0 0.110000 0.638000 0.107000 0.117333
1 0.200250 0.643000 0.121500 0.138000
0 0.158750 0.760000 0.110500 0.092000
0 0.209750 0.835000 0.117500 0.083333
0 0.313000 0.689333 0.056000 0.156000
0 0.411250 0.924667 0.123500 0.150667
0 0.444500 0.811667 0.072000 0.176667
0 0.448500 0.616667 0.078000 0.144000
1 0.511250 0.485333 0.091500 0.154667
0 0.504750 0.402667 0.085500 0.096000
2 0.440500 0.403333 0.106000 0.104000
0 0.564750 0.923333 0.112500 0.153333
0 0.646000 0.983000 0.058000 0.034000
1 0.623500 0.755333 0.111000 0.138667
2 0.733750 0.445333 0.108500 0.092000
2 0.586000 0.165667 0.110000 0.106000
4 0.730250 0.160333 0.017500 0.040667
4 0.828250 0.124000 0.030500 0.034667
1 0.848750 0.329667 0.053500 0.068667
1 0.976750 0.169667 0.046500 0.078000
0 0.893250 0.037333 0.077500 0.074667
4 0.661750 0.285000 0.032500 0.030000
