4 0.336071 0.787619 0.022143 0.015238
4 0.397857 0.635714 0.027143 0.020000
0 0.503214 0.593333 0.030714 0.087619
0 0.551786 0.613810 0.062143 0.039048
4 0.409286 0.528571 0.020000 0.011429
4 0.416429 0.469524 0.020000 0.011429
4 0.413929 0.454286 0.025000 0.013333
4 0.424286 0.421905 0.024286 0.011429
4 0.590357 0.309524 0.017857 0.019048
4 0.431786 0.301429 0.016429 0.016190
0 0.596786 0.168095 0.065000 0.040952
4 0.448214 0.134762 0.026429 0.014286
4 0.449286 0.117143 0.024286 0.015238
4 0.453929 0.083333 0.023571 0.018095
4 0.410357 0.086667 0.010714 0.034286
4 0.399286 0.060476 0.010000 0.039048
4 0.450714 0.050476 0.027143 0.019048
4 0.591429 0.073810 0.014286 0.039048
