0 0.673017 0.753247 0.066284 0.090909
0 0.649791 0.690631 0.067850 0.071429
0 0.634916 0.624768 0.062109 0.086271
0 0.628392 0.511132 0.050104 0.063080
0 0.621347 0.475417 0.042276 0.052876
0 0.620303 0.422078 0.047495 0.059369
0 0.719990 0.401206 0.043319 0.060297
0 0.727035 0.449907 0.044885 0.059369
0 0.738518 0.486549 0.056367 0.064007
0 0.761743 0.587199 0.045407 0.074212
0 0.781315 0.711967 0.062630 0.078850
0 0.807933 0.787106 0.068894 0.084416
4 0.792276 0.655380 0.017745 0.036178
4 0.851775 0.590909 0.014614 0.044527
4 0.854645 0.564471 0.021399 0.039889
0 0.693372 0.280612 0.039144 0.049165
0 0.604123 0.248609 0.022443 0.035250
0 0.674843 0.161874 0.036534 0.039889
0 0.663622 0.141466 0.031837 0.026902
0 0.593424 0.134972 0.032359 0.028757
0 0.591336 0.115955 0.030271 0.024119
4 0.707985 0.255102 0.016180 0.018553
4 0.706159 0.243970 0.015658 0.018553
4 0.712422 0.242579 0.013570 0.021336
4 0.728601 0.260204 0.018789 0.021336
4 0.722338 0.250464 0.012526 0.024119
4 0.728079 0.245362 0.014614 0.019481
4 0.705637 0.107143 0.011482 0.015770
4 0.681106 0.063080 0.012526 0.012987
4 0.686848 0.066327 0.010438 0.013915
4 0.696242 0.069573 0.008351 0.016698
4 0.693111 0.066790 0.011482 0.016698
4 0.693894 0.061224 0.008873 0.012987
4 0.688935 0.051484 0.011482 0.012059
4 0.686587 0.047310 0.012004 0.014842
4 0.640136 0.035714 0.009916 0.015770
4 0.632829 0.022263 0.006785 0.014842
0 0.582985 0.022727 0.028184 0.023191
0 0.581681 0.012523 0.026618 0.017625
0 0.583507 0.005566 0.022965 0.011132
4 0.532881 0.050093 0.004175 0.014842
2 0.486430 0.043599 0.013570 0.033395
4 0.492693 0.094620 0.006263 0.020408
0 0.467119 0.175325 0.017745 0.035250
1 0.468424 0.242115 0.019311 0.042672
3 0.485647 0.568182 0.040188 0.134508
4 0.294885 0.456865 0.011482 0.028757
4 0.252610 0.448980 0.021921 0.027829
4 0.249478 0.463358 0.018789 0.023191
4 0.242954 0.474026 0.021399 0.024119
4 0.238257 0.483766 0.021399 0.023191
4 0.216336 0.559369 0.019311 0.024119
4 0.183716 0.651206 0.026096 0.025974
4 0.129175 0.731911 0.016180 0.048237
4 0.133612 0.804731 0.036534 0.047310
4 0.108299 0.879406 0.014092 0.044527
4 0.099948 0.924861 0.032881 0.055659
0 0.423800 0.303803 0.036534 0.051020
4 0.281837 0.217069 0.007307 0.022263
4 0.334029 0.212894 0.006263 0.023191
4 0.339770 0.118275 0.005219 0.017625
4 0.328027 0.088590 0.012004 0.013915
4 0.336900 0.064007 0.007829 0.014842
4 0.373173 0.043135 0.008351 0.019481
4 0.390136 0.041744 0.009916 0.012987
1 0.375261 0.060297 0.014614 0.037106
4 0.404228 0.092301 0.005741 0.017625
4 0.414927 0.038033 0.006263 0.018553
