3 0.067857 0.064762 0.040000 0.129524
0 0.007857 0.974286 0.015714 0.049524
1 0.467857 0.966667 0.024286 0.066667
0 0.423571 0.970952 0.055714 0.035238
4 0.542857 0.970952 0.022857 0.023810
0 0.444286 0.910476 0.054286 0.038095
4 0.551429 0.929524 0.012857 0.024762
4 0.551071 0.865238 0.010714 0.027619
4 0.566786 0.859524 0.016429 0.020000
4 0.558571 0.844286 0.018571 0.010476
4 0.561071 0.829524 0.022143 0.013333
4 0.563214 0.785238 0.017857 0.016190
4 0.552143 0.745714 0.018571 0.017143
0 0.427857 0.867619 0.048571 0.028571
0 0.432143 0.829048 0.048571 0.033333
0 0.427857 0.776190 0.052857 0.030476
1 0.452500 0.738571 0.042143 0.033333
0 0.445000 0.701905 0.055714 0.034286
1 0.445000 0.626190 0.048571 0.035238
4 0.442500 0.659048 0.017857 0.017143
0 0.436071 0.451905 0.052143 0.029524
1 0.562500 0.364762 0.047857 0.066667
1 0.567857 0.413810 0.041429 0.054286
4 0.578214 0.312857 0.009286 0.025714
4 0.510000 0.350476 0.005714 0.011429
4 0.476071 0.315714 0.007857 0.012381
2 0.428214 0.352857 0.072143 0.040952
2 0.430714 0.308095 0.070000 0.040952
2 0.430714 0.231905 0.062857 0.035238
4 0.571429 0.173810 0.018571 0.014286
