0 0.415000 0.670476 0.085714 0.276190
0 0.696071 0.889048 0.205000 0.120952
0 0.684286 0.745714 0.172857 0.116190
0 0.666429 0.630476 0.142857 0.093333
0 0.661786 0.534286 0.153571 0.097143
0 0.642857 0.441905 0.145714 0.089524
0 0.640714 0.357143 0.135714 0.080000
0 0.616071 0.218571 0.122143 0.080952
0 0.605000 0.063333 0.108571 0.071429
0 0.603571 0.024286 0.107143 0.046667
4 0.802857 0.841905 0.040000 0.099048
4 0.795000 0.732381 0.030000 0.081905
4 0.797500 0.371905 0.035000 0.060000
4 0.705357 0.224286 0.025000 0.052381
4 0.729643 0.214762 0.035000 0.073333
