4 0.218424 0.824675 0.014092 0.050093
4 0.278967 0.701299 0.016180 0.059369
0 0.321242 0.762523 0.046451 0.126160
4 0.405793 0.684137 0.013048 0.051020
4 0.360647 0.449907 0.024008 0.027829
0 0.454071 0.606679 0.033403 0.098330
4 0.347338 0.408627 0.021399 0.028757
4 0.352035 0.396568 0.019311 0.028757
0 0.478862 0.395176 0.026618 0.074212
0 0.483559 0.285250 0.021399 0.054731
4 0.419624 0.307978 0.020877 0.020408
4 0.429541 0.218460 0.013570 0.013915
4 0.485908 0.237013 0.014614 0.021336
1 0.497651 0.189239 0.019311 0.057514
2 0.506785 0.159091 0.016701 0.047310
1 0.580637 0.389147 0.027662 0.086271
0 0.453027 0.771800 0.040710 0.152134
4 0.649008 0.835807 0.027662 0.044527
4 0.668319 0.891929 0.032881 0.054731
4 0.667276 0.945269 0.036013 0.050093
4 0.672495 0.968924 0.033925 0.034323
4 0.759134 0.929035 0.032881 0.038033
4 0.662317 0.778293 0.019833 0.050093
4 0.649269 0.771336 0.024008 0.043599
4 0.639092 0.749072 0.018267 0.054731
4 0.655793 0.733302 0.020355 0.045455
4 0.638048 0.694805 0.025574 0.038961
4 0.641701 0.636364 0.021399 0.033395
4 0.667276 0.473562 0.019311 0.026902
4 0.566545 0.542208 0.013048 0.045455
4 0.619520 0.465213 0.027140 0.030612
4 0.627349 0.455009 0.016701 0.041744
4 0.615866 0.438776 0.019833 0.029685
4 0.605689 0.428108 0.020355 0.028757
4 0.617171 0.356215 0.017223 0.029685
4 0.615084 0.344156 0.016180 0.024119
4 0.609603 0.314471 0.017745 0.024119
4 0.594468 0.256030 0.016701 0.018553
1 0.570459 0.212430 0.020877 0.055659
4 0.618476 0.171150 0.016701 0.019481
4 0.594207 0.176252 0.014092 0.022263
4 0.594729 0.171614 0.014092 0.025974
4 0.520355 0.183673 0.007307 0.024119
0 0.555585 0.096475 0.020355 0.033395
4 0.582724 0.068182 0.007829 0.015770
4 0.581681 0.063080 0.013048 0.012987
0 0.498695 0.013451 0.016180 0.026902
4 0.567067 0.009276 0.010960 0.014842
