0 0.161534 0.692022 0.109081 0.092764
4 0.022965 0.216605 0.012526 0.012059
0 0.099948 0.206865 0.021399 0.025974
0 0.041754 0.509740 0.049061 0.064007
4 0.312370 0.513451 0.026618 0.032468
4 0.407620 0.561224 0.021921 0.037106
0 0.509656 0.472635 0.057933 0.054731
4 0.574635 0.578850 0.024008 0.027829
4 0.591597 0.572356 0.024530 0.033395
4 0.607777 0.568182 0.021399 0.034323
0 0.642484 0.403061 0.048017 0.041744
4 0.743737 0.393785 0.015658 0.028757
0 0.884656 0.301484 0.036534 0.031540
4 0.911013 0.283395 0.012004 0.019481
2 0.068633 0.213358 0.025574 0.022263
