1 0.130000 0.408095 0.088571 0.096190
1 0.321071 0.583333 0.076429 0.079048
2 0.181786 0.559524 0.102143 0.113333
1 0.078214 0.796190 0.073571 0.106667
0 0.331786 0.708571 0.093571 0.110476
0 0.225714 0.492381 0.091429 0.095238
0 0.047500 0.117619 0.083571 0.086667
0 0.114286 0.846190 0.085714 0.130476
0 0.191786 0.927143 0.082143 0.143810
0 0.152500 0.882381 0.083571 0.134286
1 0.040714 0.763810 0.081429 0.118095
0 0.021071 0.712381 0.042143 0.097143
0 0.238929 0.950952 0.073571 0.098095
0 0.289643 0.970000 0.050714 0.058095
1 0.584286 0.959048 0.054286 0.078095
0 0.735714 0.861429 0.078571 0.145714
0 0.739286 0.248095 0.071429 0.117143
1 0.187143 0.034762 0.072857 0.069524
1 0.310000 0.106667 0.091429 0.104762
4 0.427857 0.241429 0.021429 0.021905
2 0.512857 0.263810 0.122857 0.123810
1 0.605000 0.352381 0.075714 0.081905
4 0.756786 0.460476 0.032143 0.046667
2 0.814643 0.258571 0.096429 0.145714
4 0.508571 0.926190 0.030000 0.037143
4 0.497143 0.962381 0.024286 0.033333
