0 0.269572 0.936456 0.051670 0.125232
2 0.445981 0.946197 0.034969 0.105751
4 0.170407 0.653989 0.015136 0.037106
4 0.339248 0.409555 0.008351 0.026902
4 0.274269 0.320501 0.010960 0.023191
4 0.331942 0.302412 0.013570 0.020408
4 0.365084 0.204545 0.007829 0.021336
4 0.368737 0.185529 0.013048 0.018553
4 0.376566 0.159091 0.012004 0.013915
4 0.409186 0.205937 0.006263 0.016698
0 0.363779 0.096939 0.019833 0.019481
4 0.375261 0.102968 0.004175 0.014842
4 0.384656 0.088126 0.005219 0.012987
4 0.413883 0.108534 0.005219 0.012987
4 0.414144 0.121985 0.004697 0.013915
4 0.381785 0.053340 0.004697 0.012059
4 0.386221 0.037570 0.006263 0.010204
4 0.427192 0.048701 0.003653 0.012059
4 0.432672 0.030148 0.004175 0.010204
0 0.451461 0.025974 0.011482 0.020408
0 0.446503 0.169295 0.016180 0.026902
2 0.463205 0.050557 0.018267 0.051020
0 0.497390 0.088126 0.012526 0.024119
4 0.520616 0.006494 0.003653 0.009276
4 0.520877 0.170223 0.004175 0.015770
0 0.424582 0.245826 0.019311 0.037106
0 0.421451 0.334879 0.020355 0.051948
0 0.441806 0.481911 0.022443 0.049165
0 0.415710 0.731911 0.032881 0.092764
3 0.830115 0.192950 0.071503 0.050093
2 0.740605 0.185065 0.038622 0.028757
4 0.670668 0.143321 0.009395 0.021336
0 0.641180 0.180427 0.027662 0.023191
0 0.633873 0.166512 0.027662 0.025046
0 0.622390 0.121058 0.026618 0.023191
0 0.619781 0.114100 0.023486 0.020408
0 0.617432 0.101577 0.021921 0.023191
0 0.585856 0.080241 0.020355 0.023191
0 0.588727 0.172542 0.027140 0.024119
0 0.579332 0.164657 0.027140 0.023191
0 0.574374 0.149814 0.026618 0.028757
0 0.571764 0.128015 0.023486 0.020408
0 0.568372 0.121521 0.021921 0.022263
0 0.569154 0.106215 0.023486 0.023191
0 0.561848 0.062616 0.013048 0.015770
4 0.540710 0.050557 0.004175 0.012059
0 0.555585 0.027365 0.019311 0.015770
0 0.555063 0.019944 0.017223 0.013915
0 0.601253 0.035250 0.021921 0.020408
0 0.596294 0.026902 0.019311 0.014842
