1 0.061786 0.858571 0.122143 0.151429
1 0.202500 0.578095 0.117857 0.120000
0 0.215357 0.683810 0.125000 0.137143
0 0.331071 0.459524 0.109286 0.117143
0 0.381786 0.512857 0.105000 0.109524
0 0.343571 0.674762 0.128571 0.145714
1 0.311786 0.901905 0.147857 0.196190
0 0.455714 0.720476 0.120000 0.160952
0 0.549643 0.458571 0.096429 0.109524
0 0.588571 0.533333 0.111429 0.139048
0 0.514286 0.378095 0.100000 0.108571
0 0.439286 0.358571 0.101429 0.096190
0 0.542500 0.260000 0.086429 0.078095
0 0.269286 0.180000 0.092857 0.095238
0 0.152143 0.269524 0.084286 0.091429
0 0.060000 0.355238 0.104286 0.091429
0 0.041071 0.080000 0.045000 0.049524
0 0.098214 0.018095 0.073571 0.036190
4 0.932857 0.352381 0.051429 0.032381
4 0.274286 0.271429 0.042857 0.020952
