0 0.436786 0.232857 0.053571 0.113333
0 0.610714 0.125714 0.061429 0.089524
0 0.785000 0.585238 0.102857 0.181905
0 0.514286 0.347143 0.052857 0.117143
1 0.468929 0.540952 0.076429 0.196190
4 0.332857 0.777619 0.025714 0.086667
4 0.250000 0.512857 0.025714 0.056190
4 0.316429 0.401905 0.020000 0.051429
4 0.053929 0.431429 0.022143 0.051429
4 0.945714 0.400952 0.037143 0.049524
4 0.732857 0.143810 0.021429 0.038095
4 0.896071 0.033810 0.040714 0.035238
4 0.027857 0.877143 0.055714 0.032381
4 0.256429 0.149524 0.015714 0.047619
4 0.302143 0.124762 0.025714 0.060952
