3 0.565357 0.476523 0.067857 0.087563
3 0.468214 0.566624 0.083571 0.102792
3 0.325714 0.699873 0.147143 0.194162
3 0.146786 0.873096 0.146429 0.177665
3 0.696429 0.345178 0.068571 0.091371
3 0.793214 0.265863 0.056429 0.077411
0 0.758571 0.307741 0.020000 0.029188
0 0.737143 0.324239 0.021429 0.024112
0 0.261071 0.439086 0.020714 0.043147
0 0.211429 0.309645 0.020000 0.030457
1 0.247500 0.355964 0.017857 0.044416
1 0.233571 0.327411 0.020000 0.038071
1 0.181429 0.268401 0.030000 0.024112
1 0.138214 0.588198 0.026429 0.057107
1 0.162857 0.739213 0.030000 0.067259
2 0.133214 0.217640 0.026429 0.041878
2 0.155714 0.243655 0.025714 0.043147
4 0.007500 0.141497 0.007857 0.011421
4 0.483929 0.922589 0.022143 0.055838
