4 0.032143 0.934762 0.062857 0.069524
4 0.288571 0.767143 0.025714 0.065714
4 0.245000 0.785238 0.040000 0.073333
0 0.451786 0.730952 0.117857 0.128571
1 0.484643 0.639048 0.119286 0.129524
4 0.508214 0.466190 0.033571 0.046667
4 0.507500 0.336190 0.017857 0.038095
0 0.515000 0.094286 0.027143 0.032381
0 0.581429 0.110000 0.042857 0.035238
0 0.546071 0.025238 0.026429 0.027619
0 0.593929 0.082381 0.027857 0.029524
0 0.575357 0.061429 0.029286 0.029524
0 0.581429 0.324762 0.048571 0.057143
0 0.646429 0.435714 0.044286 0.082857
0 0.722857 0.689524 0.122857 0.095238
0 0.691786 0.389524 0.060714 0.080000
0 0.763571 0.291429 0.058571 0.057143
0 0.645714 0.309048 0.048571 0.067619
0 0.658571 0.164286 0.042857 0.044762
4 0.695714 0.467619 0.027143 0.036190
0 0.936429 0.506190 0.085714 0.086667
