0 0.242500 0.129000 0.053000 0.026000
0 0.257000 0.111667 0.045000 0.022000
0 0.809500 0.038667 0.044000 0.026667
0 0.812250 0.050000 0.044500 0.029333
0 0.897500 0.335667 0.093000 0.048667
0 0.798750 0.329000 0.088500 0.048667
0 0.693000 0.242000 0.073000 0.038667
0 0.755500 0.222000 0.054000 0.042667
0 0.519000 0.238000 0.069000 0.041333
0 0.605000 0.239333 0.045000 0.046667
0 0.432500 0.232333 0.067000 0.042000
0 0.341250 0.229000 0.067500 0.043333
0 0.398000 0.311667 0.075000 0.050000
0 0.232500 0.304000 0.083000 0.042667
0 0.072000 0.299333 0.073000 0.036000
0 0.041750 0.224667 0.066500 0.037333
0 0.113250 0.227333 0.063500 0.037333
0 0.286750 0.176667 0.035500 0.036000
0 0.351000 0.056000 0.025000 0.028000
0 0.373000 0.118667 0.056000 0.030667
0 0.339250 0.103333 0.034500 0.028000
1 0.618000 0.317000 0.069000 0.052667
0 0.967750 0.255000 0.064500 0.036667
0 0.829250 0.125333 0.037500 0.028000
2 0.861750 0.137667 0.083500 0.050000
1 0.335750 0.035333 0.039500 0.025333
0 0.354750 0.022667 0.038500 0.020000
2 0.393750 0.025667 0.035500 0.044667
0 0.365250 0.010333 0.036500 0.014000
4 0.734500 0.276333 0.029000 0.018000
4 0.639250 0.466000 0.036500 0.030667
4 0.622250 0.486667 0.035500 0.025333
4 0.680250 0.580333 0.016500 0.059333
4 0.906000 0.933667 0.074000 0.042000
4 0.837250 0.970333 0.030500 0.059333
4 0.787250 0.965333 0.032500 0.068000
4 0.648750 0.581000 0.036500 0.030000
4 0.661250 0.638667 0.040500 0.032000
4 0.645500 0.661667 0.047000 0.022000
4 0.644000 0.574000 0.054000 0.030667
4 0.654750 0.555333 0.036500 0.029333
4 0.650250 0.520667 0.039500 0.029333
4 0.655250 0.506000 0.033500 0.028000
4 0.669000 0.960333 0.025000 0.075333
