4 0.677143 0.470952 0.017143 0.014286
4 0.558929 0.528571 0.030714 0.030476
4 0.488214 0.549048 0.032143 0.031429
4 0.342857 0.596667 0.037143 0.052381
4 0.357500 0.587619 0.026429 0.045714
0 0.105357 0.422381 0.050714 0.029524
0 0.108929 0.421429 0.049286 0.025714
0 0.192143 0.419048 0.050000 0.026667
0 0.175714 0.417619 0.051429 0.027619
0 0.164286 0.410000 0.047143 0.031429
0 0.325357 0.411905 0.045000 0.020000
0 0.369643 0.424286 0.056429 0.035238
0 0.310000 0.406190 0.042857 0.023810
0 0.026429 0.421905 0.051429 0.036190
1 0.895714 0.431905 0.035714 0.021905
1 0.910714 0.424762 0.032857 0.022857
0 0.890714 0.420952 0.032857 0.022857
1 0.859643 0.417143 0.037857 0.020952
1 0.825714 0.410952 0.032857 0.018095
0 0.809286 0.406190 0.027143 0.016190
0 0.850714 0.411429 0.028571 0.017143
0 0.792143 0.377143 0.015714 0.011429
0 0.845357 0.379048 0.016429 0.011429
3 0.526429 0.401429 0.070000 0.039048
