4 0.304643 0.015714 0.010714 0.020000
4 0.238214 0.458095 0.010714 0.030476
4 0.200357 0.709524 0.012143 0.032381
4 0.188929 0.922381 0.013571 0.042857
4 0.336429 0.601905 0.010000 0.034286
4 0.338214 0.536667 0.010714 0.031429
0 0.281071 0.672381 0.030714 0.081905
4 0.431071 0.802381 0.027857 0.021905
4 0.507857 0.864286 0.028571 0.016190
4 0.444643 0.881429 0.026429 0.014286
0 0.413571 0.862857 0.065714 0.062857
4 0.480000 0.911429 0.015714 0.022857
4 0.460000 0.929524 0.024286 0.017143
4 0.454286 0.949524 0.022857 0.017143
4 0.431786 0.935238 0.019286 0.024762
4 0.426429 0.895238 0.024286 0.009524
4 0.418929 0.906190 0.019286 0.012381
4 0.412857 0.941429 0.024286 0.014286
4 0.432857 0.959524 0.022857 0.021905
4 0.445714 0.987619 0.024286 0.011429
4 0.422143 0.978095 0.027143 0.011429
4 0.410357 0.966190 0.023571 0.012381
4 0.391786 0.954286 0.026429 0.011429
4 0.393214 0.981905 0.026429 0.011429
4 0.418571 0.991429 0.027143 0.011429
0 0.395357 0.465714 0.026429 0.055238
0 0.160714 0.592381 0.034286 0.074286
0 0.178929 0.514286 0.030714 0.066667
1 0.406429 0.271905 0.020000 0.050476
0 0.411786 0.169524 0.020714 0.043810
4 0.421429 0.542381 0.028571 0.021905
