1 0.589286 0.921905 0.030000 0.080000
1 0.518571 0.366190 0.022857 0.067619
1 0.506071 0.276667 0.023571 0.065714
1 0.467143 0.169048 0.025714 0.061905
1 0.158571 0.642381 0.054286 0.027619
0 0.475357 0.863810 0.027857 0.074286
0 0.574286 0.820476 0.027143 0.071429
0 0.562857 0.743810 0.025714 0.068571
0 0.560714 0.668095 0.025714 0.071429
0 0.841429 0.510476 0.055714 0.041905
0 0.462857 0.774762 0.028571 0.075238
0 0.449286 0.696667 0.030000 0.073333
0 0.528571 0.456190 0.025714 0.066667
0 0.417857 0.117143 0.028571 0.072381
0 0.425714 0.530476 0.045714 0.059048
0 0.311786 0.589048 0.053571 0.035238
0 0.257143 0.664762 0.048571 0.036190
0 0.173571 0.687619 0.050000 0.040000
0 0.238571 0.630000 0.057143 0.033333
0 0.059643 0.611429 0.056429 0.038095
1 0.245357 0.567619 0.056429 0.034286
2 0.092143 0.678571 0.065714 0.042857
2 0.369286 0.640952 0.057143 0.040000
2 0.545714 0.556190 0.030000 0.083810
4 0.032500 0.653810 0.025000 0.014286
4 0.085714 0.639524 0.022857 0.014286
4 0.132857 0.621905 0.022857 0.013333
4 0.178929 0.665238 0.025000 0.012381
4 0.207857 0.658571 0.028571 0.014286
4 0.093929 0.608571 0.009286 0.034286
4 0.101429 0.600000 0.010000 0.034286
4 0.180357 0.582857 0.009286 0.030476
4 0.190000 0.583333 0.010000 0.025714
4 0.213214 0.576190 0.010714 0.026667
4 0.152500 0.586667 0.015000 0.030476
4 0.117500 0.601905 0.010714 0.022857
4 0.128929 0.590000 0.010714 0.029524
4 0.324286 0.546667 0.011429 0.026667
4 0.341071 0.545238 0.010714 0.029524
4 0.297143 0.555714 0.012857 0.033333
4 0.277857 0.559048 0.010000 0.028571
4 0.307857 0.552381 0.014286 0.022857
4 0.274643 0.610000 0.017857 0.018095
4 0.211786 0.594286 0.020714 0.013333
4 0.235000 0.602381 0.022857 0.014286
4 0.026429 0.620476 0.011429 0.031429
4 0.005357 0.722381 0.010714 0.031429
4 0.034643 0.720952 0.016429 0.028571
4 0.051786 0.716190 0.015000 0.028571
4 0.086786 0.709048 0.012143 0.027619
4 0.098929 0.704286 0.015000 0.023810
4 0.113929 0.700476 0.013571 0.025714
4 0.129643 0.699524 0.010714 0.027619
4 0.209643 0.680000 0.013571 0.024762
4 0.062857 0.771429 0.010000 0.026667
4 0.338571 0.714286 0.014286 0.030476
4 0.451071 0.555238 0.012143 0.026667
4 0.448929 0.459524 0.012143 0.025714
4 0.462857 0.469048 0.011429 0.031429
4 0.448214 0.493810 0.013571 0.027619
4 0.450714 0.408571 0.010000 0.032381
4 0.410357 0.393333 0.017857 0.013333
4 0.407857 0.372857 0.018571 0.021905
4 0.405714 0.346190 0.015714 0.023810
4 0.400000 0.316190 0.017143 0.017143
4 0.436429 0.367619 0.008571 0.032381
4 0.396429 0.252857 0.010000 0.037143
4 0.411429 0.195238 0.008571 0.030476
4 0.394286 0.291429 0.022857 0.020952
4 0.065357 0.715714 0.022143 0.031429
4 0.198214 0.646667 0.019286 0.013333
