2 0.026824 0.733779 0.053648 0.166031
1 0.171674 0.135496 0.035765 0.051527
2 0.283619 0.937500 0.225322 0.123092
1 0.378040 0.725668 0.042203 0.109733
1 0.365522 0.600668 0.037196 0.084924
4 0.410229 0.723760 0.026466 0.042939
0 0.361946 0.508111 0.037196 0.063931
0 0.478183 0.612118 0.047926 0.088740
1 0.461373 0.530057 0.038627 0.062023
4 0.759657 0.539122 0.027182 0.028626
0 0.419170 0.456584 0.035765 0.067748
1 0.407725 0.392653 0.031474 0.056298
0 0.348712 0.386927 0.027897 0.052481
0 0.354793 0.437023 0.028612 0.057252
1 0.346209 0.348760 0.024320 0.046756
0 0.342275 0.287214 0.022175 0.034351
0 0.340129 0.259542 0.019313 0.024809
0 0.339413 0.239981 0.017883 0.029580
0 0.331903 0.187023 0.015737 0.022901
0 0.469957 0.413645 0.070100 0.044847
0 0.459227 0.390267 0.070100 0.038168
0 0.460300 0.366889 0.062232 0.027672
0 0.449571 0.346374 0.059371 0.030534
0 0.490701 0.320611 0.031474 0.047710
1 0.444564 0.330630 0.046495 0.031489
1 0.216381 0.177004 0.022175 0.035305
3 0.094421 0.179866 0.090129 0.052481
0 0.102647 0.145992 0.015021 0.020992
0 0.236767 0.140267 0.014306 0.011450
0 0.247496 0.110687 0.011445 0.013359
1 0.437053 0.313454 0.042918 0.033397
0 0.430615 0.302004 0.050072 0.031489
0 0.415594 0.286260 0.022890 0.024809
1 0.435265 0.283874 0.020744 0.025763
0 0.427396 0.260496 0.049356 0.024809
4 0.448140 0.280057 0.015021 0.014313
4 0.457439 0.247615 0.005007 0.018130
0 0.423462 0.248569 0.044349 0.021947
0 0.419886 0.237595 0.045780 0.026718
0 0.408798 0.229008 0.045064 0.020992
0 0.416309 0.221374 0.041488 0.017176
0 0.414878 0.210401 0.038627 0.018130
0 0.415236 0.199905 0.037911 0.014313
0 0.434549 0.186069 0.017883 0.020992
0 0.409156 0.190363 0.037196 0.020038
1 0.399142 0.184160 0.040057 0.019084
0 0.390558 0.175573 0.034335 0.011450
0 0.422747 0.171279 0.017167 0.016221
1 0.449571 0.201813 0.017883 0.027672
0 0.392704 0.168416 0.031474 0.014313
0 0.385551 0.158397 0.031474 0.017176
0 0.380544 0.156011 0.031474 0.018130
0 0.329757 0.154580 0.014306 0.022901
0 0.418813 0.138359 0.012160 0.013359
0 0.434907 0.139313 0.012876 0.013359
0 0.449213 0.139313 0.011445 0.015267
0 0.428112 0.130725 0.025036 0.009542
0 0.415236 0.125477 0.013591 0.018130
0 0.394492 0.124523 0.012160 0.012405
0 0.444206 0.123569 0.011445 0.016221
1 0.384120 0.142176 0.021459 0.013359
0 0.227825 0.100668 0.012160 0.014313
3 0.268598 0.097328 0.016452 0.040076
0 0.325823 0.113073 0.009299 0.014313
0 0.326180 0.101622 0.007153 0.012405
0 0.325107 0.095897 0.007868 0.010496
0 0.323319 0.080630 0.008584 0.014313
0 0.365880 0.103053 0.016452 0.013359
0 0.360873 0.095897 0.016452 0.012405
3 0.277539 0.014313 0.031474 0.015267
3 0.243205 0.012882 0.032904 0.012405
3 0.188126 0.012405 0.034335 0.017176
0 0.273247 0.019561 0.017167 0.004771
0 0.267525 0.063454 0.008584 0.012405
0 0.264306 0.081584 0.013591 0.018130
