0 0.103250 0.028667 0.035500 0.034667
0 0.081500 0.064000 0.044000 0.045333
0 0.063500 0.098667 0.045000 0.041333
0 0.021750 0.127333 0.043500 0.052000
4 0.154000 0.011333 0.009000 0.020000
0 0.195000 0.019333 0.027000 0.038667
1 0.179000 0.042333 0.029000 0.040667
1 0.170500 0.077667 0.035000 0.050000
0 0.183500 0.108667 0.080000 0.037333
0 0.185250 0.136000 0.082500 0.044000
0 0.181000 0.158333 0.082000 0.044667
0 0.248500 0.092333 0.080000 0.044667
0 0.176500 0.210333 0.111000 0.063333
1 0.181250 0.286667 0.084500 0.085333
1 0.068000 0.356000 0.085000 0.094667
4 0.463250 0.880667 0.035500 0.102667
4 0.378250 0.840333 0.054500 0.091333
4 0.394250 0.780333 0.051500 0.087333
4 0.368000 0.319333 0.043000 0.034667
1 0.587000 0.585000 0.120000 0.214000
4 0.478000 0.119667 0.012000 0.039333
4 0.551250 0.080000 0.010500 0.025333
4 0.574500 0.097000 0.014000 0.022000
1 0.438250 0.277667 0.048500 0.099333
4 0.443750 0.357000 0.043500 0.046000
4 0.470000 0.347333 0.035000 0.036000
2 0.518750 0.155667 0.079500 0.052667
1 0.573000 0.189667 0.056000 0.087333
1 0.612750 0.248333 0.078500 0.083333
4 0.814000 0.243000 0.024000 0.030000
4 0.667000 0.316667 0.039000 0.028000
