0 0.547234 0.877551 0.036013 0.100186
0 0.626566 0.051020 0.023486 0.014842
0 0.662317 0.171614 0.013570 0.029685
0 0.696764 0.186920 0.015658 0.025046
4 0.685021 0.005102 0.004697 0.008349
4 0.708507 0.051484 0.004697 0.012059
4 0.711378 0.038961 0.003132 0.009276
4 0.674582 0.087199 0.003653 0.012987
4 0.674582 0.196660 0.005741 0.016698
4 0.714248 0.236085 0.005741 0.017625
4 0.709812 0.258813 0.006263 0.018553
4 0.697286 0.347866 0.008351 0.022263
4 0.714509 0.367347 0.008351 0.020408
4 0.703549 0.397032 0.007307 0.022263
4 0.570981 0.660946 0.016701 0.038033
4 0.562109 0.695269 0.018789 0.030612
4 0.566545 0.681818 0.017223 0.029685
4 0.708507 0.705473 0.009916 0.038033
0 0.673278 0.713822 0.032359 0.088126
4 0.748434 0.736085 0.020877 0.034323
4 0.762265 0.763915 0.020355 0.038033
4 0.717902 0.852041 0.018267 0.043599
4 0.697547 0.820037 0.015136 0.055659
4 0.715292 0.940167 0.012004 0.052876
4 0.733820 0.916048 0.020877 0.062152
2 0.772704 0.101577 0.034969 0.026902
2 0.787056 0.009740 0.012526 0.019481
