1 0.192857 0.841905 0.114286 0.085714
0 0.288214 0.792857 0.102143 0.073333
0 0.505357 0.813810 0.116429 0.073333
0 0.690000 0.897619 0.154286 0.090476
0 0.717500 0.829524 0.127857 0.089524
0 0.954643 0.863333 0.090714 0.100000
0 0.751786 0.718571 0.109286 0.060000
3 0.498214 0.687143 0.225000 0.122857
0 0.683571 0.595238 0.035714 0.041905
0 0.977143 0.639048 0.045714 0.038095
3 0.791786 0.525238 0.042143 0.073333
3 0.841071 0.526667 0.035000 0.083810
4 0.322500 0.612857 0.010714 0.025714
4 0.235000 0.570000 0.028571 0.020000
0 0.041786 0.870952 0.083571 0.079048
