2 0.793841 0.331633 0.123173 0.216141
0 0.301670 0.969852 0.093946 0.058442
0 0.283403 0.871985 0.084551 0.109462
0 0.286534 0.779685 0.074113 0.069573
0 0.292276 0.499536 0.059499 0.052876
4 0.276879 0.427180 0.022443 0.023191
4 0.278184 0.399351 0.020877 0.017625
4 0.283142 0.388683 0.024530 0.022263
4 0.278184 0.385900 0.020877 0.022263
4 0.275574 0.374304 0.019833 0.025046
0 0.303497 0.324212 0.049582 0.043599
0 0.308455 0.291744 0.049061 0.036178
4 0.294102 0.151206 0.014092 0.014842
4 0.297234 0.124304 0.010960 0.014842
4 0.376044 0.086271 0.005741 0.018553
2 0.431889 0.019017 0.032881 0.030612
0 0.435021 0.048237 0.030793 0.025974
0 0.444415 0.093228 0.031837 0.034323
2 0.464770 0.216605 0.034969 0.119666
4 0.403967 0.301948 0.008351 0.028757
1 0.483299 0.349258 0.041754 0.058442
0 0.481472 0.381725 0.048539 0.054731
0 0.484081 0.423933 0.048539 0.059369
0 0.502610 0.478200 0.054280 0.064007
0 0.512526 0.519944 0.055324 0.069573
0 0.523747 0.581169 0.048539 0.060297
1 0.530271 0.624304 0.053236 0.081633
1 0.533142 0.688776 0.057933 0.086271
