4 0.267143 0.913810 0.032857 0.040952
4 0.276786 0.880476 0.025000 0.042857
4 0.275714 0.736190 0.027143 0.028571
4 0.292857 0.700476 0.025714 0.037143
4 0.193214 0.856190 0.015000 0.059048
2 0.761429 0.117143 0.018571 0.019048
0 0.776786 0.120476 0.013571 0.012381
4 0.815000 0.152857 0.005714 0.012381
0 0.728571 0.305714 0.035714 0.030476
4 0.777500 0.317143 0.015000 0.013333
0 0.979643 0.188571 0.017857 0.013333
4 0.858571 0.197619 0.011429 0.008571
0 0.622857 0.106667 0.012857 0.007619
0 0.433571 0.062857 0.007143 0.009524
