0 0.202857 0.505714 0.088571 0.161905
4 0.759643 0.958571 0.057857 0.080952
4 0.481429 0.457143 0.025714 0.057143
4 0.463929 0.409524 0.019286 0.055238
4 0.428929 0.233810 0.026429 0.035238
4 0.350714 0.184286 0.024286 0.033333
4 0.367500 0.174762 0.030714 0.040952
4 0.163929 0.062381 0.017857 0.031429
0 0.418929 0.507619 0.132143 0.108571
0 0.394643 0.441905 0.109286 0.102857
0 0.371071 0.394286 0.097857 0.085714
0 0.357143 0.349524 0.104286 0.087619
0 0.331786 0.306667 0.105000 0.081905
0 0.322500 0.267619 0.103571 0.068571
0 0.285714 0.202857 0.090000 0.066667
0 0.256429 0.120000 0.082857 0.060952
0 0.247143 0.091429 0.077143 0.059048
0 0.242857 0.070476 0.077143 0.045714
0 0.232857 0.053810 0.070000 0.046667
0 0.215714 0.037143 0.070000 0.043810
0 0.212857 0.018571 0.071429 0.035238
