0 0.461071 0.454949 0.022143 0.064721
0 0.465357 0.375635 0.020714 0.055838
0 0.498929 0.064721 0.012143 0.035533
0 0.499286 0.022843 0.014286 0.027919
0 0.519286 0.154822 0.014286 0.030457
0 0.515714 0.114848 0.012857 0.039340
0 0.530357 0.791244 0.030714 0.110406
0 0.529286 0.923223 0.035714 0.133249
0 0.520000 0.310279 0.018571 0.049492
0 0.521071 0.362944 0.020714 0.043147
0 0.523214 0.418147 0.019286 0.052030
0 0.523929 0.491751 0.020714 0.059645
0 0.471786 0.204949 0.016429 0.039340
0 0.476071 0.118020 0.015000 0.032995
0 0.515357 0.062817 0.013571 0.024112
0 0.516071 0.086929 0.015000 0.029188
0 0.515000 0.019670 0.012857 0.034264
1 0.480000 0.043147 0.012857 0.030457
1 0.478571 0.082487 0.012857 0.030457
1 0.520357 0.252538 0.016429 0.045685
1 0.468929 0.242386 0.017857 0.040609
1 0.467143 0.319797 0.021429 0.048223
1 0.459286 0.550761 0.025714 0.076142
1 0.525357 0.569797 0.027857 0.086294
1 0.517857 0.211929 0.017143 0.043147
1 0.527857 0.677030 0.028571 0.090102
1 0.473929 0.147208 0.015000 0.032995
