4 0.495250 0.920333 0.038500 0.083333
4 0.595250 0.676667 0.018500 0.064000
4 0.671500 0.521333 0.044000 0.041333
1 0.657750 0.473333 0.049500 0.074667
1 0.574000 0.432667 0.081000 0.066667
4 0.595750 0.473667 0.028500 0.032667
1 0.562250 0.483333 0.084500 0.072000
1 0.533250 0.511333 0.099500 0.068000
1 0.520750 0.552333 0.137500 0.082000
4 0.316250 0.335333 0.025500 0.028000
1 0.340500 0.324333 0.061000 0.042000
0 0.287750 0.429333 0.062500 0.049333
1 0.412750 0.424000 0.075500 0.061333
1 0.416250 0.399000 0.073500 0.058000
1 0.364000 0.386333 0.061000 0.054000
1 0.449500 0.329667 0.044000 0.044667
4 0.399000 0.486000 0.020000 0.033333
1 0.317000 0.535667 0.106000 0.084667
1 0.298750 0.733333 0.124500 0.108000
1 0.228500 0.717000 0.138000 0.126000
1 0.170500 0.660000 0.151000 0.118667
1 0.401250 0.287333 0.061500 0.042667
0 0.408000 0.278333 0.044000 0.027333
0 0.430500 0.272667 0.044000 0.030667
0 0.450250 0.266667 0.044500 0.026667
2 0.460000 0.252667 0.047000 0.037333
1 0.471250 0.248667 0.040500 0.028000
0 0.508000 0.299000 0.038000 0.035333
0 0.587500 0.309667 0.064000 0.040667
2 0.596250 0.270333 0.060500 0.040667
0 0.532500 0.281000 0.035000 0.030000
0 0.559250 0.258667 0.026500 0.024000
0 0.559500 0.237000 0.022000 0.023333
0 0.582500 0.243000 0.026000 0.024667
0 0.617500 0.239000 0.036000 0.024667
0 0.646000 0.233000 0.037000 0.020667
4 0.620750 0.229333 0.013500 0.013333
0 0.607750 0.211333 0.038500 0.017333
0 0.629250 0.206000 0.036500 0.018667
0 0.592250 0.196000 0.031500 0.016000
1 0.489250 0.239667 0.044500 0.031333
1 0.502250 0.235333 0.033500 0.025333
0 0.505500 0.231333 0.038000 0.020000
0 0.512250 0.224000 0.038500 0.020000
2 0.537750 0.196000 0.043500 0.024000
0 0.542500 0.191000 0.038000 0.019333
0 0.503750 0.190000 0.028500 0.014667
0 0.452000 0.218000 0.038000 0.024000
0 0.411250 0.216000 0.021500 0.022667
0 0.381750 0.216000 0.023500 0.022667
0 0.373750 0.192000 0.027500 0.014667
2 0.377000 0.173667 0.089000 0.043333
