0 0.406000 0.688333 0.061000 0.124667
2 0.592500 0.933333 0.073000 0.133333
4 0.569500 0.670667 0.019000 0.038667
4 0.532750 0.675333 0.022500 0.042667
0 0.487250 0.591667 0.040500 0.088667
4 0.534250 0.572333 0.013500 0.035333
1 0.641000 0.491667 0.036000 0.080667
4 0.510500 0.383667 0.008000 0.020667
4 0.527000 0.387667 0.009000 0.019333
4 0.559500 0.385333 0.017000 0.021333
0 0.475250 0.399667 0.023500 0.040667
0 0.486750 0.367000 0.021500 0.032667
0 0.529750 0.360000 0.022500 0.030667
0 0.584250 0.376333 0.039500 0.030000
0 0.656250 0.394000 0.057500 0.033333
1 0.693000 0.372333 0.054000 0.039333
0 0.755000 0.395333 0.056000 0.033333
0 0.764000 0.433000 0.065000 0.031333
2 0.689750 0.454000 0.093500 0.092000
4 0.237250 0.413333 0.020500 0.018667
0 0.491250 0.335667 0.020500 0.028667
1 0.685000 0.333000 0.042000 0.034000
4 0.678250 0.296333 0.015500 0.012667
0 0.665500 0.289667 0.039000 0.022000
4 0.657750 0.268000 0.011500 0.010667
4 0.709500 0.295333 0.008000 0.012000
2 0.861000 0.284000 0.038000 0.025333
0 0.497750 0.306000 0.017500 0.026667
1 0.645000 0.257333 0.025000 0.022667
4 0.667000 0.267667 0.005000 0.014000
0 0.650000 0.252333 0.032000 0.016667
0 0.646000 0.245333 0.033000 0.013333
0 0.694250 0.245333 0.025500 0.013333
0 0.606250 0.226333 0.013500 0.016667
2 0.565500 0.306000 0.022000 0.033333
4 0.550500 0.264667 0.004000 0.012000
4 0.522750 0.259667 0.010500 0.012667
4 0.537250 0.250667 0.006500 0.013333
1 0.521000 0.248333 0.014000 0.016667
