4 0.182672 0.720315 0.009395 0.028757
4 0.229123 0.717996 0.009395 0.027829
4 0.342119 0.745826 0.016180 0.020408
4 0.440762 0.805659 0.015136 0.028757
0 0.488779 0.672078 0.038100 0.049165
4 0.643528 0.701299 0.005219 0.024119
0 0.522704 0.604360 0.018267 0.047310
0 0.835595 0.822356 0.056367 0.045455
4 0.655010 0.704082 0.008351 0.022263
0 0.530271 0.415584 0.032359 0.025974
4 0.524008 0.381262 0.006263 0.016698
2 0.559238 0.296382 0.013048 0.025046
2 0.538100 0.310297 0.014614 0.012059
0 0.535491 0.306586 0.025052 0.019481
0 0.541493 0.249072 0.009916 0.021336
2 0.559238 0.173469 0.010960 0.024119
4 0.515136 0.114100 0.004175 0.009276
4 0.559499 0.110390 0.004175 0.009276
4 0.540449 0.062152 0.002610 0.007421
4 0.587161 0.986549 0.027140 0.025046
