1 0.500522 0.936920 0.058455 0.092764
0 0.490605 0.876623 0.060543 0.070501
4 0.250522 0.813544 0.021921 0.027829
4 0.244520 0.680427 0.021399 0.023191
0 0.307150 0.677180 0.051670 0.038961
0 0.342119 0.466141 0.026618 0.026902
0 0.349426 0.439239 0.031837 0.021336
0 0.452244 0.455473 0.027662 0.027829
1 0.452505 0.418831 0.020877 0.028757
2 0.436326 0.415584 0.027140 0.068646
4 0.454332 0.391466 0.006785 0.012987
4 0.326461 0.452226 0.013048 0.013915
4 0.342641 0.416048 0.008873 0.010204
0 0.367693 0.380334 0.023486 0.020408
0 0.363779 0.371521 0.022965 0.017625
0 0.361691 0.364100 0.021921 0.023191
0 0.362213 0.330705 0.020877 0.015770
4 0.357255 0.322356 0.008873 0.008349
4 0.360125 0.315863 0.008351 0.006494
0 0.367432 0.305195 0.019833 0.016698
0 0.368998 0.301484 0.020877 0.016698
1 0.440762 0.354824 0.020355 0.025046
1 0.442589 0.345547 0.017745 0.023191
0 0.441023 0.335807 0.018789 0.020408
0 0.439457 0.329777 0.019833 0.017625
0 0.434499 0.321892 0.017223 0.016698
0 0.436065 0.314935 0.016180 0.015770
1 0.438674 0.308442 0.015136 0.017625
2 0.436065 0.283859 0.014092 0.031540
0 0.433977 0.261596 0.014092 0.012987
0 0.432150 0.251391 0.013570 0.011132
2 0.431628 0.242115 0.014614 0.011132
4 0.389353 0.273655 0.003132 0.007421
4 0.407881 0.242579 0.002610 0.008349
4 0.364823 0.267625 0.005219 0.006494
1 0.376566 0.226809 0.012004 0.012059
1 0.383090 0.203154 0.012526 0.009276
2 0.375783 0.192950 0.015658 0.012987
4 0.424322 0.231447 0.005219 0.006494
4 0.429802 0.230519 0.013048 0.010204
1 0.431628 0.225881 0.010438 0.010204
0 0.429019 0.223098 0.010438 0.008349
2 0.427192 0.191095 0.008873 0.022263
4 0.409186 0.191095 0.002088 0.005566
0 0.422234 0.145640 0.006263 0.005566
2 0.424582 0.160019 0.004697 0.010204
0 0.408142 0.157236 0.004175 0.008349
0 0.395094 0.165121 0.007307 0.007421
0 0.394050 0.171150 0.007307 0.006494
1 0.391441 0.148887 0.007307 0.006494
0 0.393528 0.145640 0.006263 0.007421
0 0.638831 0.619666 0.025052 0.061224
2 0.557150 0.398887 0.015136 0.044527
0 0.573330 0.383117 0.013048 0.022263
2 0.556367 0.302412 0.027140 0.051948
0 0.688413 0.408627 0.016701 0.028757
