3 0.469643 0.338571 0.072143 0.267619
3 0.431071 0.746190 0.123571 0.486667
1 0.313571 0.702857 0.071429 0.169524
0 0.412500 0.141429 0.033571 0.061905
0 0.415357 0.090952 0.027857 0.060000
4 0.265000 0.180476 0.031429 0.027619
0 0.753571 0.875238 0.094286 0.196190
1 0.761786 0.490476 0.077857 0.121905
0 0.941786 0.507143 0.116429 0.079048
0 0.957500 0.440476 0.085000 0.073333
0 0.846786 0.220952 0.063571 0.081905
0 0.874286 0.283333 0.091429 0.060000
0 0.923929 0.322381 0.109286 0.058095
0 0.908214 0.372857 0.106429 0.077143
0 0.925357 0.097143 0.036429 0.047619
0 0.973214 0.095714 0.039286 0.044762
0 0.863214 0.083810 0.039286 0.049524
0 0.730000 0.074286 0.037143 0.047619
0 0.812857 0.080000 0.030000 0.041905
0 0.751429 0.041429 0.058571 0.040952
0 0.706071 0.013810 0.057857 0.027619
0 0.567500 0.048095 0.025000 0.039048
0 0.782143 0.210000 0.040000 0.060000
2 0.726786 0.219048 0.055000 0.093333
1 0.768571 0.078095 0.037143 0.060952
0 0.686071 0.063810 0.035000 0.041905
1 0.702143 0.103810 0.037143 0.053333
2 0.937857 0.052381 0.098571 0.053333
4 0.921071 0.180476 0.033571 0.027619
4 0.935000 0.204286 0.012857 0.039048
