0 0.033000 0.811667 0.026000 0.043333
0 0.062000 0.771667 0.025000 0.039333
0 0.054750 0.539333 0.019500 0.022667
0 0.095000 0.570333 0.017000 0.022000
0 0.114000 0.617667 0.020000 0.026000
1 0.083750 0.535667 0.015500 0.018000
0 0.089250 0.553333 0.018500 0.022667
4 0.015750 0.486333 0.004500 0.011333
1 0.064750 0.493667 0.014500 0.016667
0 0.062500 0.453000 0.026000 0.019333
1 0.092500 0.466000 0.015000 0.017333
0 0.064000 0.423667 0.022000 0.012667
0 0.043750 0.426333 0.013500 0.014000
0 0.038500 0.415000 0.012000 0.014000
0 0.057750 0.410333 0.021500 0.012667
0 0.061000 0.402000 0.023000 0.010667
0 0.050500 0.395333 0.020000 0.010667
1 0.035500 0.403333 0.012000 0.013333
0 0.048000 0.381000 0.019000 0.011333
0 0.031500 0.392333 0.011000 0.011333
0 0.027250 0.382667 0.012500 0.012000
1 0.024000 0.374000 0.011000 0.012000
0 0.022000 0.365667 0.010000 0.010000
1 0.018250 0.358000 0.010500 0.012000
4 0.033250 0.396667 0.008500 0.006667
0 0.016750 0.351000 0.009500 0.010000
1 0.014000 0.344000 0.009000 0.009333
1 0.006750 0.323333 0.010500 0.010667
1 0.050000 0.335667 0.011000 0.011333
1 0.053500 0.342667 0.010000 0.010667
4 0.109500 0.558000 0.010000 0.009333
4 0.104500 0.543667 0.012000 0.008667
4 0.119000 0.685333 0.007000 0.016000
0 0.123500 0.641333 0.020000 0.026667
0 0.133000 0.669333 0.023000 0.029333
1 0.144750 0.700333 0.023500 0.034000
0 0.156250 0.735333 0.024500 0.036000
0 0.167250 0.768667 0.028500 0.041333
1 0.183750 0.803000 0.026500 0.039333
1 0.198000 0.844333 0.027000 0.043333
0 0.436250 0.918000 0.049500 0.050667
0 0.404250 0.875667 0.046500 0.048667
1 0.534500 0.963000 0.039000 0.052667
1 0.572500 0.913333 0.039000 0.045333
1 0.495750 0.871667 0.035500 0.040667
0 0.491250 0.815000 0.040500 0.040667
1 0.536500 0.785667 0.042000 0.042000
1 0.576000 0.752000 0.032000 0.036000
1 0.607750 0.884667 0.038500 0.044000
0 0.519750 0.683667 0.032500 0.028667
0 0.509750 0.666333 0.034500 0.028667
0 0.496250 0.651000 0.033500 0.022000
1 0.490000 0.634333 0.025000 0.023333
0 0.486750 0.614000 0.025500 0.021333
0 0.531000 0.560667 0.030000 0.024000
1 0.557250 0.580667 0.029500 0.026667
1 0.565750 0.594667 0.030500 0.029333
1 0.863000 0.554000 0.025000 0.024000
1 0.886250 0.539333 0.024500 0.024000
0 0.934250 0.510333 0.026500 0.020667
0 0.961750 0.495000 0.023500 0.020667
0 0.982750 0.455000 0.021500 0.018000
0 0.925750 0.482667 0.023500 0.018667
0 0.933750 0.441667 0.022500 0.018000
