4 0.061429 0.441905 0.034286 0.040000
4 0.075000 0.431429 0.030000 0.026667
1 0.054643 0.355238 0.047857 0.020952
1 0.012857 0.348095 0.025714 0.021905
0 0.034286 0.347619 0.032857 0.022857
1 0.053929 0.345714 0.033571 0.026667
0 0.020357 0.345238 0.029286 0.021905
0 0.170714 0.350000 0.035714 0.020000
0 0.267857 0.350000 0.028571 0.020000
1 0.241429 0.345714 0.027143 0.020952
1 0.265357 0.339524 0.023571 0.020000
0 0.293214 0.345714 0.023571 0.015238
0 0.256786 0.344286 0.020714 0.016190
0 0.529643 0.353333 0.026429 0.015238
1 0.574286 0.360952 0.024286 0.017143
0 0.570357 0.357143 0.022143 0.017143
4 0.701786 0.369524 0.015000 0.013333
4 0.663929 0.372381 0.010714 0.009524
