0 0.588571 0.912857 0.162857 0.147619
0 0.570714 0.788095 0.152857 0.115238
0 0.552143 0.680952 0.140000 0.108571
0 0.527857 0.584762 0.144286 0.100952
0 0.512500 0.485238 0.113571 0.094286
0 0.492143 0.411905 0.125714 0.107619
0 0.465714 0.344286 0.097143 0.080952
0 0.428929 0.093333 0.099286 0.070476
0 0.421429 0.031905 0.100000 0.063810
0 0.973214 0.095714 0.053571 0.096190
0 0.470714 0.280000 0.114286 0.062857
0 0.460357 0.229048 0.106429 0.073333
0 0.441786 0.172857 0.103571 0.082857
0 0.964643 0.763333 0.070714 0.199048
0 0.828214 0.249524 0.086429 0.142857
4 0.314643 0.609524 0.023571 0.076190
4 0.345000 0.678095 0.054286 0.043810
4 0.311071 0.199524 0.035000 0.039048
4 0.293571 0.228571 0.034286 0.041905
4 0.302143 0.211429 0.027143 0.032381
4 0.287143 0.277143 0.015714 0.049524
0 0.718571 0.170952 0.075714 0.115238
