1 0.199643 0.599048 0.045000 0.034286
0 0.356786 0.670000 0.030714 0.073333
4 0.396071 0.531429 0.009286 0.020952
4 0.282500 0.540476 0.006429 0.023810
4 0.272143 0.543810 0.008571 0.022857
4 0.319286 0.538571 0.007143 0.020000
4 0.398214 0.485238 0.009286 0.016190
4 0.402857 0.481905 0.008571 0.019048
1 0.489286 0.626667 0.035714 0.083810
1 0.251786 0.966667 0.042143 0.060952
1 0.882500 0.651429 0.053571 0.070476
1 0.702500 0.571905 0.049286 0.060000
0 0.807500 0.551905 0.056429 0.052381
0 0.954286 0.566190 0.052857 0.056190
1 0.898571 0.437143 0.038571 0.045714
1 0.914286 0.417619 0.047143 0.058095
0 0.944286 0.429524 0.038571 0.041905
4 0.952857 0.406190 0.018571 0.016190
4 0.868929 0.387143 0.003571 0.016190
