4 0.128571 0.203810 0.024286 0.024762
0 0.303929 0.249048 0.052143 0.065714
4 0.480357 0.128095 0.022143 0.023810
4 0.508571 0.200000 0.022857 0.024762
4 0.660714 0.239524 0.020000 0.023810
0 0.577143 0.047143 0.050000 0.077143
0 0.422857 0.203810 0.060000 0.068571
0 0.360000 0.307619 0.058571 0.064762
0 0.425357 0.368571 0.062143 0.070476
4 0.531071 0.388095 0.023571 0.029524
4 0.586429 0.441905 0.022857 0.026667
0 0.687143 0.706667 0.032857 0.089524
4 0.300000 0.370476 0.018571 0.030476
4 0.292857 0.357619 0.020000 0.023810
4 0.314643 0.365238 0.009286 0.027619
4 0.322143 0.375238 0.017143 0.024762
4 0.329643 0.381429 0.020714 0.023810
4 0.335714 0.389048 0.022857 0.023810
4 0.307500 0.301905 0.019286 0.022857
4 0.332857 0.323810 0.024286 0.017143
4 0.338571 0.337619 0.027143 0.025714
4 0.352857 0.347143 0.015714 0.025714
4 0.362143 0.357619 0.022857 0.020000
4 0.368571 0.366667 0.015714 0.020952
4 0.374643 0.368571 0.017857 0.028571
4 0.383571 0.374762 0.017143 0.025714
4 0.390000 0.385238 0.014286 0.031429
4 0.427143 0.417143 0.020000 0.022857
4 0.437500 0.434286 0.020714 0.022857
4 0.408929 0.438571 0.016429 0.023810
4 0.417143 0.449048 0.014286 0.023810
4 0.426071 0.459524 0.016429 0.021905
4 0.412500 0.487619 0.016429 0.020952
4 0.405000 0.481429 0.014286 0.020000
4 0.378214 0.493333 0.019286 0.024762
4 0.476429 0.471905 0.020000 0.025714
4 0.453571 0.495238 0.018571 0.024762
4 0.431071 0.528095 0.013571 0.029524
4 0.464643 0.497143 0.016429 0.024762
4 0.486429 0.480000 0.015714 0.026667
4 0.502500 0.494286 0.019286 0.022857
4 0.510000 0.506667 0.018571 0.028571
4 0.521786 0.511429 0.016429 0.026667
4 0.532857 0.521905 0.017143 0.022857
4 0.552500 0.537619 0.010714 0.025714
4 0.479286 0.515714 0.021429 0.025714
4 0.489286 0.530000 0.012857 0.027619
4 0.501429 0.543810 0.017143 0.026667
4 0.518214 0.550000 0.016429 0.023810
4 0.496071 0.565714 0.019286 0.022857
4 0.482143 0.556667 0.020000 0.029524
4 0.470000 0.554762 0.015714 0.027619
4 0.444286 0.535714 0.017143 0.025714
4 0.437143 0.533810 0.017143 0.025714
4 0.418571 0.550952 0.022857 0.018095
4 0.433929 0.561429 0.019286 0.025714
4 0.443571 0.567619 0.021429 0.019048
4 0.450357 0.574286 0.019286 0.020952
4 0.460357 0.584286 0.019286 0.027619
4 0.473571 0.587619 0.015714 0.026667
4 0.480714 0.594286 0.017143 0.028571
4 0.482857 0.601905 0.015714 0.032381
4 0.696786 0.247143 0.025000 0.025714
4 0.715357 0.756190 0.016429 0.038095
4 0.630000 0.810000 0.015714 0.050476
4 0.526429 0.693810 0.028571 0.020000
4 0.541071 0.706190 0.023571 0.014286
4 0.575357 0.686190 0.020714 0.021905
4 0.621429 0.745714 0.011429 0.028571
4 0.657143 0.726190 0.015714 0.035238
4 0.660000 0.697619 0.014286 0.031429
4 0.634643 0.685238 0.025000 0.016190
4 0.622500 0.715714 0.013571 0.035238
4 0.614643 0.699524 0.010714 0.029524
4 0.598571 0.671905 0.017143 0.027619
4 0.591071 0.665714 0.017857 0.026667
4 0.601071 0.634286 0.016429 0.036190
4 0.620000 0.673810 0.021429 0.021905
4 0.642143 0.663333 0.014286 0.031429
4 0.645357 0.635238 0.016429 0.032381
4 0.629286 0.648095 0.014286 0.027619
4 0.616429 0.654762 0.014286 0.033333
4 0.612143 0.642857 0.015714 0.028571
4 0.621429 0.612381 0.014286 0.026667
4 0.630714 0.623810 0.014286 0.030476
4 0.610000 0.602857 0.017143 0.030476
4 0.597500 0.590952 0.017857 0.031429
4 0.772857 0.718095 0.021429 0.030476
4 0.788929 0.731905 0.015000 0.031429
4 0.779643 0.725714 0.015000 0.030476
4 0.801071 0.740000 0.025000 0.034286
4 0.807143 0.749048 0.022857 0.031429
4 0.817500 0.758571 0.017857 0.029524
4 0.823929 0.766667 0.019286 0.034286
4 0.835714 0.778571 0.017143 0.031429
4 0.845357 0.786667 0.016429 0.032381
4 0.854286 0.790952 0.024286 0.031429
4 0.864286 0.801905 0.027143 0.032381
4 0.877500 0.821429 0.020714 0.033333
4 0.743929 0.833333 0.017857 0.026667
4 0.911786 0.850000 0.029286 0.035238
4 0.919286 0.860476 0.018571 0.033333
4 0.928929 0.872381 0.016429 0.032381
4 0.935000 0.877143 0.017143 0.036190
4 0.916786 0.921429 0.025000 0.031429
4 0.755000 0.842381 0.017143 0.031429
4 0.763214 0.848571 0.019286 0.032381
4 0.770357 0.854286 0.019286 0.028571
4 0.759286 0.878571 0.030000 0.016190
4 0.783929 0.867143 0.019286 0.035238
4 0.758214 0.951905 0.019286 0.033333
4 0.800357 0.981429 0.013571 0.037143
4 0.819286 0.988095 0.022857 0.023810
4 0.776786 0.899048 0.023571 0.022857
4 0.781786 0.883333 0.020714 0.025714
4 0.794643 0.883333 0.019286 0.033333
4 0.796429 0.911429 0.024286 0.017143
4 0.801071 0.888095 0.020714 0.029524
4 0.811429 0.893333 0.020000 0.034286
4 0.805714 0.924762 0.024286 0.015238
4 0.819643 0.906190 0.016429 0.037143
4 0.819286 0.943333 0.027143 0.016190
4 0.827500 0.917619 0.017857 0.033333
4 0.833214 0.927143 0.017857 0.033333
4 0.840714 0.937619 0.022857 0.031429
4 0.850714 0.947143 0.021429 0.029524
4 0.860357 0.953810 0.017857 0.035238
4 0.870357 0.962857 0.017857 0.036190
4 0.875357 0.972857 0.020714 0.021905
4 0.899286 0.950000 0.015714 0.035238
4 0.910000 0.964286 0.017143 0.031429
4 0.885714 0.978095 0.017143 0.030476
4 0.894643 0.986667 0.016429 0.026667
