1 0.245000 0.629048 0.172857 0.103810
0 0.957857 0.102857 0.050000 0.072381
0 0.385357 0.451905 0.055000 0.119048
0 0.251786 0.377619 0.060714 0.109524
0 0.098929 0.284286 0.075000 0.101905
0 0.277857 0.266667 0.054286 0.093333
0 0.222143 0.280476 0.050000 0.107619
1 0.509286 0.356667 0.060000 0.147619
0 0.339643 0.244286 0.049286 0.100000
0 0.263929 0.172381 0.112143 0.055238
1 0.224643 0.112857 0.105000 0.073333
0 0.067857 0.657143 0.135714 0.080000
0 0.047857 0.857619 0.095714 0.111429
0 0.965714 0.013810 0.061429 0.027619
4 0.019286 0.439524 0.038571 0.029524
