0 0.187500 0.201905 0.017857 0.041905
0 0.206071 0.373333 0.019286 0.049524
0 0.198571 0.018571 0.020000 0.037143
4 0.178214 0.784286 0.010714 0.027619
0 0.591071 0.949524 0.025000 0.062857
2 0.556429 0.642857 0.022857 0.053333
0 0.598571 0.160952 0.018571 0.043810
0 0.940357 0.585238 0.022143 0.058095
0 0.961429 0.586190 0.020000 0.052381
2 0.985714 0.590952 0.028571 0.073333
0 0.981786 0.697619 0.036429 0.027619
4 0.897500 0.716190 0.025000 0.011429
4 0.887143 0.731905 0.021429 0.014286
4 0.904286 0.735238 0.018571 0.017143
4 0.667857 0.653810 0.007143 0.023810
4 0.643571 0.614286 0.017143 0.009524
4 0.638214 0.572381 0.019286 0.011429
4 0.636071 0.560476 0.019286 0.010476
4 0.631071 0.526190 0.019286 0.012381
4 0.549643 0.362857 0.009286 0.019048
4 0.612857 0.305714 0.007143 0.019048
4 0.619643 0.291429 0.005000 0.020952
4 0.666071 0.351429 0.012143 0.028571
4 0.444643 0.104762 0.007857 0.020952
