2 0.169885 0.526438 0.041232 0.064007
2 0.207985 0.528293 0.038100 0.062152
0 0.445720 0.370594 0.022965 0.052876
0 0.477035 0.374304 0.021921 0.043599
0 0.846033 0.802412 0.070981 0.129870
0 0.897704 0.807050 0.079332 0.126160
4 0.759395 0.479128 0.024008 0.025046
4 0.751305 0.459647 0.021399 0.028757
0 0.612735 0.429499 0.032359 0.046382
0 0.572025 0.458256 0.027140 0.051948
0 0.567850 0.402134 0.019833 0.039889
4 0.701983 0.344620 0.014614 0.019481
4 0.622390 0.353432 0.005741 0.020408
4 0.615084 0.365955 0.007829 0.023191
4 0.599687 0.372449 0.007307 0.026902
4 0.570981 0.361317 0.011482 0.023191
4 0.592119 0.356679 0.009916 0.023191
4 0.588205 0.336271 0.010438 0.025046
4 0.600992 0.339054 0.009916 0.026902
4 0.613518 0.334416 0.006785 0.023191
4 0.606994 0.334879 0.008351 0.022263
1 0.598121 0.308442 0.018789 0.045455
4 0.481472 0.339054 0.012004 0.025046
0 0.532098 0.320965 0.028706 0.046382
4 0.552975 0.363636 0.008873 0.025974
4 0.544885 0.556122 0.010438 0.036178
4 0.465292 0.644249 0.015136 0.052876
4 0.566806 0.143785 0.005219 0.009276
4 0.563674 0.141929 0.006263 0.007421
4 0.541493 0.143785 0.004697 0.011132
0 0.481211 0.135436 0.012526 0.022263
0 0.494781 0.094620 0.012526 0.014842
0 0.455898 0.147495 0.018267 0.018553
0 0.458507 0.144712 0.024530 0.018553
0 0.455376 0.133581 0.009916 0.020408
4 0.431889 0.190631 0.008873 0.012059
4 0.434499 0.186920 0.009916 0.010204
1 0.355428 0.289425 0.019833 0.038961
0 0.380219 0.282931 0.018267 0.029685
4 0.383612 0.266698 0.012526 0.015770
4 0.455115 0.104824 0.006263 0.011132
0 0.580898 0.099722 0.018789 0.017625
0 0.554280 0.087199 0.009395 0.016698
1 0.551409 0.079314 0.009916 0.015770
0 0.495564 0.071892 0.012004 0.012059
0 0.494781 0.057050 0.008351 0.010204
0 0.544885 0.046846 0.006263 0.010204
0 0.537578 0.025046 0.004175 0.011132
4 0.516701 0.053803 0.003132 0.009276
4 0.513309 0.034787 0.002610 0.006494
