1 0.487500 0.757619 0.085000 0.117143
2 0.575357 0.637143 0.100714 0.080000
2 0.525000 0.559524 0.080000 0.141905
1 0.500357 0.276190 0.030714 0.047619
2 0.533571 0.228571 0.061429 0.055238
2 0.533929 0.210000 0.082143 0.060000
1 0.480357 0.201905 0.022143 0.041905
1 0.287143 0.329048 0.035714 0.063810
1 0.310714 0.196190 0.024286 0.049524
1 0.318929 0.147619 0.020714 0.040000
1 0.475000 0.164762 0.020000 0.030476
4 0.514643 0.157619 0.016429 0.014286
0 0.467500 0.136667 0.017857 0.023810
0 0.458214 0.112381 0.017857 0.022857
0 0.323214 0.125714 0.020714 0.032381
0 0.324643 0.110000 0.017857 0.025714
1 0.330357 0.085238 0.017857 0.031429
0 0.335714 0.054762 0.014286 0.020000
0 0.344286 0.040000 0.012857 0.019048
4 0.358214 0.033810 0.005000 0.012381
0 0.403214 0.037143 0.013571 0.017143
0 0.474643 0.081429 0.032143 0.020000
0 0.463214 0.074762 0.026429 0.016190
1 0.459643 0.022381 0.030714 0.020000
