2 0.116429 0.596190 0.117143 0.224762
4 0.310357 0.752381 0.067857 0.112381
0 0.181429 0.441905 0.067143 0.087619
0 0.142857 0.355238 0.094286 0.068571
0 0.252143 0.333333 0.064286 0.057143
0 0.480357 0.507143 0.112143 0.073333
1 0.227500 0.231905 0.053571 0.056190
1 0.268571 0.213333 0.037143 0.043810
0 0.297857 0.200952 0.032857 0.030476
0 0.345714 0.164762 0.027143 0.026667
0 0.366071 0.152381 0.022143 0.026667
1 0.381429 0.140000 0.018571 0.028571
1 0.400000 0.126667 0.025714 0.036190
4 0.418571 0.366190 0.014286 0.044762
4 0.443929 0.336667 0.010714 0.039048
4 0.452143 0.282381 0.012857 0.029524
0 0.456071 0.245714 0.025000 0.032381
2 0.336071 0.250000 0.055000 0.069524
0 0.416429 0.181429 0.025714 0.029524
0 0.493214 0.289048 0.022143 0.027619
0 0.478571 0.152857 0.020000 0.020000
0 0.849286 0.783333 0.188571 0.119048
1 0.850000 0.677143 0.150000 0.112381
0 0.441786 0.115714 0.013571 0.016190
0 0.456429 0.106667 0.015714 0.019048
