0 0.410357 0.583122 0.043571 0.077411
0 0.673214 0.432107 0.027857 0.074873
0 0.642500 0.169416 0.017857 0.054569
0 0.610714 0.117386 0.018571 0.046954
0 0.627857 0.026650 0.014286 0.040609
0 0.456429 0.823604 0.032857 0.111675
0 0.524643 0.950508 0.027857 0.096447
3 0.630000 0.314086 0.038571 0.171320
3 0.480357 0.242386 0.027857 0.175127
4 0.133929 0.443528 0.013571 0.044416
4 0.148571 0.444797 0.014286 0.046954
4 0.157857 0.445431 0.011429 0.048223
4 0.163929 0.445431 0.010714 0.040609
4 0.172857 0.442893 0.011429 0.038071
4 0.193571 0.447335 0.011429 0.041878
4 0.250000 0.448604 0.010000 0.046954
4 0.238571 0.450508 0.011429 0.038071
4 0.271071 0.456218 0.010714 0.039340
4 0.205357 0.449873 0.009286 0.046954
4 0.219286 0.445431 0.014286 0.038071
4 0.231071 0.451142 0.006429 0.039340
4 0.181071 0.445431 0.010714 0.043147
4 0.261429 0.451777 0.010000 0.045685
