0 0.449286 0.706190 0.024286 0.073333
0 0.445357 0.620952 0.023571 0.070476
0 0.439286 0.552381 0.021429 0.060952
0 0.548929 0.672857 0.025000 0.069524
0 0.540714 0.601429 0.024286 0.058095
0 0.539643 0.540476 0.022143 0.054286
0 0.522143 0.389524 0.020000 0.043810
0 0.496071 0.127619 0.016429 0.032381
0 0.428214 0.050000 0.019286 0.031429
1 0.571429 0.896190 0.035714 0.097143
1 0.561071 0.775714 0.029286 0.084762
1 0.517500 0.335714 0.016429 0.042857
1 0.512500 0.285238 0.015000 0.040952
2 0.531071 0.453810 0.022143 0.063810
2 0.376071 0.497143 0.050714 0.032381
2 0.492500 0.073333 0.020714 0.074286
0 0.489286 0.028571 0.014286 0.020952
4 0.456071 0.381429 0.007857 0.021905
4 0.471071 0.362857 0.007857 0.024762
4 0.457143 0.354286 0.007143 0.022857
4 0.448214 0.307143 0.006429 0.023810
4 0.427500 0.443333 0.013571 0.021905
4 0.393929 0.471429 0.016429 0.015238
4 0.395357 0.454762 0.017857 0.016190
4 0.476071 0.292381 0.006429 0.020952
4 0.433571 0.343810 0.014286 0.011429
4 0.433929 0.330476 0.013571 0.013333
4 0.431429 0.299048 0.014286 0.017143
4 0.430714 0.283333 0.014286 0.018095
4 0.435000 0.265714 0.005714 0.024762
4 0.460357 0.219524 0.007857 0.021905
4 0.438929 0.115238 0.005000 0.020952
4 0.429286 0.079048 0.012857 0.015238
4 0.438571 0.015714 0.005714 0.018095
4 0.474286 0.005714 0.004286 0.011429
4 0.453571 0.040000 0.005714 0.019048
4 0.365000 0.432857 0.008571 0.023810
