0 0.621500 0.202667 0.072000 0.148000
1 0.340250 0.534000 0.182500 0.120000
4 0.275750 0.336333 0.056500 0.046000
4 0.248250 0.349333 0.061500 0.046667
4 0.434750 0.371000 0.054500 0.047333
4 0.395250 0.399333 0.057500 0.044000
4 0.345250 0.418333 0.060500 0.050000
4 0.244250 0.402000 0.062500 0.049333
4 0.304500 0.442667 0.058000 0.052000
4 0.275750 0.460333 0.063500 0.048667
4 0.278250 0.621333 0.070500 0.041333
4 0.270000 0.649333 0.077000 0.041333
4 0.271750 0.677667 0.075500 0.040667
4 0.354250 0.624333 0.069500 0.064667
4 0.375500 0.646000 0.060000 0.054667
4 0.456750 0.662333 0.041500 0.084667
4 0.430250 0.668333 0.037500 0.068667
4 0.835000 0.717667 0.046000 0.110000
4 0.903750 0.762333 0.050500 0.108667
4 0.674000 0.950333 0.045000 0.099333
4 0.784750 0.528333 0.043500 0.090000
4 0.365500 0.690333 0.059000 0.039333
