4 0.263214 0.912381 0.027857 0.087619
4 0.292143 0.540952 0.031429 0.093333
0 0.027500 0.453333 0.055000 0.060952
0 0.037857 0.138095 0.050000 0.112381
0 0.691429 0.041429 0.044286 0.082857
4 0.736071 0.060000 0.030714 0.032381
4 0.752857 0.042857 0.025714 0.024762
4 0.757143 0.022381 0.034286 0.025714
4 0.670714 0.289524 0.017143 0.045714
0 0.627143 0.337143 0.084286 0.097143
4 0.738929 0.286667 0.036429 0.026667
4 0.736429 0.271429 0.034286 0.030476
4 0.773929 0.280000 0.036429 0.030476
4 0.775357 0.303333 0.037857 0.025714
4 0.780714 0.323810 0.040000 0.022857
4 0.747143 0.337619 0.040000 0.027619
4 0.755714 0.361429 0.042857 0.027619
4 0.774286 0.381905 0.040000 0.026667
4 0.758929 0.406667 0.033571 0.032381
4 0.773571 0.418571 0.038571 0.021905
4 0.770000 0.437143 0.038571 0.024762
4 0.801429 0.434286 0.034286 0.034286
4 0.821429 0.418095 0.015714 0.049524
4 0.838214 0.411429 0.025000 0.045714
0 0.642143 0.428571 0.085714 0.102857
1 0.654643 0.502381 0.085000 0.119048
4 0.647143 0.624286 0.038571 0.025714
4 0.667500 0.635238 0.049286 0.024762
4 0.689643 0.605238 0.046429 0.023810
4 0.885000 0.605714 0.037143 0.022857
