0 0.453571 0.570952 0.117143 0.069524
0 0.536786 0.461429 0.079286 0.079048
0 0.899286 0.623333 0.115714 0.077143
0 0.476429 0.143333 0.024286 0.046667
0 0.434643 0.155238 0.030714 0.036190
0 0.287857 0.144762 0.030000 0.045714
1 0.310357 0.086190 0.023571 0.040952
1 0.321786 0.055238 0.022143 0.040000
2 0.329286 0.027143 0.028571 0.046667
3 0.415357 0.020476 0.026429 0.040952
4 0.540357 0.180000 0.012143 0.030476
4 0.853571 0.834762 0.052857 0.056190
1 0.757143 0.640952 0.104286 0.081905
4 0.876071 0.917143 0.060714 0.053333
4 0.907143 0.958571 0.052857 0.044762
4 0.553571 0.950952 0.032857 0.067619
4 0.911071 0.458571 0.039286 0.037143
4 0.802500 0.397143 0.019286 0.043810
