0 0.796429 0.897143 0.097143 0.205714
0 0.763214 0.667619 0.080714 0.192381
0 0.496786 0.943810 0.073571 0.112381
1 0.489286 0.574286 0.068571 0.203810
4 0.421786 0.628571 0.056429 0.040000
0 0.743929 0.465714 0.073571 0.190476
4 0.411429 0.295238 0.055714 0.038095
4 0.409286 0.245238 0.045714 0.063810
0 0.365357 0.159524 0.116429 0.075238
0 0.322857 0.030952 0.122857 0.061905
4 0.221429 0.243333 0.024286 0.069524
4 0.185357 0.205714 0.037857 0.080000
4 0.222857 0.504286 0.052857 0.042857
4 0.212500 0.467619 0.060714 0.038095
4 0.175357 0.905714 0.059286 0.045714
4 0.171786 0.960000 0.069286 0.049524
