4 0.235908 0.863636 0.054280 0.061224
4 0.341858 0.909091 0.018789 0.096475
4 0.294624 0.686456 0.036013 0.046382
4 0.298278 0.653989 0.039144 0.040816
0 0.532881 0.017625 0.016701 0.029685
4 0.519833 0.085343 0.008351 0.025974
4 0.548278 0.077458 0.006785 0.023191
4 0.558977 0.096939 0.006263 0.023191
4 0.557672 0.076994 0.007829 0.022263
4 0.499217 0.137291 0.008873 0.024119
4 0.546451 0.189239 0.013570 0.027829
4 0.507046 0.213358 0.008873 0.029685
4 0.540188 0.275974 0.013570 0.036178
4 0.406837 0.514378 0.019311 0.058442
4 0.471033 0.479592 0.015136 0.048237
4 0.499478 0.477737 0.015658 0.051948
4 0.438674 0.602505 0.018267 0.056586
4 0.460856 0.779685 0.017745 0.073284
4 0.692589 0.960575 0.020877 0.076994
4 0.972860 0.815863 0.043841 0.093692
4 0.922756 0.755102 0.052192 0.059369
4 0.966597 0.754638 0.033403 0.093692
4 0.915971 0.693878 0.044885 0.048237
4 0.906837 0.636827 0.032881 0.052876
4 0.850470 0.510668 0.033925 0.041744
4 0.835856 0.429963 0.037056 0.043599
4 0.691023 0.560297 0.020877 0.057514
4 0.645094 0.234230 0.022965 0.021336
0 0.557672 0.608071 0.112213 0.108534
4 0.564457 0.397032 0.031837 0.029685
