2 0.089509 0.720315 0.177975 0.377551
0 0.845511 0.908627 0.064718 0.164193
0 0.680846 0.763451 0.065240 0.116883
0 0.023486 0.119202 0.046973 0.032468
0 0.015136 0.100186 0.030271 0.027829
4 0.060543 0.109462 0.018789 0.022263
4 0.071764 0.157699 0.014092 0.025974
4 0.086378 0.177644 0.019311 0.025046
4 0.103601 0.168831 0.017223 0.024119
0 0.144311 0.214750 0.052714 0.047310
4 0.180846 0.250000 0.019311 0.026902
4 0.197547 0.176252 0.013048 0.020408
4 0.193894 0.185065 0.013048 0.021336
4 0.185543 0.198980 0.014092 0.019481
4 0.197286 0.207328 0.014614 0.023191
4 0.237213 0.235622 0.013048 0.027829
4 0.235386 0.232839 0.013570 0.029685
4 0.233559 0.231447 0.016180 0.026902
4 0.266701 0.272727 0.017745 0.027829
0 0.200939 0.303803 0.045929 0.052876
0 0.279749 0.295455 0.060543 0.047310
0 0.305585 0.310761 0.045407 0.050093
1 0.343163 0.371985 0.053758 0.061224
4 0.378653 0.471707 0.023486 0.028757
4 0.456159 0.474026 0.025052 0.029685
4 0.263570 0.608998 0.017745 0.047310
4 0.499217 0.759276 0.037056 0.060297
4 0.505480 0.440631 0.017223 0.031540
0 0.495042 0.417440 0.049582 0.064935
0 0.550104 0.339981 0.044885 0.058442
4 0.537317 0.318182 0.013048 0.027829
0 0.691284 0.138683 0.028706 0.036178
0 0.712161 0.111781 0.024530 0.036178
1 0.731211 0.091837 0.028184 0.040816
0 0.763570 0.062152 0.024008 0.025974
0 0.793841 0.032468 0.024008 0.029685
4 0.740344 0.029221 0.008873 0.012059
3 0.631263 0.386364 0.075678 0.140074
0 0.577766 0.666976 0.028184 0.042672
