0 0.238214 0.060279 0.015000 0.019036
1 0.323929 0.057107 0.032143 0.030457
4 0.305714 0.093909 0.014286 0.017766
4 0.307500 0.098985 0.016429 0.020305
4 0.310714 0.104061 0.015714 0.020305
4 0.315000 0.112310 0.018571 0.019036
4 0.316429 0.114848 0.018571 0.019036
4 0.319643 0.118020 0.019286 0.022843
4 0.321786 0.119924 0.019286 0.021574
4 0.328571 0.131345 0.017143 0.024112
0 0.336786 0.141497 0.015000 0.024112
1 0.344286 0.157995 0.018571 0.039340
1 0.359286 0.177665 0.024286 0.045685
0 0.372143 0.201142 0.028571 0.044416
1 0.392143 0.227157 0.027143 0.050761
1 0.415357 0.259518 0.030714 0.057107
1 0.436071 0.294416 0.033571 0.058376
0 0.457857 0.338832 0.035714 0.055838
1 0.485000 0.375000 0.040000 0.077411
1 0.556071 0.502538 0.050714 0.091371
1 0.516071 0.434645 0.050714 0.082487
0 0.601429 0.587563 0.060000 0.104061
1 0.653571 0.671320 0.074286 0.144670
4 0.855714 0.988579 0.024286 0.020305
4 0.833214 0.976523 0.037857 0.044416
4 0.815714 0.968274 0.047143 0.060914
4 0.801429 0.949873 0.045714 0.064721
4 0.793929 0.916878 0.050714 0.067259
4 0.781071 0.900381 0.043571 0.062183
4 0.694286 0.753807 0.044286 0.050761
4 0.714286 0.784264 0.038571 0.058376
4 0.718214 0.802665 0.030714 0.046954
4 0.734643 0.812183 0.045000 0.065990
4 0.747500 0.831853 0.045000 0.067259
4 0.753929 0.860406 0.027857 0.048223
4 0.768929 0.883249 0.032143 0.043147
1 0.811786 0.432741 0.069286 0.086294
1 0.849286 0.373096 0.065714 0.073604
0 0.901071 0.361675 0.049286 0.055838
1 0.938929 0.343274 0.043571 0.049492
2 0.915714 0.298223 0.045714 0.073604
1 0.934643 0.298223 0.047857 0.068528
1 0.955714 0.303934 0.042857 0.049492
