0 0.230357 0.992857 0.057857 0.014286
0 0.157143 0.993810 0.050000 0.012381
0 0.230714 0.962857 0.055714 0.041905
0 0.161071 0.957619 0.057857 0.040952
0 0.164286 0.879048 0.055714 0.038095
0 0.231786 0.911905 0.060714 0.042857
0 0.235357 0.865238 0.057857 0.035238
0 0.236786 0.823810 0.057857 0.038095
0 0.242500 0.781905 0.050714 0.036190
0 0.246071 0.732857 0.062143 0.037143
0 0.172857 0.748095 0.055714 0.035238
0 0.171071 0.707143 0.057857 0.033333
0 0.174286 0.669048 0.060000 0.033333
0 0.178214 0.624762 0.056429 0.034286
1 0.246786 0.678095 0.059286 0.034286
1 0.523571 0.360000 0.017143 0.060952
2 0.456071 0.303333 0.039286 0.088571
4 0.487857 0.491429 0.008571 0.036190
4 0.493214 0.074762 0.009286 0.031429
4 0.310357 0.293810 0.016429 0.027619
4 0.290714 0.295238 0.011429 0.028571
4 0.246786 0.296667 0.012143 0.025714
4 0.236786 0.293810 0.006429 0.029524
4 0.226786 0.294286 0.013571 0.028571
4 0.213214 0.294286 0.012143 0.030476
4 0.202857 0.293333 0.011429 0.028571
4 0.191786 0.292857 0.012143 0.027619
4 0.177500 0.294762 0.013571 0.029524
4 0.167857 0.294762 0.011429 0.029524
4 0.159643 0.293333 0.013571 0.030476
4 0.149286 0.292381 0.011429 0.028571
4 0.140000 0.292857 0.011429 0.029524
4 0.037500 0.332381 0.023571 0.032381
4 0.016071 0.333333 0.016429 0.028571
4 0.005000 0.337143 0.010000 0.026667
4 0.113929 0.295238 0.020714 0.030476
4 0.092143 0.295238 0.011429 0.034286
4 0.079286 0.294762 0.012857 0.033333
4 0.070000 0.293810 0.010000 0.035238
4 0.053929 0.295238 0.017857 0.030476
4 0.035357 0.291429 0.015000 0.034286
4 0.015357 0.296667 0.016429 0.029524
