4 0.203929 0.905238 0.019286 0.033333
2 0.047500 0.919048 0.095000 0.129524
2 0.518571 0.388571 0.052857 0.083810
0 0.575000 0.322857 0.022857 0.034286
4 0.529286 0.680952 0.011429 0.015238
4 0.555714 0.628095 0.012857 0.023810
4 0.608214 0.446190 0.012143 0.012381
4 0.609643 0.473333 0.010714 0.017143
4 0.661071 0.413810 0.007857 0.010476
4 0.688214 0.341429 0.006429 0.014286
4 0.670000 0.344762 0.007143 0.013333
0 0.611429 0.271429 0.017143 0.022857
0 0.645357 0.225714 0.016429 0.019048
2 0.667143 0.203333 0.021429 0.031429
4 0.704286 0.161429 0.004286 0.006667
4 0.679286 0.188095 0.004286 0.008571
4 0.620000 0.253333 0.005714 0.007619
0 0.645000 0.151429 0.011429 0.015238
0 0.671786 0.140000 0.010714 0.013333
0 0.667143 0.130000 0.012857 0.016190
1 0.692143 0.137619 0.011429 0.016190
1 0.717857 0.115714 0.008571 0.014286
0 0.725714 0.110000 0.008571 0.012381
4 0.796429 0.111429 0.004286 0.009524
2 0.813929 0.073333 0.009286 0.015238
2 0.836071 0.035714 0.007857 0.012381
0 0.852500 0.118095 0.010714 0.011429
0 0.862857 0.088571 0.014286 0.007619
0 0.865357 0.080952 0.013571 0.005714
1 0.827143 0.036190 0.007143 0.007619
2 0.775357 0.040476 0.025000 0.014286
0 0.957500 0.130952 0.020714 0.012381
