0 0.398571 0.968274 0.045714 0.060914
1 0.460000 0.935279 0.038571 0.114213
1 0.058214 0.026650 0.030714 0.053299
1 0.049286 0.074873 0.035714 0.096447
1 0.172500 0.119924 0.057857 0.054569
0 0.133929 0.025381 0.023571 0.050761
0 0.212500 0.026015 0.023571 0.052030
0 0.262500 0.020939 0.020714 0.041878
1 0.289286 0.019036 0.018571 0.038071
1 0.183929 0.029822 0.026429 0.059645
1 0.030357 0.451142 0.060714 0.057107
0 0.110000 0.437183 0.072857 0.057107
1 0.186429 0.418147 0.075714 0.062183
0 0.301429 0.501269 0.075714 0.063452
4 0.239286 0.415609 0.011429 0.054569
4 0.258214 0.408629 0.012143 0.050761
4 0.266429 0.411168 0.011429 0.043147
4 0.276786 0.400381 0.013571 0.057107
4 0.288214 0.398477 0.010714 0.058376
4 0.299286 0.403553 0.010000 0.038071
4 0.310357 0.401015 0.009286 0.035533
4 0.320714 0.394670 0.012857 0.050761
4 0.330357 0.392766 0.009286 0.057107
4 0.342143 0.397208 0.010000 0.053299
4 0.352500 0.395305 0.013571 0.052030
4 0.360714 0.388959 0.011429 0.046954
4 0.370357 0.388325 0.010714 0.053299
4 0.382143 0.390863 0.012857 0.050761
4 0.390714 0.383249 0.012857 0.055838
4 0.401071 0.389594 0.010714 0.048223
4 0.423214 0.381345 0.012143 0.057107
4 0.432857 0.377538 0.007143 0.052030
4 0.445357 0.377538 0.013571 0.052030
3 0.966786 0.300761 0.066429 0.065990
3 0.843214 0.319162 0.099286 0.072335
3 0.682500 0.337563 0.139286 0.098985
3 0.523929 0.364848 0.102143 0.079949
4 0.863214 0.946701 0.012143 0.045685
4 0.791071 0.871193 0.010714 0.041878
4 0.802500 0.866117 0.010714 0.044416
4 0.757857 0.618655 0.012857 0.046954
4 0.769286 0.851523 0.011429 0.060914
4 0.780000 0.856599 0.011429 0.058376
