0 0.623929 0.935279 0.045000 0.106599
0 0.494286 0.573604 0.021429 0.045685
0 0.447857 0.416244 0.015714 0.035533
0 0.397143 0.297589 0.011429 0.024112
1 0.441429 0.340736 0.012857 0.031726
1 0.598929 0.838832 0.039286 0.096447
1 0.577500 0.762056 0.033571 0.087563
1 0.554643 0.693528 0.029286 0.074873
1 0.535357 0.633883 0.026429 0.062183
1 0.522143 0.589467 0.025714 0.062183
1 0.508929 0.550127 0.022143 0.052030
0 0.501071 0.517766 0.013571 0.032995
0 0.467143 0.413071 0.014286 0.026650
4 0.432500 0.312817 0.005000 0.011421
2 0.427143 0.291878 0.012857 0.032995
1 0.401071 0.196066 0.017857 0.016497
0 0.377500 0.197970 0.017857 0.010152
1 0.646429 0.983503 0.034286 0.030457
