0 0.522143 0.018571 0.007143 0.008571
0 0.522857 0.028571 0.008571 0.011429
0 0.536786 0.036667 0.009286 0.010476
0 0.516786 0.036667 0.009286 0.014286
0 0.505357 0.028571 0.007857 0.011429
4 0.513929 0.008095 0.003571 0.006667
4 0.521429 0.008095 0.002857 0.008571
4 0.543571 0.057143 0.002857 0.007619
4 0.511786 0.012857 0.002143 0.008571
4 0.507857 0.015714 0.002857 0.008571
4 0.500714 0.079524 0.004286 0.012381
4 0.518929 0.123333 0.003571 0.012381
0 0.503571 0.037143 0.008571 0.011429
1 0.488571 0.075714 0.007143 0.016190
0 0.523929 0.059048 0.010714 0.013333
0 0.520357 0.080476 0.010714 0.016190
0 0.559643 0.101429 0.010714 0.014286
0 0.485714 0.102381 0.011429 0.016190
0 0.484643 0.113333 0.010714 0.013333
0 0.482857 0.125238 0.011429 0.016190
0 0.497500 0.117619 0.010714 0.014286
0 0.496071 0.130000 0.012143 0.021905
1 0.476429 0.178095 0.011429 0.028571
0 0.585357 0.167619 0.013571 0.024762
0 0.592857 0.210952 0.017143 0.020000
0 0.596786 0.226667 0.016429 0.024762
1 0.687500 0.250000 0.019286 0.035238
0 0.516786 0.266190 0.019286 0.033333
0 0.631429 0.398571 0.025714 0.040952
0 0.600714 0.469524 0.030000 0.041905
0 0.510000 0.465238 0.024286 0.052381
2 0.715357 0.335714 0.032143 0.050476
4 0.496786 0.334762 0.007857 0.023810
4 0.425714 0.293810 0.017143 0.010476
4 0.404286 0.309048 0.004286 0.020000
4 0.417500 0.320000 0.006429 0.022857
4 0.412143 0.350952 0.008571 0.020000
4 0.425000 0.368571 0.018571 0.015238
4 0.430357 0.360952 0.019286 0.015238
4 0.429286 0.352857 0.021429 0.010476
4 0.431429 0.348095 0.018571 0.010476
4 0.470714 0.451429 0.010000 0.024762
4 0.366786 0.348095 0.007857 0.018095
4 0.369286 0.360000 0.012857 0.017143
4 0.364286 0.371905 0.020000 0.014286
4 0.363571 0.378571 0.021429 0.014286
4 0.362500 0.385714 0.022143 0.017143
4 0.361429 0.392857 0.021429 0.016190
4 0.386786 0.425714 0.025000 0.017143
4 0.385357 0.434286 0.023571 0.015238
4 0.382857 0.439524 0.024286 0.016190
4 0.380714 0.446190 0.024286 0.020000
4 0.346429 0.445714 0.025714 0.017143
4 0.347500 0.440000 0.025000 0.015238
4 0.350714 0.433333 0.024286 0.011429
4 0.352143 0.426190 0.024286 0.012381
4 0.352143 0.420476 0.022857 0.014286
4 0.439643 0.547619 0.009286 0.030476
0 0.320714 0.512857 0.054286 0.052381
4 0.107143 0.654286 0.022857 0.032381
4 0.083214 0.681905 0.017857 0.034286
2 0.047857 0.674762 0.045714 0.100000
0 0.010357 0.690952 0.020714 0.082857
4 0.417857 0.792381 0.014286 0.060952
4 0.440357 0.793810 0.019286 0.054286
4 0.655714 0.741905 0.015714 0.041905
4 0.616429 0.581905 0.012857 0.034286
0 0.516786 0.668095 0.033571 0.088571
4 0.766071 0.595238 0.025000 0.022857
0 0.724286 0.465714 0.054286 0.036190
0 0.697500 0.422381 0.055000 0.025714
4 0.761071 0.341905 0.015000 0.019048
4 0.753214 0.331905 0.017857 0.016190
4 0.744286 0.310476 0.018571 0.015238
4 0.732500 0.281429 0.017857 0.012381
