0 0.916786 0.562857 0.035000 0.036190
1 0.928214 0.695238 0.056429 0.026667
1 0.589286 0.627143 0.032857 0.027619
0 0.746071 0.698095 0.050714 0.024762
0 0.681786 0.702381 0.045000 0.027619
0 0.617143 0.698095 0.045714 0.022857
0 0.180714 0.697619 0.044286 0.027619
0 0.121071 0.696190 0.047857 0.024762
0 0.057143 0.697619 0.047143 0.025714
1 0.297143 0.627619 0.032857 0.036190
0 0.352143 0.632857 0.038571 0.025714
0 0.014643 0.561429 0.029286 0.021905
0 0.011786 0.689048 0.023571 0.023810
2 0.166786 0.586190 0.043571 0.021905
2 0.255714 0.683810 0.090000 0.053333
2 0.501071 0.690000 0.060714 0.044762
2 0.839643 0.680476 0.103571 0.054286
4 0.189643 0.642381 0.009286 0.018095
4 0.251071 0.619048 0.005000 0.017143
4 0.243929 0.616667 0.006429 0.020000
4 0.316429 0.678571 0.018571 0.014286
4 0.218929 0.598095 0.015000 0.013333
4 0.408929 0.580476 0.015000 0.012381
4 0.637143 0.588095 0.010000 0.014286
0 0.574643 0.676190 0.042143 0.026667
3 0.358571 0.688095 0.065714 0.037143
0 0.463214 0.458095 0.012143 0.030476
0 0.487143 0.517619 0.015714 0.031429
0 0.484643 0.548095 0.012143 0.027619
4 0.828571 0.594762 0.005714 0.018095
