4 0.190000 0.158095 0.035714 0.032381
1 0.070714 0.096190 0.068571 0.083810
1 0.292857 0.391905 0.065714 0.126667
1 0.047857 0.341429 0.072857 0.103810
4 0.108571 0.380000 0.044286 0.028571
4 0.118571 0.347619 0.048571 0.032381
4 0.127500 0.313810 0.032143 0.033333
4 0.092857 0.413810 0.044286 0.042857
4 0.081429 0.452857 0.047143 0.037143
4 0.061429 0.480000 0.054286 0.043810
4 0.043214 0.520476 0.049286 0.040952
4 0.019286 0.571905 0.038571 0.027619
4 0.028571 0.543333 0.047143 0.033333
4 0.140714 0.278571 0.037143 0.027619
4 0.158571 0.330952 0.025714 0.046667
4 0.555714 0.677619 0.024286 0.069524
4 0.470357 0.716190 0.026429 0.053333
4 0.445357 0.649048 0.046429 0.035238
4 0.449643 0.688095 0.040714 0.033333
4 0.448214 0.538571 0.049286 0.037143
4 0.452500 0.567619 0.045000 0.028571
4 0.451429 0.595714 0.038571 0.025714
4 0.459643 0.390476 0.036429 0.034286
4 0.467857 0.420952 0.041429 0.030476
0 0.239643 0.028571 0.050714 0.057143
0 0.803929 0.865714 0.149286 0.093333
4 0.519643 0.408095 0.052143 0.042857
4 0.461429 0.507143 0.044286 0.035238
4 0.464643 0.447143 0.046429 0.035238
4 0.461071 0.474762 0.042143 0.031429
