4 0.738214 0.187619 0.017857 0.011429
4 0.731071 0.171905 0.015000 0.012381
4 0.778929 0.180000 0.013571 0.013333
4 0.773214 0.167619 0.019286 0.011429
4 0.780357 0.195714 0.006429 0.023810
4 0.765357 0.195238 0.016429 0.011429
4 0.757143 0.212381 0.011429 0.019048
4 0.761429 0.237143 0.011429 0.013333
4 0.761429 0.244762 0.011429 0.011429
4 0.762857 0.252857 0.012857 0.010476
4 0.766786 0.258095 0.005000 0.015238
4 0.772143 0.251429 0.012857 0.007619
4 0.758571 0.226190 0.010000 0.008571
4 0.838929 0.261429 0.006429 0.031429
4 0.702857 0.206667 0.015714 0.020952
