2 0.362143 0.940355 0.041429 0.101523
2 0.303571 0.898477 0.040000 0.134518
0 0.069643 0.459391 0.049286 0.032995
3 0.025714 0.851523 0.051429 0.131980
3 0.270357 0.740482 0.232143 0.214467
3 0.516786 0.668782 0.143571 0.139594
1 0.677500 0.515228 0.072143 0.065990
4 0.621786 0.659264 0.023571 0.059645
4 0.638571 0.657360 0.018571 0.050761
4 0.649286 0.649112 0.025714 0.057107
4 0.670000 0.634518 0.024286 0.058376
4 0.685357 0.635152 0.027857 0.049492
4 0.693571 0.631980 0.024286 0.058376
4 0.708929 0.626269 0.026429 0.062183
4 0.718214 0.623731 0.027857 0.054569
4 0.726786 0.619289 0.027857 0.063452
4 0.734643 0.618020 0.023571 0.058376
4 0.746071 0.615482 0.026429 0.058376
1 0.890000 0.550127 0.072857 0.072335
1 0.507857 0.148477 0.012857 0.022843
0 0.526429 0.154188 0.012857 0.016497
0 0.592500 0.107234 0.009286 0.019036
1 0.591429 0.083756 0.007143 0.020305
1 0.528214 0.083122 0.009286 0.019036
0 0.518571 0.074239 0.007143 0.013959
0 0.532143 0.074873 0.008571 0.012690
0 0.555357 0.076142 0.007857 0.015228
1 0.587500 0.021574 0.006429 0.012690
1 0.588929 0.014594 0.006429 0.016497
1 0.589286 0.009518 0.005714 0.013959
