4 0.710714 0.111429 0.015714 0.034286
4 0.837500 0.197619 0.025000 0.031429
4 0.836786 0.222381 0.013571 0.033333
4 0.773214 0.535714 0.040714 0.033333
4 0.575357 0.445238 0.016429 0.044762
4 0.546071 0.363333 0.016429 0.046667
4 0.344643 0.278571 0.016429 0.046667
4 0.288929 0.161429 0.033571 0.027619
4 0.354286 0.127619 0.028571 0.028571
4 0.376071 0.111905 0.027857 0.025714
0 0.441786 0.172381 0.060714 0.070476
0 0.493571 0.286667 0.042857 0.095238
0 0.717500 0.212857 0.055000 0.071429
2 0.822857 0.444762 0.081429 0.127619
4 0.972143 0.841429 0.055714 0.037143
4 0.955000 0.970952 0.057143 0.037143
4 0.858571 0.903810 0.060000 0.026667
