0 0.091429 0.944286 0.182857 0.111429
4 0.141429 0.851905 0.060000 0.042857
0 0.197143 0.644762 0.138571 0.095238
0 0.232500 0.572857 0.106429 0.077143
0 0.263929 0.505714 0.113571 0.076190
0 0.281786 0.453333 0.112143 0.068571
4 0.185357 0.406667 0.032143 0.043810
0 0.652857 0.942857 0.071429 0.114286
0 0.467500 0.911429 0.063571 0.177143
0 0.977857 0.490476 0.044286 0.108571
0 0.950714 0.372857 0.070000 0.086667
0 0.912143 0.284762 0.057143 0.081905
0 0.976786 0.328571 0.046429 0.083810
0 0.883571 0.106190 0.040000 0.048571
0 0.787143 0.152381 0.038571 0.053333
0 0.723214 0.103333 0.032143 0.044762
0 0.654643 0.279048 0.042143 0.089524
4 0.808571 0.055238 0.011429 0.032381
1 0.621786 0.166667 0.030714 0.074286
0 0.545714 0.208095 0.034286 0.067619
0 0.537857 0.279048 0.037143 0.087619
0 0.525357 0.374762 0.043571 0.101905
0 0.513571 0.495714 0.055714 0.143810
0 0.498929 0.659524 0.060714 0.164762
4 0.614643 0.024286 0.007857 0.031429
