4 0.115866 0.210575 0.010438 0.007421
0 0.469207 0.224490 0.012526 0.025974
0 0.459812 0.145640 0.010438 0.022263
0 0.524530 0.026902 0.007307 0.012987
1 0.515658 0.008349 0.006263 0.012987
4 0.431889 0.179963 0.003653 0.011132
4 0.425104 0.223562 0.004697 0.012987
4 0.552714 0.293135 0.004175 0.014842
4 0.572547 0.302412 0.004175 0.014842
4 0.587683 0.371521 0.004175 0.013915
4 0.379175 0.470315 0.007829 0.024119
4 0.601514 0.537106 0.005741 0.022263
0 0.842902 0.493506 0.038622 0.031540
0 0.838205 0.425325 0.034447 0.028757
0 0.836378 0.409555 0.036013 0.028757
2 0.758612 0.211503 0.046451 0.029685
4 0.557933 0.159091 0.004175 0.010204
