0 0.538622 0.065863 0.007307 0.014842
0 0.547756 0.048237 0.007829 0.011132
1 0.542276 0.094620 0.008351 0.016698
0 0.553236 0.109926 0.008351 0.015770
4 0.471033 0.180427 0.003653 0.008349
4 0.473904 0.135900 0.004175 0.006494
4 0.566545 0.083488 0.003653 0.003711
4 0.576722 0.186456 0.003132 0.007421
4 0.612213 0.325139 0.006263 0.015770
4 0.630480 0.359926 0.005219 0.016698
4 0.571764 0.232839 0.003653 0.012987
4 0.339248 0.746289 0.013570 0.045455
4 0.364301 0.599722 0.007307 0.026902
4 0.370042 0.543599 0.008351 0.018553
4 0.687370 0.572820 0.009395 0.025046
