0 0.296429 0.860000 0.060000 0.171429
0 0.300000 0.688095 0.052857 0.149524
0 0.302857 0.493333 0.051429 0.140952
0 0.320000 0.192381 0.045714 0.127619
1 0.308571 0.342857 0.047143 0.129524
1 0.490357 0.503810 0.050714 0.152381
0 0.517500 0.698095 0.050714 0.150476
0 0.486786 0.911905 0.052143 0.176190
0 0.696071 0.255714 0.107857 0.067619
1 0.724286 0.448095 0.110000 0.065714
4 0.711786 0.184762 0.035000 0.036190
4 0.652500 0.150476 0.013571 0.043810
4 0.750357 0.521905 0.037857 0.022857
4 0.756071 0.588095 0.040714 0.031429
4 0.752143 0.549048 0.042857 0.025714
4 0.762143 0.669048 0.044286 0.025714
4 0.760357 0.712381 0.043571 0.022857
4 0.773214 0.742857 0.040714 0.024762
4 0.785714 0.934762 0.047143 0.029524
2 0.530000 0.315714 0.050000 0.170476
2 0.516071 0.150476 0.049286 0.190476
4 0.576429 0.082857 0.034286 0.024762
