0 0.357500 0.034762 0.015000 0.039048
0 0.361071 0.072857 0.012143 0.035238
0 0.252857 0.160476 0.027143 0.020000
1 0.251786 0.179524 0.025000 0.020000
4 0.325357 0.018571 0.009286 0.010476
4 0.336786 0.013333 0.009286 0.013333
4 0.336429 0.034286 0.010000 0.013333
4 0.312143 0.022857 0.014286 0.011429
4 0.411429 0.514286 0.004286 0.015238
4 0.654643 0.866667 0.006429 0.020952
0 0.929286 0.740476 0.028571 0.021905
1 0.960357 0.750952 0.030714 0.020000
2 0.931071 0.652857 0.043571 0.029524
1 0.913929 0.491429 0.029286 0.019048
0 0.953571 0.506667 0.030000 0.026667
