0 0.507250 0.625000 0.103500 0.146000
0 0.361250 0.550000 0.102500 0.120000
0 0.611500 0.497000 0.123000 0.110000
0 0.502000 0.439333 0.048000 0.133333
0 0.443000 0.454667 0.049000 0.150667
0 0.387250 0.329667 0.052500 0.131333
0 0.377000 0.199667 0.040000 0.106000
0 0.364000 0.451333 0.094000 0.097333
1 0.507500 0.088667 0.040000 0.113333
2 0.536500 0.255333 0.057000 0.157333
2 0.601000 0.269000 0.056000 0.130000
0 0.375750 0.947667 0.066500 0.102000
0 0.579250 0.949000 0.066500 0.102000
1 0.735000 0.917667 0.079000 0.164667
4 0.366000 0.116333 0.025000 0.050000
4 0.017500 0.832333 0.035000 0.044667
4 0.477250 0.736000 0.044500 0.040000
4 0.935500 0.385000 0.041000 0.048667
4 0.717750 0.468000 0.046500 0.032000
4 0.775500 0.489000 0.033000 0.028667
