1 0.376429 0.927619 0.035714 0.106667
2 0.447857 0.872381 0.044286 0.152381
0 0.512500 0.867143 0.042143 0.115238
0 0.505000 0.730476 0.038571 0.100952
0 0.439286 0.730000 0.034286 0.092381
2 0.376786 0.771905 0.033571 0.113333
0 0.383571 0.637143 0.032857 0.080000
0 0.492857 0.605238 0.031429 0.077143
1 0.430357 0.584762 0.026429 0.074286
4 0.356071 0.580476 0.010714 0.039048
4 0.400000 0.558571 0.010000 0.029524
4 0.494286 0.473333 0.012857 0.026667
0 0.427500 0.465714 0.026429 0.066667
0 0.472143 0.381905 0.024286 0.053333
0 0.408929 0.358095 0.025000 0.053333
0 0.466786 0.329048 0.022143 0.046667
0 0.459643 0.281429 0.019286 0.040952
0 0.454643 0.226667 0.019286 0.040000
4 0.355000 0.275714 0.008571 0.020000
4 0.222857 0.902381 0.024286 0.058095
4 0.285000 0.814286 0.015714 0.045714
4 0.317857 0.748571 0.015714 0.059048
4 0.251786 0.710476 0.013571 0.041905
4 0.332857 0.503333 0.010000 0.025714
1 0.276071 0.542857 0.032143 0.074286
0 0.301071 0.340476 0.026429 0.048571
4 0.355714 0.190000 0.008571 0.025714
4 0.438929 0.117619 0.005000 0.016190
4 0.366071 0.053810 0.006429 0.014286
4 0.407143 0.029524 0.005714 0.013333
0 0.440357 0.047619 0.015000 0.026667
0 0.478929 0.070476 0.013571 0.019048
1 0.490000 0.037619 0.014286 0.021905
2 0.465000 0.021905 0.017143 0.034286
1 0.045714 0.916667 0.080000 0.088571
0 0.096429 0.791429 0.075714 0.049524
0 0.118214 0.744762 0.073571 0.047619
0 0.136786 0.704762 0.063571 0.043810
0 0.148214 0.671429 0.060714 0.040000
0 0.169643 0.631905 0.050714 0.040952
4 0.101071 0.677143 0.027857 0.032381
0 0.053214 0.635714 0.039286 0.077143
0 0.092857 0.592857 0.047143 0.080952
4 0.961786 0.625238 0.033571 0.021905
4 0.952143 0.611905 0.021429 0.023810
4 0.938214 0.591429 0.026429 0.013333
2 0.826429 0.578571 0.068571 0.061905
0 0.720714 0.416667 0.040000 0.050476
4 0.692143 0.408095 0.011429 0.027619
0 0.651786 0.369048 0.032143 0.044762
2 0.668929 0.346667 0.035000 0.053333
4 0.619286 0.375238 0.007143 0.024762
0 0.595000 0.323810 0.031429 0.043810
4 0.607500 0.295238 0.010714 0.020952
0 0.646071 0.302857 0.022143 0.038095
1 0.624286 0.272857 0.020000 0.037143
2 0.630000 0.229524 0.025714 0.036190
2 0.655000 0.230000 0.024286 0.039048
1 0.587857 0.159048 0.027143 0.028571
2 0.612500 0.148571 0.040714 0.028571
2 0.589643 0.114762 0.022143 0.029524
4 0.547857 0.151429 0.008571 0.019048
2 0.521786 0.191905 0.035000 0.101905
4 0.525714 0.115238 0.007143 0.017143
1 0.573214 0.108095 0.016429 0.025714
2 0.589643 0.081429 0.022143 0.033333
2 0.554643 0.060476 0.025000 0.042857
4 0.541786 0.089048 0.007857 0.014286
0 0.522143 0.072857 0.017143 0.025714
4 0.532857 0.051905 0.007143 0.012381
4 0.525000 0.034286 0.007143 0.013333
0 0.534643 0.007143 0.013571 0.014286
4 0.675714 0.148095 0.014286 0.014286
0 0.746786 0.150000 0.029286 0.021905
4 0.183214 0.336667 0.017857 0.027619
4 0.172143 0.302381 0.010000 0.025714
