1 0.050714 0.362857 0.081429 0.049524
0 0.216429 0.375238 0.081429 0.047619
2 0.368929 0.370476 0.100714 0.068571
2 0.184643 0.484762 0.113571 0.060952
0 0.040000 0.682381 0.080000 0.048571
0 0.319643 0.813333 0.075000 0.104762
0 0.140714 0.767143 0.050000 0.115238
0 0.090357 0.774286 0.050714 0.116190
4 0.058929 0.412381 0.030714 0.020952
4 0.250000 0.425238 0.035714 0.020000
0 0.411429 0.450476 0.074286 0.040000
0 0.170357 0.558095 0.082143 0.047619
0 0.331071 0.626667 0.087857 0.049524
0 0.445000 0.563333 0.082857 0.048571
4 0.243571 0.624286 0.035714 0.014286
4 0.618929 0.328095 0.010714 0.042857
1 0.639286 0.129524 0.028571 0.085714
0 0.785714 0.333333 0.071429 0.066667
0 0.616786 0.470000 0.075000 0.046667
0 0.667857 0.567143 0.081429 0.050476
0 0.965000 0.396190 0.070000 0.045714
1 0.973929 0.544762 0.052143 0.038095
1 0.897857 0.451905 0.072857 0.040952
0 0.889643 0.627619 0.080714 0.043810
0 0.802500 0.699524 0.075000 0.086667
1 0.645357 0.900952 0.040714 0.106667
0 0.717500 0.981905 0.036429 0.034286
4 0.742143 0.817619 0.018571 0.039048
4 0.617143 0.738571 0.037143 0.027619
4 0.525714 0.924762 0.018571 0.051429
4 0.483929 0.918095 0.015000 0.045714
4 0.415000 0.934762 0.031429 0.031429
4 0.448571 0.919048 0.017143 0.040000
4 0.468929 0.932381 0.009286 0.041905
