0 0.510714 0.967143 0.032857 0.065714
2 0.375000 0.917143 0.078571 0.066667
0 0.295357 0.865238 0.090714 0.058095
0 0.345000 0.793333 0.081429 0.047619
2 0.365000 0.712381 0.095714 0.051429
0 0.359286 0.650476 0.085714 0.049524
0 0.363929 0.581905 0.076429 0.053333
2 0.344286 0.455714 0.104286 0.073333
4 0.422500 0.279524 0.033571 0.025714
0 0.496429 0.355714 0.032857 0.101905
0 0.796786 0.975714 0.067857 0.048571
0 0.783929 0.916190 0.076429 0.072381
0 0.772500 0.859524 0.067857 0.048571
2 0.790357 0.800000 0.087857 0.057143
0 0.890714 0.832857 0.052857 0.111429
4 0.965000 0.918571 0.034286 0.031429
4 0.947857 0.829048 0.030000 0.037143
4 0.927500 0.755238 0.036429 0.022857
4 0.884643 0.720952 0.033571 0.020952
4 0.901786 0.698095 0.030714 0.022857
4 0.901071 0.656667 0.036429 0.021905
4 0.834643 0.502857 0.033571 0.017143
4 0.663214 0.379048 0.015000 0.041905
4 0.644643 0.376667 0.013571 0.039048
4 0.668929 0.295238 0.027857 0.028571
4 0.753929 0.280476 0.020714 0.037143
4 0.796071 0.270000 0.029286 0.018095
4 0.820000 0.272857 0.028571 0.033333
4 0.573929 0.287143 0.012143 0.040952
4 0.677500 0.504762 0.020714 0.041905
0 0.645714 0.481429 0.038571 0.101905
0 0.488214 0.040952 0.032143 0.081905
0 0.591429 0.033810 0.035714 0.067619
0 0.710357 0.019524 0.033571 0.039048
