2 0.152923 0.071892 0.017745 0.030612
2 0.157881 0.081169 0.020355 0.030612
2 0.181106 0.141002 0.020877 0.024119
0 0.290188 0.402597 0.042797 0.042672
1 0.286013 0.389610 0.036534 0.037106
1 0.282881 0.376160 0.034447 0.034323
2 0.323591 0.448052 0.064718 0.055659
4 0.325939 0.534787 0.016180 0.023191
4 0.298800 0.978200 0.017223 0.041744
4 0.244520 0.919759 0.015136 0.047310
4 0.246347 0.879406 0.022965 0.053803
4 0.233820 0.884508 0.016701 0.049165
4 0.233038 0.927180 0.016180 0.062152
0 0.454593 0.492579 0.029228 0.046382
4 0.491649 0.459184 0.011482 0.022263
4 0.484603 0.409555 0.013048 0.015770
4 0.511482 0.394712 0.010438 0.019481
3 0.539666 0.914193 0.107516 0.169759
4 0.661273 0.971243 0.036534 0.044527
4 0.602035 0.805659 0.019311 0.032468
4 0.613779 0.825603 0.028184 0.035250
2 0.930324 0.654917 0.066284 0.137291
2 0.946503 0.532004 0.033925 0.060297
4 0.932672 0.457328 0.019833 0.024119
4 0.924843 0.436456 0.017745 0.023191
4 0.899008 0.397032 0.018267 0.024119
4 0.870564 0.422078 0.015658 0.018553
4 0.859864 0.423469 0.013048 0.021336
4 0.854384 0.429035 0.015658 0.025046
4 0.848643 0.431818 0.018789 0.023191
4 0.856211 0.448516 0.010960 0.026902
4 0.823852 0.483302 0.010960 0.018553
4 0.826200 0.479128 0.010438 0.023191
4 0.902662 0.461039 0.015136 0.022263
1 0.666754 0.610390 0.055846 0.081633
0 0.680846 0.578850 0.050626 0.057514
4 0.552192 0.452226 0.009395 0.028757
0 0.496086 0.487013 0.036013 0.046382
