4 0.611786 0.500952 0.019286 0.032381
4 0.036071 0.920000 0.032143 0.040000
4 0.052500 0.898571 0.022143 0.039048
4 0.072857 0.883333 0.022857 0.029524
4 0.210000 0.786667 0.012857 0.043810
4 0.362500 0.350000 0.026429 0.021905
4 0.339286 0.332381 0.008571 0.032381
4 0.795714 0.060000 0.014286 0.019048
4 0.663929 0.257143 0.013571 0.019048
4 0.990000 0.521905 0.020000 0.028571
4 0.974643 0.561429 0.027857 0.029524
4 0.962143 0.582857 0.030000 0.022857
4 0.968571 0.595714 0.032857 0.018095
4 0.962143 0.610476 0.028571 0.030476
4 0.954643 0.621429 0.030714 0.023810
4 0.953571 0.632381 0.037143 0.022857
4 0.917857 0.609048 0.037143 0.029524
4 0.912857 0.620476 0.032857 0.023810
4 0.909286 0.632857 0.027143 0.023810
4 0.905714 0.642381 0.024286 0.020000
4 0.889286 0.684762 0.035714 0.030476
4 0.879286 0.700952 0.032857 0.026667
4 0.914643 0.728095 0.033571 0.029524
4 0.909286 0.763333 0.038571 0.023810
4 0.897857 0.790952 0.028571 0.039048
4 0.889286 0.812857 0.028571 0.035238
4 0.882143 0.828095 0.031429 0.037143
4 0.968571 0.780476 0.037143 0.035238
4 0.971429 0.768095 0.034286 0.025714
4 0.975000 0.755714 0.034286 0.029524
1 0.390357 0.588095 0.060714 0.075238
0 0.444286 0.461905 0.055714 0.059048
1 0.505357 0.442381 0.046429 0.063810
0 0.560000 0.382381 0.044286 0.061905
0 0.635000 0.292857 0.034286 0.046667
1 0.826071 0.057143 0.027857 0.038095
0 0.942143 0.153810 0.025714 0.031429
0 0.983571 0.430000 0.031429 0.069524
0 0.958214 0.494762 0.043571 0.058095
0 0.932500 0.559524 0.046429 0.071429
0 0.841429 0.782857 0.052857 0.091429
3 0.678214 0.593810 0.103571 0.168571
