0 0.088205 0.741187 0.063674 0.055659
0 0.158142 0.578386 0.056367 0.043599
4 0.157359 0.541744 0.024530 0.027829
4 0.128392 0.534787 0.015658 0.026902
4 0.049843 0.600649 0.018267 0.030612
4 0.036013 0.545918 0.017745 0.021336
4 0.032098 0.543599 0.020355 0.024119
4 0.037056 0.532004 0.019833 0.025046
4 0.052192 0.508813 0.018789 0.019481
4 0.054802 0.503247 0.014614 0.021336
4 0.089770 0.448980 0.014614 0.016698
4 0.108038 0.448052 0.018789 0.018553
4 0.122912 0.440167 0.013048 0.017625
4 0.144050 0.425788 0.013570 0.018553
0 0.168841 0.447124 0.021399 0.050093
0 0.199635 0.406772 0.022443 0.041744
4 0.130219 0.397959 0.012004 0.018553
4 0.137265 0.381262 0.010438 0.014842
4 0.140136 0.378015 0.010960 0.013915
4 0.130480 0.370130 0.013570 0.014842
4 0.218424 0.389147 0.013048 0.015770
0 0.183977 0.313080 0.030793 0.028757
4 0.194937 0.297774 0.012004 0.012987
1 0.223643 0.279685 0.014092 0.026902
4 0.210073 0.274583 0.010960 0.012987
1 0.225992 0.243970 0.020877 0.020408
4 0.236430 0.231447 0.008351 0.010204
0 0.275052 0.192486 0.010438 0.015770
0 0.275052 0.182746 0.018789 0.012987
0 0.730689 0.940167 0.065762 0.117811
1 0.689457 0.728200 0.042797 0.072356
0 0.682933 0.640538 0.040188 0.062152
4 0.724426 0.559369 0.018789 0.025974
4 0.635438 0.492115 0.019311 0.019481
4 0.633351 0.488868 0.019311 0.024119
4 0.619520 0.503247 0.019833 0.019481
4 0.613518 0.491187 0.017223 0.019481
4 0.610386 0.487941 0.015136 0.022263
4 0.608820 0.485622 0.018267 0.023191
4 0.624478 0.506957 0.019311 0.021336
4 0.603601 0.474026 0.014092 0.018553
4 0.602557 0.471243 0.014092 0.016698
4 0.600731 0.467069 0.015658 0.019481
4 0.599165 0.462430 0.013570 0.017625
4 0.598382 0.458256 0.015136 0.018553
4 0.596033 0.453154 0.013570 0.019481
4 0.576983 0.405380 0.010960 0.016698
4 0.545668 0.502783 0.018267 0.018553
4 0.542015 0.496753 0.016180 0.021336
4 0.557933 0.398887 0.008351 0.022263
4 0.560804 0.375696 0.014092 0.014842
4 0.493998 0.577922 0.012004 0.033395
2 0.507307 0.523655 0.038622 0.093692
2 0.525052 0.334879 0.028184 0.031540
0 0.490866 0.213822 0.014092 0.019481
4 0.468685 0.185529 0.005219 0.011132
0 0.448330 0.132189 0.007307 0.013915
0 0.422234 0.292672 0.013570 0.021336
0 0.418841 0.225881 0.009916 0.019481
3 0.389353 0.159555 0.009395 0.022263
0 0.391180 0.147032 0.005741 0.012059
0 0.409447 0.141002 0.006785 0.011132
0 0.406837 0.128942 0.005741 0.009276
0 0.405271 0.119666 0.005741 0.009276
2 0.420146 0.104824 0.007307 0.016698
2 0.405793 0.104360 0.008873 0.019481
1 0.402662 0.069109 0.004697 0.008349
2 0.408142 0.061688 0.005219 0.008349
4 0.417537 0.130334 0.002088 0.006494
4 0.415449 0.118738 0.002088 0.005566
4 0.386221 0.128479 0.002088 0.006494
4 0.391180 0.097866 0.001566 0.006494
4 0.414144 0.094620 0.002610 0.005566
4 0.390136 0.076531 0.001566 0.004638
1 0.439457 0.096475 0.005219 0.009276
2 0.450678 0.262059 0.019311 0.036178
1 0.407881 0.051020 0.004697 0.005566
1 0.764092 0.406772 0.026096 0.030612
2 0.794363 0.404453 0.048017 0.042672
