1 0.067857 0.844543 0.054286 0.135787
1 0.032857 0.541878 0.037143 0.063452
1 0.111786 0.592005 0.046429 0.097716
1 0.070714 0.478426 0.035714 0.048223
1 0.111071 0.358503 0.036429 0.054569
1 0.421429 0.175761 0.025714 0.057107
1 0.467143 0.072335 0.021429 0.043147
1 0.544286 0.057107 0.018571 0.045685
0 0.096071 0.417513 0.036429 0.053299
0 0.131071 0.644036 0.030714 0.085025
0 0.456071 0.197335 0.023571 0.046954
0 0.384643 0.822335 0.047857 0.126904
4 0.420000 0.389594 0.012857 0.040609
0 0.177857 0.360406 0.025714 0.053299
0 0.168929 0.230330 0.025000 0.036802
0 0.181071 0.202411 0.020714 0.029188
0 0.190000 0.173858 0.024286 0.035533
0 0.201071 0.151015 0.020714 0.027919
0 0.232143 0.080584 0.017143 0.026650
0 0.246429 0.077411 0.017143 0.022843
0 0.242500 0.047589 0.026429 0.024112
0 0.256786 0.027919 0.015000 0.025381
0 0.265000 0.017766 0.015714 0.017766
0 0.593929 0.284898 0.025000 0.064721
0 0.675000 0.546954 0.035714 0.096447
0 0.602143 0.078680 0.020000 0.038071
0 0.591786 0.017132 0.016429 0.034264
