0 0.492500 0.970476 0.022143 0.053333
0 0.612500 0.980000 0.025000 0.040000
0 0.602857 0.802857 0.020000 0.053333
0 0.572500 0.321905 0.012143 0.015238
0 0.576786 0.290000 0.010714 0.010476
0 0.579286 0.266190 0.010000 0.012381
0 0.591429 0.218095 0.008571 0.009524
0 0.590357 0.185714 0.009286 0.011429
3 0.590357 0.152857 0.009286 0.020000
1 0.603571 0.743810 0.017143 0.043810
1 0.601786 0.690000 0.015000 0.039048
0 0.598929 0.543810 0.012143 0.026667
0 0.543929 0.475238 0.012143 0.020952
2 0.599643 0.494286 0.017857 0.070476
0 0.701071 0.410000 0.020714 0.014286
4 0.558214 0.678571 0.007857 0.021905
4 0.545714 0.663333 0.007143 0.020000
4 0.548929 0.601429 0.006429 0.016190
4 0.572857 0.597619 0.007143 0.018095
4 0.560000 0.584286 0.007143 0.014286
4 0.545714 0.555714 0.007143 0.016190
4 0.564286 0.531905 0.007143 0.014286
4 0.571786 0.437143 0.007857 0.017143
4 0.460714 0.849048 0.020000 0.016190
4 0.426071 0.851905 0.017857 0.012381
2 0.425000 0.900476 0.068571 0.050476
2 0.608214 0.885714 0.023571 0.080000
2 0.509286 0.780000 0.017143 0.038095
4 0.514643 0.734762 0.013571 0.012381
4 0.517500 0.720476 0.015000 0.016190
4 0.539286 0.766667 0.007143 0.022857
0 0.888214 0.421905 0.029286 0.019048
0 0.921071 0.423810 0.029286 0.015238
0 0.957500 0.425714 0.030714 0.013333
0 0.808571 0.419524 0.030000 0.014286
0 0.988571 0.427143 0.022857 0.016190
0 0.729643 0.413333 0.025000 0.015238
0 0.766071 0.416667 0.025000 0.012381
