4 0.567857 0.693333 0.034286 0.047619
4 0.660357 0.831905 0.052143 0.065714
0 0.709286 0.965714 0.085714 0.068571
0 0.226786 0.875714 0.082143 0.107619
0 0.953214 0.800000 0.087857 0.118095
0 0.915357 0.747619 0.093571 0.135238
0 0.825000 0.644286 0.081429 0.120952
0 0.784643 0.580952 0.072143 0.102857
0 0.738214 0.535238 0.073571 0.091429
0 0.699643 0.487143 0.076429 0.086667
0 0.661071 0.444762 0.075000 0.089524
0 0.627857 0.402857 0.072857 0.089524
1 0.588929 0.366667 0.075000 0.081905
1 0.563571 0.328571 0.062857 0.072381
0 0.535000 0.297143 0.072857 0.078095
0 0.500357 0.259524 0.072143 0.075238
0 0.471071 0.230476 0.070714 0.080000
4 0.475000 0.190476 0.024286 0.032381
1 0.437143 0.189524 0.065714 0.068571
0 0.418214 0.148095 0.070714 0.071429
4 0.398929 0.106667 0.026429 0.032381
4 0.883214 0.437143 0.026429 0.036190
4 0.897857 0.447143 0.025714 0.037143
4 0.787500 0.330952 0.020714 0.042857
0 0.245714 0.090000 0.074286 0.073333
0 0.305000 0.039048 0.062857 0.059048
1 0.269643 0.026667 0.089286 0.053333
4 0.309643 0.061429 0.030714 0.046667
4 0.345357 0.041905 0.023571 0.038095
