0 0.371602 0.974237 0.122318 0.047710
0 0.019671 0.202767 0.039342 0.037214
0 0.289700 0.534351 0.107296 0.070611
0 0.566166 0.644084 0.126609 0.103053
0 0.721030 0.710401 0.138770 0.104008
0 0.909514 0.781011 0.156652 0.123092
0 0.094063 0.442271 0.065093 0.052481
4 0.224964 0.451813 0.030758 0.029580
4 0.576538 0.542462 0.038627 0.042939
4 0.465308 0.612118 0.036481 0.041031
4 0.755722 0.602576 0.043634 0.042939
4 0.676681 0.574427 0.044349 0.049618
4 0.800787 0.676050 0.032189 0.031489
4 0.452432 0.456107 0.012160 0.038168
4 0.442060 0.456107 0.012876 0.026718
