2 0.707500 0.884286 0.047857 0.212381
2 0.642857 0.825714 0.102857 0.281905
2 0.626071 0.671429 0.069286 0.192381
2 0.818214 0.578095 0.050714 0.167619
2 0.787500 0.502857 0.056429 0.186667
2 0.632143 0.500000 0.091429 0.179048
2 0.691071 0.282381 0.046429 0.159048
2 0.785714 0.036667 0.048571 0.073333
0 0.206786 0.014762 0.056429 0.029524
0 0.136429 0.014762 0.052857 0.029524
0 0.460714 0.217619 0.022857 0.082857
3 0.507500 0.030000 0.016429 0.060000
4 0.321786 0.512381 0.020714 0.015238
4 0.321071 0.524286 0.023571 0.014286
4 0.320357 0.537143 0.022143 0.017143
4 0.321071 0.554286 0.020714 0.015238
4 0.320000 0.570000 0.022857 0.012381
4 0.321786 0.598571 0.025000 0.016190
4 0.319643 0.582381 0.022143 0.014286
4 0.321786 0.614762 0.022143 0.020000
4 0.322500 0.648095 0.026429 0.014286
4 0.320000 0.663333 0.027143 0.014286
4 0.296429 0.543810 0.008571 0.030476
4 0.275714 0.679524 0.024286 0.014286
4 0.275714 0.693810 0.025714 0.016190
4 0.295357 0.667619 0.025000 0.015238
4 0.298571 0.679524 0.020000 0.010476
4 0.296786 0.692857 0.022143 0.014286
4 0.320714 0.691905 0.021429 0.016190
4 0.322500 0.676667 0.025000 0.012381
