4 0.359864 0.230519 0.012004 0.013915
4 0.346294 0.967996 0.022443 0.052876
4 0.392223 0.724954 0.024530 0.028757
4 0.400835 0.714286 0.017745 0.035250
4 0.404228 0.704545 0.015136 0.030612
4 0.407881 0.691558 0.014092 0.032468
4 0.442589 0.700835 0.018789 0.023191
4 0.434760 0.691095 0.018789 0.018553
4 0.437109 0.678571 0.022443 0.025046
4 0.450418 0.669759 0.020877 0.022263
4 0.423017 0.634045 0.009916 0.032468
4 0.448852 0.652134 0.017745 0.027829
4 0.544885 0.663265 0.011482 0.038961
3 0.552453 0.835807 0.050626 0.198516
0 0.622651 0.759276 0.034447 0.104824
4 0.472338 0.447124 0.013570 0.018553
2 0.597860 0.417904 0.032881 0.069573
4 0.634656 0.411874 0.008351 0.024119
4 0.670146 0.237941 0.009395 0.015770
4 0.576200 0.270408 0.006263 0.019481
2 0.659447 0.224026 0.019311 0.023191
0 0.568633 0.164193 0.015136 0.022263
0 0.517745 0.283395 0.024008 0.023191
0 0.546973 0.166512 0.016701 0.017625
0 0.642745 0.166512 0.024530 0.021336
4 0.643789 0.129406 0.008873 0.010204
4 0.646921 0.148887 0.006785 0.008349
4 0.652923 0.155380 0.006263 0.010204
4 0.619259 0.179499 0.004697 0.013915
4 0.603862 0.089518 0.003132 0.010204
4 0.584290 0.096939 0.003653 0.010204
0 0.575418 0.083024 0.013048 0.015770
4 0.606211 0.064935 0.002610 0.007421
4 0.601253 0.064935 0.002088 0.007421
0 0.579854 0.025974 0.004175 0.011132
4 0.587422 0.003247 0.001566 0.004638
4 0.598904 0.003247 0.001566 0.004638
4 0.586639 0.014378 0.002088 0.004638
4 0.589248 0.011596 0.002088 0.006494
4 0.603340 0.018553 0.002088 0.005566
4 0.600992 0.018553 0.002610 0.005566
