0 0.018929 0.050761 0.026429 0.030457
0 0.016071 0.117386 0.030714 0.039340
1 0.041786 0.144670 0.029286 0.038071
0 0.088571 0.192893 0.031429 0.038071
0 0.079286 0.112310 0.030000 0.036802
1 0.126429 0.158629 0.031429 0.040609
1 0.154286 0.184645 0.031429 0.041878
1 0.190000 0.222716 0.032857 0.041878
0 0.205000 0.270305 0.032857 0.040609
1 0.171071 0.272843 0.033571 0.043147
0 0.202857 0.305203 0.034286 0.044416
0 0.253571 0.282360 0.028571 0.036802
1 0.290357 0.317893 0.030714 0.041878
1 0.325357 0.354061 0.037857 0.050761
0 0.331786 0.402284 0.036429 0.045685
1 0.367143 0.393401 0.037143 0.048223
0 0.403214 0.430838 0.035000 0.044416
0 0.438929 0.468909 0.037857 0.046954
0 0.500357 0.583756 0.039286 0.058376
3 0.633571 0.725254 0.034286 0.079949
4 0.686786 0.659898 0.012143 0.027919
1 0.722857 0.729061 0.028571 0.074873
1 0.702857 0.937817 0.037143 0.098985
3 0.800714 0.685279 0.075714 0.203046
1 0.803929 0.527919 0.026429 0.063452
0 0.796786 0.447970 0.026429 0.058376
3 0.875714 0.394670 0.060000 0.154822
0 0.796071 0.216371 0.023571 0.049492
0 0.765714 0.218274 0.022857 0.043147
0 0.880000 0.261421 0.025714 0.058376
