1 0.295000 0.924000 0.129000 0.152000
2 0.353000 0.703667 0.150000 0.114000
2 0.694250 0.741667 0.117500 0.226000
0 0.597500 0.406333 0.076000 0.115333
2 0.912500 0.495333 0.107000 0.280000
4 0.681750 0.490000 0.022500 0.040000
4 0.678750 0.351000 0.015500 0.047333
1 0.931500 0.285333 0.059000 0.109333
0 0.756500 0.112000 0.039000 0.054667
0 0.983250 0.155000 0.033500 0.046000
0 0.909500 0.113000 0.051000 0.043333
4 0.878500 0.029333 0.015000 0.022667
0 0.783250 0.073000 0.032500 0.044667
0 0.800000 0.030333 0.032000 0.039333
4 0.835250 0.094333 0.010500 0.027333
4 0.876000 0.055000 0.010000 0.020667
4 0.496750 0.074333 0.016500 0.024667
