4 0.048539 0.976809 0.031315 0.044527
0 0.586117 0.042672 0.016701 0.035250
0 0.474948 0.256494 0.039666 0.036178
0 0.584290 0.403989 0.027662 0.065863
0 0.591597 0.482375 0.029749 0.079777
4 0.480689 0.460575 0.016701 0.026902
4 0.424582 0.487941 0.015136 0.029685
4 0.385438 0.516698 0.020355 0.024119
4 0.412578 0.627551 0.018267 0.030612
4 0.474426 0.625232 0.008351 0.040816
4 0.462944 0.934601 0.025052 0.051020
4 0.354645 0.677644 0.020355 0.038033
4 0.678236 0.678108 0.023486 0.025974
4 0.666493 0.487941 0.015658 0.025974
4 0.663883 0.434137 0.018789 0.020408
4 0.658664 0.404917 0.016701 0.021336
4 0.674843 0.344620 0.013570 0.017625
4 0.674582 0.338126 0.014092 0.017625
4 0.670407 0.309369 0.016180 0.017625
4 0.676409 0.282004 0.017745 0.020408
4 0.668058 0.269017 0.014614 0.018553
0 0.616649 0.307050 0.017223 0.038961
4 0.646660 0.212894 0.010438 0.028757
4 0.678236 0.221707 0.013048 0.022263
4 0.670407 0.216605 0.013048 0.019481
0 0.647443 0.185993 0.039144 0.032468
4 0.678497 0.177180 0.015658 0.022263
4 0.679019 0.173469 0.014614 0.018553
4 0.673539 0.105288 0.013048 0.017625
4 0.676670 0.080705 0.012004 0.012987
