0 0.026429 0.006667 0.008571 0.009524
1 0.086071 0.039048 0.013571 0.015238
4 0.110357 0.114762 0.003571 0.006667
4 0.122143 0.155714 0.004286 0.008571
0 0.071429 0.013810 0.011429 0.008571
1 0.103929 0.027143 0.023571 0.012381
1 0.112143 0.034286 0.015714 0.011429
0 0.141786 0.030000 0.016429 0.008571
1 0.086429 0.222381 0.032857 0.075238
0 0.085357 0.020952 0.015000 0.007619
0 0.116429 0.054286 0.011429 0.009524
0 0.105714 0.070476 0.008571 0.011429
0 0.118571 0.069524 0.008571 0.009524
0 0.132500 0.085714 0.010714 0.009524
0 0.147500 0.082857 0.009286 0.011429
1 0.109643 0.087143 0.009286 0.012381
0 0.118929 0.082857 0.016429 0.009524
0 0.219286 0.086190 0.015714 0.006667
1 0.210000 0.082857 0.015714 0.013333
0 0.153571 0.103810 0.020000 0.013333
0 0.251429 0.176190 0.014286 0.017143
0 0.265714 0.175238 0.011429 0.015238
1 0.285714 0.238571 0.027143 0.056190
1 0.255357 0.240000 0.026429 0.057143
0 0.239286 0.251905 0.010000 0.018095
0 0.337500 0.267619 0.033571 0.022857
1 0.355714 0.335714 0.031429 0.027619
3 0.156786 0.344762 0.033571 0.087619
0 0.239643 0.360000 0.039286 0.032381
1 0.313929 0.358571 0.027857 0.023810
1 0.205714 0.324762 0.048571 0.047619
1 0.213214 0.301429 0.049286 0.031429
1 0.256429 0.331429 0.031429 0.030476
1 0.229643 0.333810 0.033571 0.033333
4 0.199286 0.544762 0.010000 0.022857
0 0.392143 0.677143 0.032857 0.060952
0 0.344643 0.696667 0.036429 0.069524
0 0.397143 0.525238 0.037143 0.044762
0 0.572500 0.689524 0.060714 0.059048
0 0.526429 0.626667 0.050000 0.051429
1 0.552143 0.653333 0.065714 0.070476
1 0.653571 0.972857 0.075714 0.054286
1 0.411071 0.281905 0.042143 0.047619
0 0.410000 0.310952 0.031429 0.016190
0 0.455000 0.279524 0.025714 0.020000
0 0.492143 0.386190 0.037143 0.037143
0 0.510000 0.431429 0.037143 0.034286
0 0.465714 0.468571 0.038571 0.038095
4 0.609286 0.361429 0.010000 0.018095
4 0.588929 0.386190 0.013571 0.012381
4 0.740714 0.543810 0.015714 0.020952
4 0.767143 0.610952 0.012857 0.025714
0 0.747857 0.807619 0.068571 0.057143
4 0.816786 0.848095 0.023571 0.040952
0 0.861071 0.963810 0.072143 0.068571
0 0.913214 0.957619 0.086429 0.082857
0 0.948929 0.944762 0.096429 0.108571
0 0.966071 0.935238 0.067857 0.114286
0 0.987500 0.900000 0.025000 0.041905
1 0.818214 0.974286 0.056429 0.049524
4 0.917500 0.713810 0.015000 0.023810
4 0.830357 0.679048 0.015000 0.032381
4 0.898929 0.708571 0.017857 0.026667
