0 0.051502 0.897424 0.094421 0.199427
0 0.109084 0.660305 0.082260 0.181298
0 0.165594 0.448950 0.099428 0.145992
0 0.346924 0.607347 0.124464 0.088740
0 0.314378 0.795802 0.129471 0.103053
0 0.361230 0.522901 0.120172 0.095420
0 0.370887 0.434637 0.119456 0.083015
0 0.393777 0.359733 0.112303 0.085878
0 0.398069 0.282920 0.110873 0.073473
0 0.287554 0.890744 0.147353 0.117366
0 0.260372 0.977576 0.125894 0.042939
4 0.052217 0.577290 0.024320 0.057252
0 0.749285 0.052481 0.057940 0.104962
0 0.179900 0.348760 0.023605 0.033397
0 0.199571 0.330630 0.028612 0.031489
4 0.431330 0.152672 0.042918 0.047710
4 0.683119 0.863073 0.027182 0.063931
4 0.581187 0.747615 0.043634 0.035305
4 0.536123 0.472328 0.020744 0.062977
4 0.641989 0.245706 0.040773 0.029580
4 0.238197 0.090649 0.040057 0.026718
4 0.301502 0.018130 0.032189 0.030534
4 0.430973 0.014313 0.012160 0.028626
