4 0.121868 0.564007 0.012004 0.024119
1 0.163622 0.569109 0.024530 0.041744
2 0.203810 0.772263 0.045407 0.115955
1 0.240866 0.870130 0.072547 0.087199
2 0.318111 0.959184 0.068372 0.070501
4 0.398747 0.685993 0.019833 0.023191
0 0.426931 0.467532 0.015658 0.035250
4 0.287839 0.550093 0.005741 0.020408
4 0.293580 0.544063 0.005741 0.017625
4 0.294363 0.550093 0.006263 0.020408
4 0.298800 0.544527 0.007829 0.024119
4 0.303758 0.549629 0.008351 0.021336
4 0.307933 0.551948 0.007307 0.024119
4 0.311065 0.551020 0.008351 0.025974
4 0.326722 0.565399 0.012526 0.030612
4 0.346294 0.547774 0.007829 0.019481
4 0.342641 0.563080 0.007829 0.020408
4 0.380741 0.526438 0.005741 0.019481
4 0.379697 0.513915 0.013048 0.011132
4 0.396138 0.478664 0.013570 0.016698
4 0.392745 0.461039 0.008873 0.012987
4 0.410491 0.463822 0.009916 0.012987
4 0.393267 0.412801 0.010960 0.011132
4 0.395094 0.403989 0.008351 0.013915
4 0.444154 0.403061 0.005219 0.013915
2 0.438935 0.344620 0.011482 0.021336
4 0.419363 0.253247 0.003653 0.007421
4 0.436065 0.263915 0.002610 0.008349
4 0.434760 0.247681 0.003132 0.007421
0 0.447286 0.250000 0.007307 0.012059
2 0.428497 0.204545 0.006263 0.013915
4 0.421712 0.198980 0.002088 0.004638
4 0.412839 0.183210 0.002088 0.004638
4 0.407881 0.169295 0.001566 0.002783
4 0.411273 0.173933 0.002088 0.002783
1 0.402401 0.160019 0.003132 0.006494
4 0.559238 0.571429 0.015136 0.020408
4 0.593946 0.581169 0.012526 0.017625
4 0.593424 0.574212 0.012526 0.020408
0 0.689457 0.566790 0.040710 0.033395
0 0.731472 0.564471 0.040188 0.028757
4 0.754697 0.589981 0.011482 0.024119
4 0.863257 0.725417 0.025052 0.031540
4 0.805063 0.652134 0.017223 0.018553
4 0.617954 0.547310 0.009395 0.022263
4 0.560804 0.486549 0.013048 0.017625
4 0.527401 0.364100 0.007829 0.012059
1 0.516180 0.480519 0.016701 0.035250
2 0.476253 0.342764 0.020355 0.039889
