4 0.558750 0.612667 0.070500 0.057333
4 0.460250 0.552000 0.065500 0.052000
4 0.619500 0.534333 0.053000 0.054000
4 0.796750 0.548333 0.055500 0.044667
0 0.921250 0.459000 0.157500 0.103333
0 0.530000 0.494000 0.028000 0.053333
0 0.267000 0.491333 0.174000 0.088000
1 0.189500 0.294333 0.101000 0.044667
1 0.222250 0.250000 0.085500 0.042667
1 0.228500 0.213667 0.036000 0.030000
1 0.366000 0.249667 0.051000 0.032667
1 0.356250 0.236333 0.052500 0.032667
1 0.424250 0.243333 0.025500 0.045333
0 0.136500 0.145667 0.031000 0.015333
0 0.224500 0.145333 0.032000 0.016000
0 0.269750 0.143667 0.028500 0.016667
0 0.160500 0.164667 0.035000 0.017333
0 0.171000 0.157333 0.033000 0.016000
0 0.203250 0.162667 0.030500 0.020000
0 0.166250 0.203000 0.044500 0.023333
1 0.113250 0.223333 0.056500 0.034667
0 0.171500 0.194667 0.035000 0.024000
0 0.189250 0.192000 0.037500 0.024000
0 0.205250 0.187667 0.038500 0.023333
2 0.211000 0.177667 0.049000 0.028667
0 0.231250 0.169333 0.040500 0.029333
0 0.252500 0.162000 0.027000 0.020000
4 0.237750 0.282333 0.026500 0.024667
4 0.461250 0.384000 0.015500 0.044000
1 0.343000 0.183333 0.042000 0.024000
