0 0.228571 0.548095 0.052857 0.113333
0 0.249286 0.437143 0.047143 0.097143
0 0.160000 0.894286 0.074286 0.171429
0 0.129286 0.681429 0.061429 0.126667
1 0.307857 0.234286 0.050000 0.085714
1 0.297857 0.185714 0.032857 0.064762
4 0.248929 0.272857 0.030714 0.029524
0 0.610714 0.200000 0.071429 0.045714
1 0.638929 0.413810 0.092143 0.060000
0 0.606071 0.141429 0.065000 0.042857
1 0.585357 0.118095 0.055000 0.047619
0 0.493571 0.115238 0.027143 0.064762
1 0.501429 0.242857 0.028571 0.064762
0 0.502500 0.401429 0.035000 0.082857
0 0.498214 0.307143 0.032143 0.071429
0 0.508214 0.493810 0.040714 0.103810
0 0.508571 0.599524 0.041429 0.105714
0 0.685000 0.781429 0.115714 0.086667
0 0.516429 0.910476 0.038571 0.120000
4 0.651071 0.284286 0.019286 0.020000
4 0.645714 0.280952 0.015714 0.015238
0 0.335357 0.021429 0.027857 0.042857
