4 0.303929 0.636667 0.007857 0.008571
4 0.308214 0.643333 0.006429 0.008571
4 0.311786 0.648095 0.006429 0.006667
4 0.313929 0.651905 0.009286 0.008571
4 0.644643 0.895238 0.009286 0.003810
4 0.646429 0.916190 0.008571 0.003810
4 0.652143 0.932381 0.008571 0.005714
4 0.652143 0.923333 0.008571 0.004762
0 0.991071 0.520476 0.017857 0.014286
4 0.885714 0.390000 0.008571 0.004762
4 0.888571 0.397143 0.005714 0.009524
0 0.902143 0.343810 0.014286 0.028571
0 0.897143 0.312381 0.011429 0.028571
0 0.886071 0.268571 0.013571 0.024762
0 0.881786 0.240952 0.010714 0.026667
0 0.876071 0.215714 0.009286 0.023810
0 0.870000 0.190000 0.011429 0.025714
0 0.861429 0.155238 0.011429 0.022857
1 0.868929 0.086190 0.013571 0.020000
0 0.913214 0.268095 0.015000 0.025714
0 0.838571 0.339048 0.014286 0.026667
0 0.817857 0.235238 0.014286 0.028571
0 0.794286 0.108095 0.012857 0.021905
0 0.789643 0.083810 0.012143 0.020952
2 0.757143 0.035714 0.017143 0.027619
0 0.757143 0.061429 0.010000 0.020000
0 0.767143 0.107619 0.011429 0.020952
0 0.770000 0.138571 0.012857 0.027619
1 0.821429 0.431429 0.012857 0.019048
0 0.666429 0.450000 0.014286 0.029524
0 0.646429 0.439048 0.012857 0.032381
0 0.632857 0.430952 0.012857 0.029524
0 0.616786 0.419048 0.010714 0.028571
0 0.602143 0.420476 0.014286 0.029524
