0 0.063571 0.426190 0.085714 0.054286
0 0.178571 0.479524 0.087143 0.046667
0 0.230000 0.426667 0.077143 0.041905
0 0.353929 0.454762 0.083571 0.054286
0 0.356786 0.400000 0.073571 0.049524
0 0.476786 0.550000 0.083571 0.054286
0 0.516071 0.340952 0.056429 0.053333
0 0.567500 0.255238 0.030714 0.047619
0 0.441786 0.269524 0.029286 0.051429
0 0.416071 0.244762 0.027857 0.047619
0 0.426786 0.196667 0.023571 0.044762
0 0.456786 0.207619 0.023571 0.047619
0 0.490357 0.197143 0.020714 0.040000
0 0.537500 0.184762 0.020714 0.043810
0 0.561429 0.117619 0.017143 0.031429
0 0.728214 0.576190 0.093571 0.055238
0 0.417143 0.923810 0.057143 0.140952
0 0.495000 0.927143 0.055714 0.143810
0 0.560357 0.956190 0.050714 0.087619
0 0.645714 0.963810 0.057143 0.072381
0 0.870357 0.586667 0.096429 0.049524
0 0.875357 0.437619 0.069286 0.040952
0 0.947857 0.491905 0.081429 0.042857
0 0.926786 0.539524 0.086429 0.048571
0 0.972857 0.446190 0.054286 0.039048
2 0.456071 0.327619 0.082143 0.068571
4 0.216429 0.370000 0.021429 0.018095
4 0.174643 0.705238 0.023571 0.016190
4 0.102143 0.665238 0.015714 0.039048
4 0.061429 0.620476 0.047143 0.020000
4 0.692857 0.803810 0.020000 0.038095
4 0.696786 0.890000 0.015000 0.056190
4 0.720714 0.841905 0.015714 0.051429
4 0.716429 0.947619 0.012857 0.038095
4 0.736786 0.911429 0.016429 0.051429
4 0.760714 0.948571 0.017143 0.040000
4 0.558214 0.633810 0.036429 0.018095
4 0.605714 0.107619 0.005714 0.013333
4 0.600714 0.166190 0.005714 0.016190
4 0.621786 0.146190 0.006429 0.018095
4 0.627500 0.206190 0.006429 0.016190
4 0.620357 0.098571 0.005000 0.012381
4 0.612143 0.095238 0.004286 0.009524
4 0.562500 0.387619 0.015000 0.024762
4 0.557143 0.449048 0.028571 0.014286
4 0.589286 0.381429 0.014286 0.021905
4 0.698214 0.312857 0.012143 0.020000
4 0.745714 0.368095 0.018571 0.018095
4 0.773571 0.374286 0.025714 0.026667
