0 0.093946 0.507421 0.037578 0.044527
0 0.092902 0.485158 0.056367 0.037106
1 0.120825 0.455473 0.058977 0.046382
1 0.126827 0.429035 0.061587 0.054731
2 0.143006 0.404917 0.037578 0.032468
4 0.145355 0.394712 0.021399 0.015770
0 0.054802 0.413729 0.052192 0.040816
0 0.026357 0.441558 0.052714 0.046382
0 0.018789 0.465677 0.037578 0.038961
3 0.031054 0.367811 0.062109 0.084416
2 0.116649 0.261596 0.159186 0.068646
0 0.214509 0.238868 0.030271 0.025046
4 0.019311 0.204545 0.010438 0.015770
4 0.037056 0.222635 0.007307 0.018553
4 0.041754 0.224026 0.006263 0.015770
4 0.046451 0.223098 0.007307 0.015770
4 0.048278 0.224026 0.006785 0.015770
4 0.051409 0.222635 0.006785 0.018553
4 0.053758 0.223098 0.008351 0.015770
4 0.055846 0.223098 0.007307 0.017625
4 0.057933 0.223098 0.007307 0.015770
4 0.062370 0.223098 0.007829 0.015770
4 0.067589 0.222635 0.007829 0.014842
4 0.075418 0.224954 0.012004 0.017625
4 0.104645 0.207328 0.005741 0.015770
4 0.128132 0.198516 0.006785 0.011132
4 0.092119 0.204545 0.007829 0.013915
4 0.154749 0.215213 0.014092 0.014842
4 0.172234 0.207328 0.009395 0.019481
4 0.186848 0.202690 0.007307 0.017625
0 0.372129 0.186920 0.029228 0.023191
4 0.388048 0.141002 0.008873 0.011132
4 0.435543 0.172078 0.004697 0.017625
2 0.411273 0.112245 0.035491 0.029685
1 0.414144 0.098794 0.022443 0.021336
1 0.417797 0.094620 0.019311 0.018553
1 0.423278 0.090445 0.016701 0.019481
0 0.477557 0.147032 0.012526 0.019481
4 0.486430 0.139610 0.004175 0.013915
1 0.478601 0.199443 0.021921 0.031540
1 0.503653 0.196660 0.021921 0.037106
0 0.497129 0.275974 0.040188 0.026902
4 0.568894 0.179499 0.006263 0.019481
2 0.642745 0.264378 0.061065 0.042672
4 0.630219 0.296846 0.017223 0.020408
4 0.663622 0.197124 0.013048 0.015770
4 0.663100 0.192022 0.006785 0.012987
4 0.679019 0.193414 0.008351 0.017625
4 0.729906 0.206401 0.007829 0.015770
4 0.755219 0.209647 0.011482 0.018553
4 0.706159 0.190631 0.009395 0.015770
4 0.710856 0.186920 0.009395 0.017625
4 0.723643 0.186920 0.006785 0.019481
4 0.741910 0.188312 0.007829 0.014842
0 0.750261 0.227273 0.036013 0.027829
4 0.770877 0.202226 0.008351 0.014842
4 0.749217 0.278293 0.013048 0.016698
0 0.762787 0.288497 0.046451 0.029685
0 0.801670 0.225881 0.036534 0.026902
1 0.815762 0.285714 0.036534 0.031540
0 0.875783 0.216141 0.030271 0.031540
0 0.928497 0.202226 0.025052 0.025974
4 0.923278 0.186456 0.009395 0.011132
4 0.926148 0.288497 0.007829 0.024119
1 0.946503 0.279685 0.036013 0.034323
4 0.965031 0.179963 0.006263 0.014842
2 0.576983 0.314935 0.058977 0.043599
1 0.596555 0.347866 0.032359 0.035250
0 0.604645 0.401670 0.043319 0.038961
4 0.648225 0.467532 0.020877 0.022263
4 0.567328 0.445269 0.018789 0.022263
4 0.558977 0.487013 0.010438 0.031540
4 0.519572 0.544527 0.022443 0.029685
4 0.704332 0.589054 0.021399 0.024119
4 0.669624 0.599722 0.014614 0.036178
4 0.651618 0.593228 0.012004 0.038033
4 0.636482 0.592301 0.010960 0.032468
4 0.643528 0.591373 0.011482 0.036178
4 0.625522 0.586271 0.013048 0.038961
4 0.639875 0.610390 0.008351 0.035250
4 0.647443 0.607143 0.014092 0.034323
4 0.658664 0.604360 0.012526 0.034323
4 0.661534 0.618275 0.010960 0.036178
4 0.657620 0.622449 0.010438 0.046382
4 0.647704 0.623840 0.014614 0.045455
4 0.629958 0.627551 0.016701 0.043599
4 0.602035 0.620594 0.013048 0.038961
4 0.677192 0.628942 0.016180 0.038961
4 0.681106 0.683210 0.025052 0.030612
4 0.672234 0.700835 0.027140 0.028757
4 0.672495 0.711967 0.028706 0.036178
4 0.659186 0.759276 0.025052 0.030612
4 0.661795 0.770872 0.025052 0.029685
4 0.663883 0.788961 0.032359 0.032468
4 0.720511 0.788497 0.026618 0.037106
4 0.728079 0.801020 0.027140 0.036178
4 0.730167 0.826067 0.032359 0.038033
4 0.730950 0.846011 0.030793 0.033395
4 0.744259 0.920686 0.028184 0.034323
4 0.742432 0.898887 0.029749 0.037106
4 0.757046 0.970779 0.034969 0.036178
4 0.759916 0.985158 0.036534 0.027829
4 0.627349 0.775510 0.031315 0.029685
0 0.554280 0.723562 0.039666 0.098330
4 0.498956 0.720315 0.012526 0.047310
4 0.467119 0.705473 0.027140 0.032468
4 0.408403 0.672078 0.026618 0.030612
0 0.454854 0.452690 0.024530 0.064935
4 0.425626 0.417440 0.019311 0.025974
4 0.461639 0.321429 0.006785 0.021336
