1 0.670357 0.805203 0.056429 0.130711
1 0.641071 0.675761 0.046429 0.118020
1 0.591786 0.496827 0.039286 0.085025
1 0.711071 0.939721 0.057857 0.118020
0 0.616071 0.586929 0.043571 0.087563
1 0.574643 0.423223 0.032143 0.082487
1 0.551786 0.357868 0.030714 0.073604
1 0.534643 0.295685 0.025000 0.060914
1 0.522857 0.250000 0.025714 0.068528
1 0.508929 0.208122 0.020714 0.055838
0 0.450714 0.076142 0.021429 0.035533
0 0.493214 0.237944 0.022143 0.052030
0 0.501071 0.176396 0.015000 0.035533
1 0.436429 0.013959 0.014286 0.027919
0 0.465714 0.060914 0.017143 0.030457
