0 0.448929 0.459048 0.079286 0.160000
0 0.033929 0.367143 0.067857 0.079048
4 0.201071 0.486667 0.035000 0.066667
0 0.080714 0.085238 0.100000 0.058095
0 0.064643 0.128571 0.103571 0.064762
2 0.036786 0.167143 0.072143 0.107619
4 0.862857 0.888095 0.067143 0.040952
4 0.843571 0.817619 0.065714 0.050476
1 0.949643 0.802857 0.099286 0.171429
4 0.801071 0.494286 0.049286 0.034286
4 0.820714 0.693333 0.064286 0.043810
4 0.808571 0.641905 0.057143 0.041905
4 0.809286 0.596667 0.070000 0.042857
4 0.800714 0.548571 0.058571 0.047619
4 0.805714 0.522857 0.057143 0.036190
0 0.925357 0.035238 0.087857 0.059048
0 0.880714 0.013333 0.090000 0.026667
4 0.832857 0.761905 0.062857 0.038095
4 0.887143 0.975714 0.070000 0.048571
4 0.288571 0.449048 0.032857 0.058095
4 0.299286 0.655238 0.068571 0.040000
4 0.299286 0.740476 0.070000 0.037143
4 0.295357 0.783333 0.055000 0.039048
4 0.307500 0.831429 0.060714 0.032381
4 0.303214 0.693333 0.065000 0.026667
4 0.316071 0.607619 0.055000 0.038095
4 0.315000 0.464286 0.041429 0.040952
4 0.321071 0.495238 0.053571 0.036190
4 0.316786 0.520000 0.046429 0.026667
4 0.313214 0.547619 0.039286 0.032381
4 0.298929 0.887143 0.073571 0.039048
