4 0.407881 0.924861 0.040188 0.059369
4 0.417015 0.895176 0.033403 0.051948
4 0.420929 0.858998 0.036013 0.050093
1 0.434760 0.759276 0.045929 0.154917
0 0.482516 0.560297 0.072547 0.055659
0 0.495825 0.519944 0.068894 0.054731
0 0.488257 0.496289 0.069415 0.046382
0 0.485908 0.469388 0.058455 0.046382
0 0.487213 0.447124 0.061065 0.038961
0 0.495303 0.429499 0.045929 0.038961
0 0.503653 0.378942 0.043841 0.036178
0 0.504175 0.362709 0.051148 0.033395
4 0.490344 0.338590 0.004697 0.027829
4 0.495825 0.340445 0.013570 0.014842
4 0.499739 0.302412 0.015136 0.016698
0 0.559760 0.258349 0.016180 0.026902
0 0.562109 0.242115 0.014614 0.027829
0 0.559760 0.226345 0.015136 0.025974
4 0.603340 0.255102 0.008351 0.016698
0 0.560021 0.198516 0.013570 0.020408
0 0.560021 0.167440 0.011482 0.017625
0 0.570720 0.155844 0.012004 0.020408
0 0.555063 0.147032 0.009916 0.019481
0 0.567328 0.115955 0.008351 0.011132
4 0.565762 0.070501 0.002088 0.005566
2 0.626827 0.416976 0.028184 0.071429
0 0.685543 0.485158 0.064196 0.059369
0 0.682411 0.514378 0.064196 0.062152
0 0.700157 0.562616 0.075678 0.058442
0 0.702505 0.604360 0.080376 0.071429
4 0.840814 0.923006 0.043841 0.055659
