4 0.121786 0.795714 0.015000 0.021905
4 0.133214 0.788095 0.013571 0.020000
4 0.143214 0.780476 0.015000 0.016190
0 0.291429 0.813810 0.047143 0.056190
4 0.222857 0.831905 0.017143 0.020000
4 0.242857 0.841905 0.017143 0.028571
0 0.226429 0.908095 0.031429 0.069524
0 0.212143 0.976667 0.028571 0.046667
0 0.338929 0.911429 0.032143 0.072381
0 0.377143 0.776190 0.028571 0.070476
0 0.346071 0.650952 0.043571 0.048571
0 0.380357 0.956190 0.035000 0.080000
0 0.424643 0.881905 0.029286 0.068571
0 0.406786 0.843810 0.030714 0.070476
0 0.412500 0.642381 0.032143 0.060000
0 0.449643 0.665714 0.027857 0.068571
0 0.435000 0.548095 0.028571 0.061905
0 0.466786 0.434286 0.026429 0.060952
1 0.492143 0.329524 0.022857 0.047619
0 0.511429 0.262381 0.021429 0.048571
0 0.523571 0.189524 0.024286 0.051429
3 0.570714 0.281429 0.038571 0.103810
2 0.599286 0.150000 0.024286 0.060000
4 0.626429 0.763810 0.017143 0.015238
4 0.630714 0.715714 0.015714 0.020000
4 0.617500 0.715238 0.010714 0.022857
0 0.568214 0.623333 0.023571 0.058095
1 0.630714 0.613810 0.022857 0.052381
2 0.585714 0.550000 0.017143 0.052381
0 0.542143 0.536190 0.021429 0.051429
0 0.609286 0.554286 0.020000 0.051429
0 0.628571 0.550000 0.020000 0.058095
4 0.629643 0.500000 0.019286 0.015238
0 0.593214 0.436667 0.037857 0.039048
4 0.642500 0.351429 0.007857 0.019048
0 0.631786 0.274762 0.023571 0.044762
0 0.646786 0.200000 0.020714 0.041905
2 0.635000 0.154286 0.045714 0.032381
2 0.636429 0.130476 0.050000 0.040000
1 0.728571 0.155238 0.042857 0.030476
