4 0.217857 0.312857 0.032857 0.021905
4 0.353571 0.180000 0.028571 0.020952
4 0.426071 0.192381 0.023571 0.019048
4 0.568214 0.140952 0.009286 0.026667
4 0.558214 0.180000 0.025000 0.026667
4 0.525000 0.180476 0.012857 0.031429
4 0.464643 0.179524 0.012143 0.033333
1 0.637143 0.090000 0.028571 0.094286
4 0.762143 0.141429 0.008571 0.035238
4 0.778929 0.141905 0.015000 0.032381
4 0.863214 0.234762 0.010714 0.033333
4 0.866786 0.423810 0.025000 0.022857
4 0.834286 0.953333 0.022857 0.028571
4 0.759643 0.846667 0.016429 0.043810
4 0.674643 0.774286 0.015000 0.045714
0 0.679643 0.926190 0.040714 0.130476
0 0.828571 0.784286 0.047143 0.109524
4 0.881429 0.613333 0.025714 0.022857
0 0.580357 0.895714 0.087857 0.056190
0 0.585000 0.816190 0.084286 0.051429
0 0.590714 0.689524 0.071429 0.049524
4 0.486786 0.682857 0.026429 0.015238
4 0.472857 0.674286 0.028571 0.013333
4 0.446786 0.661429 0.015000 0.040952
4 0.468214 0.636667 0.027857 0.021905
4 0.451071 0.530476 0.026429 0.020952
1 0.568571 0.586190 0.068571 0.067619
0 0.572143 0.483810 0.081429 0.047619
0 0.654643 0.402857 0.035000 0.099048
0 0.653929 0.307143 0.035000 0.092381
1 0.570357 0.422857 0.073571 0.053333
1 0.564643 0.293810 0.073571 0.050476
