0 0.581429 0.880476 0.064286 0.067619
0 0.437143 0.868571 0.025714 0.072381
0 0.365714 0.796667 0.058571 0.039048
0 0.210357 0.882857 0.056429 0.066667
0 0.228571 0.913333 0.052857 0.060952
4 0.260000 0.869524 0.017143 0.020952
1 0.171429 0.776667 0.038571 0.071429
0 0.140000 0.670476 0.038571 0.066667
0 0.887857 0.957143 0.050000 0.076190
0 0.922500 0.937619 0.037857 0.071429
0 0.517500 0.695714 0.026429 0.046667
4 0.611429 0.610952 0.015714 0.029524
4 0.625000 0.602381 0.014286 0.025714
4 0.641786 0.599524 0.019286 0.021905
0 0.667143 0.568571 0.050000 0.053333
4 0.724286 0.542381 0.020000 0.023810
