0 0.175500 0.595667 0.198000 0.184667
1 0.508000 0.578333 0.193000 0.143333
0 0.735000 0.586667 0.220000 0.144000
1 0.758000 0.303333 0.081000 0.166667
0 0.867250 0.315333 0.108500 0.137333
0 0.946000 0.586333 0.108000 0.132667
1 0.658000 0.289667 0.084000 0.175333
0 0.551000 0.302000 0.080000 0.142667
1 0.455750 0.305000 0.070500 0.170000
0 0.365000 0.295333 0.086000 0.138667
1 0.287750 0.276000 0.090500 0.138667
4 0.825500 0.073667 0.022000 0.054000
2 0.782000 0.090667 0.066000 0.102667
1 0.706250 0.077000 0.054500 0.114000
4 0.189500 0.055333 0.023000 0.041333
4 0.260250 0.040333 0.020500 0.047333
