2 0.170407 0.897032 0.050626 0.137291
4 0.210856 0.815863 0.039666 0.043599
4 0.227557 0.769017 0.031315 0.042672
0 0.293841 0.609462 0.075157 0.055659
4 0.299582 0.557050 0.024008 0.023191
4 0.365344 0.414193 0.017745 0.021336
4 0.357255 0.404917 0.017223 0.019481
4 0.425626 0.659555 0.007829 0.046382
4 0.563674 0.474954 0.017745 0.024119
0 0.544885 0.432746 0.027140 0.032468
4 0.531054 0.408163 0.016180 0.018553
4 0.539405 0.378942 0.013048 0.017625
4 0.533142 0.367811 0.013048 0.017625
0 0.390658 0.267625 0.026618 0.017625
2 0.425104 0.228200 0.013048 0.029685
