4 0.622750 0.403333 0.030500 0.024000
4 0.617500 0.382333 0.030000 0.026000
4 0.691500 0.555000 0.043000 0.043333
4 0.673250 0.534667 0.033500 0.026667
4 0.476500 0.365667 0.012000 0.051333
4 0.570250 0.346667 0.010500 0.041333
4 0.593250 0.368000 0.012500 0.046667
4 0.615500 0.454000 0.033000 0.024000
4 0.629500 0.465333 0.032000 0.022667
4 0.637750 0.481333 0.027500 0.037333
4 0.643500 0.488667 0.032000 0.029333
4 0.649000 0.500333 0.044000 0.030000
4 0.659000 0.515667 0.038000 0.030000
4 0.710750 0.582667 0.043500 0.041333
2 0.456000 0.656000 0.153000 0.156000
1 0.564750 0.729667 0.120500 0.212667
1 0.660750 0.905333 0.141500 0.189333
4 0.378500 0.499333 0.024000 0.066667
4 0.518500 0.404000 0.016000 0.024000
4 0.650500 0.321667 0.023000 0.035333
0 0.381250 0.053667 0.042500 0.023333
0 0.370000 0.037333 0.034000 0.029333
2 0.307500 0.015333 0.065000 0.030667
0 0.173000 0.017333 0.036000 0.025333
0 0.178250 0.048000 0.041500 0.022667
0 0.174500 0.035333 0.040000 0.024000
