0 0.047500 0.962381 0.075000 0.075238
2 0.148571 0.493810 0.065714 0.145714
1 0.221071 0.504762 0.050714 0.097143
1 0.276429 0.200952 0.060000 0.116190
1 0.557143 0.277143 0.045714 0.133333
2 0.526429 0.605714 0.060000 0.192381
1 0.799643 0.547143 0.087857 0.052381
1 0.505357 0.765238 0.045000 0.119048
0 0.647143 0.896190 0.100000 0.068571
0 0.968214 0.664286 0.056429 0.128571
0 0.911071 0.647619 0.049286 0.123810
0 0.356786 0.349048 0.050714 0.128571
0 0.252500 0.348095 0.053571 0.122857
0 0.425714 0.040000 0.042857 0.080000
0 0.061071 0.022381 0.079286 0.044762
0 0.045000 0.067619 0.090000 0.062857
0 0.032143 0.187619 0.064286 0.064762
1 0.022143 0.247143 0.044286 0.071429
4 0.507857 0.482381 0.027143 0.027619
4 0.010357 0.893810 0.020714 0.048571
4 0.035714 0.891429 0.030000 0.045714
4 0.474643 0.903810 0.025000 0.045714
1 0.566786 0.095714 0.029286 0.094286
4 0.633571 0.209048 0.015714 0.037143
