0 0.401357 0.644249 0.080376 0.217996
4 0.500783 0.631725 0.023486 0.072356
4 0.490344 0.487477 0.041232 0.038033
4 0.490344 0.468924 0.023486 0.049165
4 0.490866 0.448516 0.022443 0.051020
0 0.468424 0.373840 0.051670 0.107607
4 0.585334 0.607143 0.019311 0.067718
4 0.657620 0.288961 0.012526 0.043599
4 0.544885 0.233766 0.010438 0.040816
4 0.617693 0.248145 0.010960 0.039889
4 0.513309 0.152597 0.012004 0.028757
2 0.522965 0.125232 0.032359 0.051948
2 0.581681 0.124768 0.036013 0.058442
4 0.622129 0.139147 0.009395 0.031540
4 0.610125 0.075603 0.009395 0.025046
0 0.587944 0.048237 0.028706 0.042672
4 0.624478 0.033395 0.008873 0.020408
4 0.659708 0.043599 0.007307 0.025974
2 0.687630 0.056586 0.060021 0.113173
