2 0.225357 0.878173 0.060714 0.086294
1 0.031786 0.120558 0.016429 0.020305
1 0.036786 0.126269 0.020714 0.031726
0 0.043571 0.139594 0.017143 0.025381
0 0.013214 0.232868 0.020714 0.026650
2 0.066429 0.160533 0.030000 0.052030
3 0.029643 0.380076 0.037857 0.059645
3 0.026786 0.327411 0.053571 0.083756
3 0.036071 0.340102 0.052143 0.086294
0 0.119286 0.293782 0.017143 0.026650
1 0.136429 0.265863 0.015714 0.029188
1 0.155000 0.238579 0.014286 0.025381
1 0.493571 0.004442 0.014286 0.008883
0 0.491071 0.013325 0.013571 0.013959
0 0.487500 0.022208 0.016429 0.013959
0 0.481071 0.042513 0.015000 0.013959
2 0.406429 0.126269 0.025714 0.049492
2 0.375357 0.178299 0.033571 0.064721
0 0.315714 0.276650 0.014286 0.027919
0 0.343571 0.255076 0.015714 0.030457
1 0.352500 0.266497 0.016429 0.032995
1 0.360714 0.276650 0.017143 0.027919
1 0.335357 0.392132 0.020714 0.027919
0 0.303929 0.411168 0.016429 0.025381
2 0.334643 0.508883 0.030714 0.053299
0 0.315000 0.850254 0.021429 0.043147
0 0.391786 0.878173 0.022143 0.045685
0 0.386071 0.965102 0.022143 0.049492
0 0.421071 0.951142 0.020714 0.049492
1 0.493571 0.892132 0.017143 0.050761
0 0.756071 0.885152 0.020714 0.044416
0 0.841429 0.789975 0.021429 0.026650
0 0.705357 0.733503 0.016429 0.043147
1 0.686071 0.610406 0.015000 0.045685
1 0.673214 0.509518 0.012143 0.036802
1 0.665000 0.442893 0.011429 0.032995
3 0.662500 0.391497 0.013571 0.057107
1 0.657143 0.243020 0.008571 0.034264
1 0.660000 0.138959 0.008571 0.029188
0 0.657500 0.173223 0.007857 0.026650
0 0.656071 0.201777 0.007857 0.027919
0 0.658214 0.301396 0.009286 0.031726
0 0.658214 0.345812 0.009286 0.031726
1 0.240000 0.766497 0.022857 0.040609
0 0.041429 0.667513 0.022857 0.030457
1 0.339643 0.595812 0.020714 0.036802
1 0.347500 0.638959 0.017857 0.036802
1 0.489643 0.424492 0.012143 0.034264
0 0.433571 0.440355 0.014286 0.030457
0 0.404643 0.557741 0.015000 0.036802
3 0.543214 0.362310 0.012143 0.092640
0 0.395714 0.353426 0.017143 0.026650
1 0.427143 0.282995 0.014286 0.025381
0 0.454286 0.277919 0.012857 0.022843
0 0.469643 0.191624 0.012143 0.025381
1 0.498571 0.262056 0.011429 0.031726
1 0.533929 0.185914 0.010714 0.031726
1 0.548929 0.206853 0.009286 0.030457
1 0.532143 0.144670 0.010000 0.027919
1 0.484286 0.140228 0.010000 0.021574
1 0.574286 0.046954 0.010000 0.022843
0 0.553571 0.048858 0.010000 0.019036
0 0.525714 0.008249 0.010000 0.016497
0 0.513214 0.085660 0.007857 0.021574
