0 0.377143 0.024746 0.035714 0.049492
0 0.318571 0.115482 0.035714 0.065990
1 0.395000 0.081853 0.050000 0.064721
1 0.345714 0.189086 0.040000 0.086294
2 0.443571 0.178299 0.058571 0.130711
0 0.376071 0.283629 0.042143 0.085025
0 0.414286 0.371193 0.042857 0.090102
4 0.482857 0.262690 0.024286 0.032995
4 0.487143 0.274112 0.022857 0.040609
4 0.495000 0.287437 0.020000 0.039340
4 0.496429 0.296954 0.027143 0.040609
4 0.501786 0.304569 0.025000 0.040609
4 0.504286 0.321066 0.024286 0.035533
4 0.510000 0.329949 0.024286 0.040609
4 0.515357 0.341371 0.025000 0.035533
4 0.520000 0.351523 0.025714 0.038071
4 0.523929 0.359772 0.029286 0.052030
4 0.526429 0.379442 0.024286 0.032995
4 0.532143 0.394036 0.025714 0.031726
4 0.536429 0.402919 0.021429 0.031726
4 0.543214 0.418147 0.020714 0.031726
4 0.555000 0.439086 0.027143 0.040609
4 0.564643 0.482868 0.019286 0.031726
4 0.561786 0.464467 0.025000 0.038071
4 0.559643 0.451777 0.020714 0.032995
4 0.306071 0.593909 0.017857 0.022843
