1 0.168571 0.149524 0.014286 0.013333
1 0.141786 0.189048 0.023571 0.027619
0 0.121786 0.220000 0.015000 0.015238
0 0.062857 0.235714 0.021429 0.012381
0 0.106071 0.204286 0.016429 0.012381
0 0.113929 0.191905 0.019286 0.012381
4 0.068929 0.224762 0.012143 0.009524
1 0.025357 0.511429 0.049286 0.074286
0 0.287143 0.791429 0.040000 0.085714
4 0.076429 0.820952 0.021429 0.013333
2 0.145357 0.659524 0.092143 0.180000
1 0.470714 0.026190 0.004286 0.006667
0 0.465357 0.055238 0.005000 0.005714
0 0.468929 0.050952 0.006429 0.008571
1 0.468214 0.040952 0.007857 0.013333
1 0.491786 0.036190 0.009286 0.013333
1 0.475000 0.014286 0.004286 0.007619
0 0.482500 0.013810 0.003571 0.004762
0 0.504643 0.093333 0.015000 0.007619
1 0.492500 0.135714 0.007857 0.012381
1 0.527500 0.227143 0.022143 0.044762
3 0.533929 0.190000 0.019286 0.039048
1 0.344286 0.481429 0.037143 0.073333
0 0.362857 0.440000 0.018571 0.028571
1 0.597143 0.725238 0.068571 0.271429
1 0.702500 0.668571 0.026429 0.049524
0 0.754643 0.667143 0.035000 0.056190
0 0.792143 0.667143 0.032857 0.052381
0 0.713929 0.622381 0.050714 0.027619
1 0.568929 0.169048 0.026429 0.020000
0 0.580000 0.224762 0.012857 0.019048
4 0.571429 0.280000 0.004286 0.011429
0 0.603214 0.254762 0.023571 0.014286
1 0.611429 0.331429 0.020000 0.036190
1 0.592143 0.410476 0.024286 0.049524
1 0.551429 0.378571 0.027143 0.065714
0 0.675714 0.419524 0.021429 0.029524
0 0.700000 0.307619 0.028571 0.015238
1 0.636786 0.294286 0.037857 0.022857
1 0.652143 0.316667 0.028571 0.018095
4 0.721071 0.358095 0.012143 0.013333
0 0.668929 0.508571 0.020714 0.038095
0 0.694286 0.510476 0.024286 0.038095
0 0.716429 0.470952 0.031429 0.018095
4 0.629286 0.551429 0.008571 0.019048
1 0.831071 0.580476 0.049286 0.031429
0 0.882857 0.954286 0.064286 0.055238
