1 0.252000 0.787000 0.081000 0.154000
1 0.644000 0.677667 0.046000 0.091333
1 0.463250 0.559000 0.033500 0.064667
1 0.305250 0.557333 0.062500 0.054667
1 0.300250 0.521333 0.054500 0.038667
1 0.304000 0.499333 0.051000 0.030667
0 0.277500 0.491667 0.051000 0.027333
0 0.208500 0.529000 0.061000 0.028667
0 0.137000 0.529333 0.054000 0.025333
0 0.020500 0.511667 0.041000 0.028667
2 0.078750 0.545667 0.079500 0.035333
1 0.013000 0.469333 0.026000 0.029333
1 0.035750 0.442667 0.035500 0.025333
0 0.091000 0.424667 0.027000 0.017333
0 0.109750 0.417667 0.022500 0.015333
0 0.134000 0.406333 0.026000 0.014000
0 0.152500 0.412667 0.019000 0.014667
0 0.144750 0.423000 0.025500 0.014000
1 0.134250 0.426333 0.019500 0.018000
0 0.138750 0.438000 0.032500 0.016000
0 0.414000 0.449667 0.018000 0.022000
4 0.431750 0.429667 0.004500 0.008667
0 0.461000 0.405000 0.013000 0.014000
0 0.452500 0.389333 0.011000 0.012000
0 0.451000 0.381667 0.009000 0.008667
4 0.442500 0.373667 0.004000 0.006000
0 0.436250 0.370333 0.008500 0.010000
0 0.425500 0.371000 0.010000 0.010000
0 0.429000 0.362000 0.009000 0.008000
0 0.441250 0.361000 0.010500 0.008667
0 0.437250 0.359333 0.006500 0.009333
2 0.431000 0.352333 0.007000 0.011333
1 0.419250 0.341333 0.005500 0.008000
0 0.431750 0.342333 0.005500 0.006000
0 0.424000 0.330000 0.004000 0.004000
0 0.413250 0.332333 0.004500 0.006000
