0 0.954286 0.865714 0.091429 0.188571
2 0.838214 0.829524 0.282143 0.340952
1 0.612500 0.946667 0.109286 0.106667
1 0.151429 0.932381 0.221429 0.135238
0 0.594286 0.644762 0.111429 0.188571
1 0.842857 0.649048 0.135714 0.172381
1 0.150000 0.825714 0.208571 0.165714
1 0.140357 0.708095 0.189286 0.155238
0 0.732857 0.491905 0.117143 0.147619
0 0.595357 0.431905 0.110714 0.151429
0 0.634643 0.352381 0.087857 0.110476
0 0.425000 0.545714 0.094286 0.165714
1 0.122857 0.536667 0.167143 0.130476
1 0.056429 0.110952 0.108571 0.065714
0 0.073214 0.163333 0.125000 0.069524
0 0.366071 0.385714 0.083571 0.152381
0 0.310000 0.248571 0.070000 0.114286
0 0.508929 0.164286 0.065000 0.082857
0 0.462500 0.088095 0.060714 0.069524
0 0.277143 0.150476 0.062857 0.091429
0 0.231429 0.184762 0.057143 0.087619
1 0.421786 0.033810 0.055000 0.060000
