0 0.036786 0.423333 0.070714 0.117143
0 0.112857 0.448571 0.105714 0.150476
0 0.156786 0.489048 0.115000 0.157143
0 0.302500 0.790476 0.166429 0.156190
0 0.372143 0.711429 0.154286 0.146667
1 0.546786 0.368571 0.105000 0.110476
0 0.601786 0.336190 0.109286 0.120000
0 0.685357 0.946190 0.077857 0.103810
4 0.347500 0.559524 0.026429 0.054286
4 0.326429 0.545714 0.040000 0.053333
4 0.265357 0.515238 0.027857 0.060952
4 0.291071 0.518571 0.030714 0.058095
4 0.305357 0.527143 0.036429 0.061905
1 0.819286 0.440476 0.074286 0.126667
1 0.835357 0.322857 0.053571 0.121905
0 0.890000 0.113810 0.062857 0.084762
0 0.041786 0.952381 0.079286 0.095238
0 0.030000 0.676190 0.060000 0.116190
