0 0.011071 0.367619 0.022143 0.047619
0 0.037500 0.384762 0.042143 0.053333
0 0.078214 0.388571 0.042143 0.053333
1 0.154643 0.362857 0.030714 0.053333
1 0.205000 0.354762 0.034286 0.048571
1 0.276071 0.352857 0.047857 0.033333
0 0.301429 0.314762 0.048571 0.027619
0 0.407857 0.091905 0.028571 0.018095
4 0.445357 0.105238 0.009286 0.012381
4 0.458929 0.106190 0.013571 0.012381
4 0.467857 0.109048 0.008571 0.014286
4 0.883214 0.063810 0.003571 0.013333
1 0.921071 0.056667 0.013571 0.018095
3 0.773571 0.070000 0.022857 0.058095
2 0.951071 0.100952 0.027857 0.051429
3 0.854643 0.223810 0.043571 0.097143
0 0.401429 0.314286 0.044286 0.028571
0 0.397500 0.391429 0.046429 0.030476
0 0.381429 0.451429 0.052857 0.034286
0 0.372857 0.484762 0.052857 0.040000
0 0.165000 0.636190 0.067143 0.049524
0 0.143929 0.678571 0.065000 0.054286
4 0.808214 0.459524 0.013571 0.023810
4 0.982500 0.347143 0.026429 0.035238
