4 0.133750 0.963333 0.067500 0.073333
4 0.732500 0.977000 0.037000 0.046000
4 0.800250 0.972333 0.047500 0.055333
4 0.433000 0.844000 0.029000 0.088000
4 0.506750 0.750000 0.041500 0.072000
4 0.502750 0.706000 0.030500 0.073333
4 0.406500 0.670000 0.018000 0.054667
4 0.487750 0.553000 0.013500 0.039333
4 0.383500 0.491333 0.009000 0.033333
0 0.439250 0.380667 0.018500 0.021333
0 0.478750 0.360000 0.014500 0.016000
1 0.499250 0.374667 0.015500 0.025333
1 0.496000 0.359333 0.015000 0.018667
1 0.495750 0.350333 0.012500 0.018000
0 0.490250 0.344000 0.014500 0.016000
0 0.467250 0.331000 0.010500 0.008667
0 0.451750 0.334667 0.010500 0.014667
0 0.434750 0.346000 0.018500 0.014667
2 0.475250 0.323333 0.009500 0.016000
0 0.458250 0.318667 0.008500 0.009333
0 0.486000 0.319000 0.009000 0.010000
