0 0.518214 0.062857 0.017857 0.030476
4 0.501429 0.058571 0.014286 0.012381
4 0.504286 0.049524 0.014286 0.011429
4 0.517143 0.122857 0.007143 0.019048
4 0.942857 0.362857 0.021429 0.019048
4 0.920000 0.362381 0.015714 0.023810
4 0.877500 0.358095 0.009286 0.026667
4 0.480357 0.472857 0.009286 0.029524
4 0.468929 0.375714 0.009286 0.023810
4 0.607857 0.268095 0.008571 0.025714
2 0.466071 0.267619 0.023571 0.059048
0 0.578214 0.284286 0.019286 0.042857
0 0.679286 0.431429 0.027143 0.059048
0 0.744286 0.444286 0.030000 0.054286
0 0.840714 0.359048 0.055714 0.036190
4 0.747500 0.338571 0.022143 0.018095
0 0.863214 0.473810 0.037857 0.061905
0 0.900357 0.477143 0.035000 0.062857
4 0.447500 0.976190 0.016429 0.047619
