4 0.153250 0.349667 0.020500 0.014000
4 0.167000 0.421000 0.018000 0.026000
0 0.131250 0.439333 0.062500 0.045333
1 0.043250 0.622667 0.036500 0.066667
0 0.033250 0.849333 0.065500 0.082667
0 0.082250 0.839000 0.062500 0.084667
0 0.025000 0.971333 0.050000 0.057333
0 0.205000 0.976000 0.066000 0.046667
0 0.280250 0.972333 0.067500 0.055333
0 0.155250 0.805333 0.066500 0.070667
0 0.253500 0.761000 0.056000 0.055333
1 0.302750 0.748333 0.049500 0.059333
0 0.397250 0.916000 0.061500 0.061333
0 0.456500 0.893667 0.064000 0.048667
0 0.510500 0.867667 0.059000 0.060667
0 0.585500 0.835333 0.065000 0.053333
0 0.654750 0.804000 0.059500 0.066667
0 0.708750 0.778333 0.058500 0.072667
1 0.750000 0.759667 0.049000 0.058000
0 0.787500 0.733667 0.061000 0.064667
0 0.849000 0.719000 0.060000 0.054000
0 0.897250 0.694333 0.062500 0.054000
0 0.957250 0.670667 0.062500 0.048000
0 0.980000 0.635667 0.039000 0.050000
1 0.267500 0.615000 0.050000 0.044667
0 0.323000 0.632333 0.010000 0.007333
0 0.394250 0.338000 0.056500 0.044000
0 0.559250 0.276333 0.053500 0.042000
4 0.627500 0.201000 0.016000 0.024667
4 0.750000 0.133667 0.021000 0.016667
4 0.889250 0.020667 0.015500 0.028000
4 0.926750 0.029000 0.013500 0.024667
0 0.496250 0.647333 0.056500 0.046667
0 0.712750 0.569000 0.066500 0.044667
2 0.792250 0.521000 0.064500 0.050000
0 0.859000 0.510333 0.060000 0.056667
0 0.983000 0.479000 0.033000 0.038000
4 0.890750 0.556667 0.027500 0.013333
