4 0.297495 0.892857 0.031315 0.036178
0 0.281576 0.934601 0.086117 0.078850
4 0.290188 0.980056 0.038622 0.038033
4 0.303497 0.758813 0.024530 0.035250
4 0.304280 0.730983 0.026096 0.031540
4 0.306367 0.719852 0.021921 0.025974
4 0.307150 0.710111 0.021399 0.036178
4 0.339770 0.685065 0.021921 0.030612
4 0.318894 0.631262 0.020877 0.025046
4 0.321503 0.619202 0.021921 0.028757
0 0.386482 0.567718 0.024530 0.048237
0 0.460856 0.665584 0.025052 0.073284
4 0.486691 0.545455 0.009916 0.029685
3 0.392484 0.453154 0.085595 0.071429
0 0.384916 0.420686 0.020355 0.051020
2 0.411273 0.404917 0.025052 0.054731
1 0.446764 0.431818 0.017745 0.052876
4 0.470772 0.443878 0.008351 0.026902
0 0.378392 0.316790 0.016701 0.030612
4 0.389092 0.289889 0.007829 0.013915
4 0.402140 0.290816 0.003653 0.013915
4 0.388831 0.275046 0.007307 0.019481
4 0.426409 0.277829 0.007307 0.015770
4 0.445981 0.291744 0.006785 0.017625
4 0.424843 0.258349 0.005219 0.017625
0 0.459812 0.248609 0.012526 0.022263
4 0.372912 0.255566 0.008873 0.010204
4 0.372651 0.243043 0.009395 0.012987
0 0.386221 0.223098 0.011482 0.021336
4 0.377088 0.197124 0.007829 0.012059
4 0.385438 0.196197 0.003653 0.012059
4 0.390919 0.196197 0.006263 0.012059
4 0.385960 0.186456 0.009916 0.009276
4 0.387526 0.188776 0.004697 0.010204
4 0.382829 0.176252 0.007829 0.009276
4 0.386743 0.170223 0.006263 0.013915
0 0.412578 0.177180 0.008873 0.016698
0 0.424061 0.162801 0.008873 0.015770
0 0.463727 0.199443 0.009916 0.014842
4 0.454593 0.187384 0.004175 0.011132
4 0.434499 0.163729 0.003653 0.010204
4 0.439979 0.150278 0.003132 0.009276
4 0.450939 0.146104 0.004175 0.010204
4 0.449113 0.136827 0.003653 0.008349
4 0.433194 0.131262 0.003132 0.006494
4 0.461639 0.148887 0.006785 0.008349
4 0.465553 0.153061 0.004175 0.011132
1 0.465814 0.182282 0.008873 0.019481
4 0.510438 0.274583 0.005219 0.012987
4 0.524791 0.291744 0.004697 0.015770
4 0.504697 0.314935 0.010438 0.010204
4 0.506263 0.320501 0.010438 0.013915
4 0.549582 0.377551 0.014614 0.016698
4 0.546190 0.328386 0.010960 0.012987
4 0.504175 0.435065 0.006263 0.024119
4 0.503392 0.429499 0.013048 0.020408
4 0.552192 0.403061 0.008351 0.013915
4 0.584290 0.469388 0.008873 0.025974
4 0.603079 0.512059 0.017223 0.022263
4 0.568633 0.607607 0.010960 0.031540
4 0.580115 0.602505 0.010960 0.036178
4 0.581942 0.633581 0.013570 0.029685
4 0.645355 0.722635 0.010960 0.027829
4 0.649791 0.736085 0.012526 0.032468
4 0.629697 0.811224 0.027662 0.032468
1 0.498434 0.890074 0.037578 0.127087
4 0.385960 0.145176 0.005741 0.008349
4 0.385960 0.141929 0.006785 0.009276
0 0.398747 0.129406 0.008351 0.013915
0 0.421973 0.145640 0.007829 0.014842
1 0.427192 0.135900 0.007829 0.015770
0 0.422756 0.129870 0.008351 0.012987
0 0.420407 0.123840 0.007829 0.012059
0 0.421712 0.113636 0.007307 0.012059
0 0.419885 0.104824 0.005741 0.011132
1 0.446503 0.111781 0.006785 0.015770
1 0.442589 0.099258 0.005219 0.014842
0 0.415710 0.078386 0.006785 0.010204
1 0.422234 0.058905 0.008351 0.012059
1 0.413100 0.058905 0.008873 0.010204
1 0.410752 0.053803 0.005219 0.009276
3 0.451722 0.064471 0.015136 0.013915
0 0.420929 0.074212 0.005741 0.009276
1 0.421712 0.098330 0.005219 0.012987
1 0.424322 0.096011 0.005219 0.012059
4 0.427975 0.091373 0.005219 0.006494
