0 0.236071 0.863333 0.090714 0.050476
0 0.329286 0.760476 0.041429 0.122857
4 0.197143 0.624762 0.022857 0.032381
0 0.426786 0.972381 0.069286 0.053333
0 0.561786 0.979048 0.039286 0.040000
1 0.559286 0.773333 0.031429 0.093333
0 0.462857 0.744762 0.041429 0.121905
0 0.546786 0.608095 0.036429 0.107619
2 0.371429 0.680952 0.045714 0.160000
0 0.553571 0.479524 0.037143 0.105714
0 0.309643 0.467143 0.040714 0.103810
0 0.382857 0.393810 0.037143 0.107619
1 0.326071 0.337619 0.036429 0.105714
1 0.541786 0.283333 0.032143 0.092381
1 0.510714 0.119524 0.030000 0.086667
0 0.390000 0.268571 0.038571 0.112381
0 0.549643 0.155238 0.032143 0.093333
1 0.537500 0.028095 0.033571 0.054286
2 0.388214 0.049048 0.045000 0.096190
4 0.342500 0.105238 0.033571 0.021905
