0 0.201429 0.662381 0.090000 0.199048
0 0.281071 0.434286 0.103571 0.133333
0 0.552143 0.900000 0.180000 0.190476
0 0.551786 0.737619 0.156429 0.160952
0 0.562857 0.487619 0.134286 0.106667
0 0.573571 0.379048 0.122857 0.089524
0 0.820000 0.899048 0.095714 0.201905
0 0.795357 0.433333 0.072143 0.152381
0 0.762500 0.197619 0.056429 0.130476
0 0.301786 0.344286 0.107857 0.120952
0 0.321786 0.254762 0.109286 0.120952
0 0.499286 0.120000 0.051429 0.104762
1 0.102857 0.482857 0.095714 0.203810
0 0.039286 0.500000 0.078571 0.184762
0 0.210000 0.274762 0.091429 0.136190
0 0.232500 0.086667 0.067857 0.129524
1 0.038929 0.213333 0.076429 0.123810
0 0.592857 0.104762 0.102857 0.083810
1 0.745000 0.051429 0.047143 0.102857
4 0.064286 0.154762 0.022857 0.037143
4 0.423571 0.172857 0.018571 0.050476
4 0.390714 0.017143 0.027143 0.034286
