2 0.221071 0.195238 0.032143 0.026667
0 0.025357 0.394762 0.050714 0.040952
1 0.155000 0.401905 0.072857 0.049524
3 0.061071 0.480952 0.122143 0.125714
1 0.375714 0.301429 0.054286 0.042857
4 0.068929 0.583333 0.046429 0.031429
0 0.369286 0.505238 0.064286 0.061905
2 0.402500 0.123810 0.040714 0.019048
2 0.458571 0.114762 0.047143 0.018095
2 0.478929 0.127619 0.032143 0.026667
2 0.495357 0.129524 0.029286 0.024762
0 0.593214 0.186190 0.020714 0.012381
4 0.655000 0.344762 0.017143 0.019048
0 0.561429 0.395714 0.028571 0.031429
0 0.434643 0.549048 0.072143 0.061905
0 0.636071 0.645238 0.089286 0.080952
2 0.525714 0.581429 0.110000 0.109524
1 0.945000 0.794286 0.110000 0.114286
0 0.952500 0.707143 0.095000 0.080952
4 0.707143 0.556190 0.018571 0.024762
1 0.417500 0.107143 0.006429 0.008571
