0 0.095714 0.018095 0.077143 0.034286
1 0.185000 0.172857 0.094286 0.079048
1 0.276071 0.038095 0.055000 0.074286
0 0.362500 0.022381 0.042143 0.044762
0 0.137143 0.081429 0.048571 0.077143
0 0.161071 0.127619 0.073571 0.081905
1 0.452857 0.050952 0.055714 0.080952
0 0.539286 0.205238 0.060000 0.084762
0 0.437500 0.194762 0.053571 0.079048
0 0.279286 0.221905 0.057143 0.091429
0 0.260357 0.328571 0.076429 0.074286
0 0.287857 0.369048 0.075714 0.073333
0 0.355000 0.566667 0.045714 0.106667
4 0.402857 0.847619 0.024286 0.045714
4 0.383571 0.799048 0.025714 0.032381
4 0.368929 0.789524 0.025000 0.028571
4 0.365000 0.763810 0.028571 0.019048
4 0.336786 0.734762 0.030714 0.023810
1 0.483929 0.960476 0.073571 0.077143
4 0.546786 0.984286 0.019286 0.029524
4 0.603214 0.968095 0.013571 0.046667
4 0.568214 0.595714 0.022143 0.039048
0 0.501429 0.543333 0.065714 0.100000
1 0.648571 0.532857 0.055714 0.080952
1 0.526071 0.451429 0.062143 0.097143
2 0.636071 0.349524 0.095000 0.137143
0 0.940000 0.971429 0.061429 0.055238
0 0.949643 0.764762 0.052143 0.112381
0 0.802143 0.801429 0.077143 0.103810
0 0.748929 0.844286 0.069286 0.107619
0 0.796786 0.691429 0.066429 0.089524
1 0.970000 0.482381 0.060000 0.075238
4 0.828571 0.588571 0.030000 0.032381
4 0.843929 0.608571 0.026429 0.032381
