4 0.216429 0.029048 0.027143 0.029524
4 0.210000 0.132381 0.027143 0.022857
0 0.388571 0.037619 0.032857 0.075238
0 0.522143 0.180000 0.037143 0.100952
1 0.217500 0.227619 0.083571 0.060952
1 0.403214 0.289524 0.032143 0.099048
1 0.535357 0.313810 0.029286 0.098095
1 0.527143 0.428095 0.044286 0.113333
1 0.492857 0.561905 0.034286 0.095238
0 0.534286 0.602381 0.032857 0.105714
1 0.522857 0.749524 0.035714 0.102857
0 0.535357 0.956667 0.039286 0.084762
0 0.414286 0.946190 0.035714 0.105714
0 0.350000 0.879048 0.040000 0.121905
0 0.358929 0.730952 0.037857 0.126667
2 0.358929 0.462381 0.052143 0.140000
2 0.356429 0.313810 0.044286 0.145714
0 0.322857 0.100000 0.032857 0.097143
0 0.270357 0.950476 0.045000 0.097143
1 0.288214 0.816667 0.039286 0.117143
4 0.153929 0.874286 0.013571 0.041905
4 0.198214 0.334286 0.030714 0.017143
