0 0.517143 0.020952 0.024286 0.041905
0 0.469643 0.026667 0.057857 0.040000
0 0.596071 0.043810 0.025000 0.064762
4 0.613571 0.110000 0.017143 0.025714
0 0.535000 0.100000 0.024286 0.070476
0 0.483929 0.069524 0.059286 0.034286
0 0.481786 0.105714 0.059286 0.040000
0 0.491429 0.142381 0.058571 0.035238
0 0.485357 0.182381 0.055000 0.039048
0 0.483929 0.220952 0.062143 0.040000
0 0.532143 0.232857 0.027143 0.077143
0 0.429643 0.233333 0.027857 0.068571
0 0.480714 0.262381 0.062857 0.040952
0 0.420000 0.312381 0.028571 0.076190
0 0.482500 0.304286 0.069286 0.040952
0 0.488571 0.352857 0.064286 0.040952
0 0.435714 0.420000 0.031429 0.083810
0 0.491071 0.500952 0.069286 0.041905
0 0.491429 0.544762 0.068571 0.040000
2 0.483929 0.590000 0.087857 0.044762
1 0.492143 0.705238 0.057143 0.039048
2 0.506786 0.840000 0.095000 0.047619
2 0.503929 0.908571 0.090714 0.047619
2 0.505714 0.975714 0.090000 0.048571
4 0.352143 0.879048 0.025714 0.017143
4 0.354286 0.848571 0.021429 0.019048
4 0.355000 0.814286 0.022857 0.017143
4 0.356429 0.786190 0.021429 0.018095
4 0.553929 0.584286 0.020714 0.044762
4 0.541786 0.538095 0.019286 0.028571
4 0.467500 0.401905 0.017857 0.036190
4 0.537857 0.432381 0.031429 0.024762
0 0.626071 0.543333 0.033571 0.092381
0 0.323571 0.625238 0.048571 0.031429
4 0.058929 0.530952 0.017857 0.040952
4 0.277857 0.616190 0.021429 0.038095
4 0.265714 0.620000 0.017143 0.036190
4 0.251071 0.620476 0.017857 0.037143
4 0.240714 0.616667 0.018571 0.035238
2 0.685357 0.608571 0.085000 0.043810
4 0.699286 0.706667 0.030000 0.020952
