0 0.338000 0.228667 0.005000 0.005333
0 0.360250 0.259000 0.009500 0.011333
0 0.362250 0.263000 0.011500 0.012667
0 0.372000 0.274333 0.013000 0.014000
0 0.329250 0.303333 0.016500 0.018667
0 0.140000 0.353333 0.061000 0.025333
0 0.203750 0.330000 0.054500 0.025333
1 0.227750 0.346000 0.051500 0.034667
1 0.242500 0.365000 0.056000 0.046000
1 0.265000 0.393000 0.035000 0.056667
1 0.229000 0.468333 0.050000 0.087333
1 0.194250 0.636000 0.098500 0.154667
1 0.665500 0.543333 0.119000 0.098667
1 0.522000 0.414667 0.038000 0.057333
4 0.345250 0.295333 0.009500 0.016000
4 0.387500 0.303000 0.007000 0.012667
4 0.389250 0.781667 0.033500 0.071333
0 0.451500 0.318000 0.050000 0.022667
0 0.070250 0.354333 0.040500 0.030000
0 0.030500 0.354333 0.046000 0.036667
0 0.347500 0.242333 0.006000 0.007333
