0 0.428750 0.237000 0.037500 0.026000
0 0.448000 0.214667 0.042000 0.030667
0 0.718250 0.040667 0.009500 0.014667
1 0.710500 0.033667 0.009000 0.015333
0 0.729250 0.041000 0.009500 0.014000
1 0.713250 0.026667 0.007500 0.014667
0 0.718250 0.026333 0.007500 0.012667
1 0.705000 0.088667 0.023000 0.014667
1 0.723250 0.174667 0.022500 0.029333
1 0.720750 0.149333 0.029500 0.022667
2 0.611250 0.200333 0.037500 0.042000
0 0.409500 0.324667 0.038000 0.048000
0 0.515250 0.159333 0.019500 0.014667
1 0.627000 0.167333 0.019000 0.026667
1 0.637500 0.151667 0.018000 0.024667
0 0.542500 0.096333 0.026000 0.016667
1 0.580000 0.093000 0.031000 0.020667
0 0.520750 0.111333 0.029500 0.016000
0 0.373250 0.228333 0.044500 0.028667
4 0.490500 0.197667 0.007000 0.019333
4 0.481500 0.196000 0.007000 0.018667
1 0.500250 0.304333 0.047500 0.044667
2 0.580000 0.196000 0.021000 0.048000
1 0.663250 0.384333 0.030500 0.059333
0 0.635250 0.503333 0.038500 0.090667
0 0.505250 0.526667 0.053500 0.080000
2 0.360250 0.509000 0.106500 0.116667
2 0.572750 0.659667 0.108500 0.120667
2 0.266000 0.786333 0.125000 0.146000
4 0.367500 0.970667 0.023000 0.052000
4 0.349000 0.730333 0.025000 0.040667
4 0.332750 0.588333 0.031500 0.027333
4 0.546250 0.289000 0.013500 0.022000
4 0.640750 0.208333 0.008500 0.018000
4 0.662500 0.150667 0.007000 0.013333
4 0.675250 0.141667 0.005500 0.012667
4 0.691750 0.094333 0.007500 0.007333
1 0.598000 0.174000 0.029000 0.030667
4 0.411750 0.633000 0.018500 0.054000
4 0.411250 0.790000 0.023500 0.062667
4 0.376500 0.856000 0.023000 0.061333
4 0.271750 0.858333 0.040500 0.063333
2 0.043000 0.941000 0.086000 0.110000
4 0.319500 0.363000 0.013000 0.027333
