0 0.277500 0.858333 0.132000 0.283333
0 0.103750 0.927000 0.207500 0.146000
4 0.035250 0.779000 0.070500 0.074000
1 0.227000 0.464667 0.187000 0.132000
1 0.271750 0.400333 0.140500 0.096667
4 0.181250 0.407000 0.035500 0.046000
0 0.308750 0.312667 0.128500 0.076000
0 0.303500 0.262667 0.125000 0.072000
0 0.323000 0.208333 0.111000 0.056667
0 0.360000 0.178333 0.109000 0.054000
0 0.359250 0.136333 0.092500 0.048667
0 0.349500 0.113667 0.079000 0.040667
1 0.364000 0.091667 0.076000 0.051333
2 0.405250 0.038333 0.095500 0.076667
4 0.289250 0.165667 0.031500 0.040667
0 0.788500 0.958000 0.279000 0.084000
1 0.871750 0.815667 0.210500 0.170000
0 0.827750 0.689000 0.215500 0.143333
0 0.769000 0.588667 0.190000 0.132000
0 0.741750 0.507000 0.171500 0.110000
0 0.713250 0.433000 0.151500 0.092667
0 0.700000 0.378000 0.100000 0.081333
0 0.665250 0.282667 0.122500 0.068000
0 0.659250 0.251000 0.118500 0.064667
1 0.647500 0.210333 0.093000 0.066000
0 0.553500 0.206667 0.045000 0.064000
2 0.633750 0.185667 0.101500 0.064667
0 0.621750 0.137000 0.086500 0.048667
1 0.546000 0.117000 0.035000 0.062000
0 0.493000 0.078000 0.036000 0.048000
1 0.612750 0.114000 0.078500 0.054667
1 0.602500 0.096000 0.071000 0.050667
1 0.591250 0.077000 0.072500 0.047333
1 0.581000 0.066333 0.080000 0.054000
1 0.583000 0.051667 0.058000 0.040667
1 0.584000 0.042667 0.048000 0.040000
1 0.582000 0.031333 0.052000 0.037333
1 0.577250 0.023333 0.060500 0.042667
