0 0.133000 0.606667 0.111000 0.093333
4 0.308000 0.860000 0.049000 0.042667
0 0.243500 0.727000 0.067000 0.155333
0 0.595750 0.851333 0.143500 0.121333
4 0.719750 0.814667 0.023500 0.065333
4 0.552250 0.732667 0.042500 0.050667
0 0.374500 0.781667 0.124000 0.100667
4 0.433250 0.743667 0.037500 0.051333
0 0.351000 0.486667 0.075000 0.101333
1 0.480000 0.361667 0.047000 0.076667
0 0.415250 0.362000 0.053500 0.072000
0 0.491500 0.297333 0.078000 0.046667
0 0.478000 0.237333 0.047000 0.057333
4 0.444250 0.229000 0.018500 0.027333
4 0.583000 0.259333 0.012000 0.029333
4 0.578000 0.236667 0.014000 0.036000
4 0.608000 0.181667 0.016000 0.028667
4 0.610250 0.121333 0.014500 0.028000
0 0.505250 0.182333 0.040500 0.056667
0 0.593250 0.080000 0.027500 0.041333
