1 0.246429 0.918571 0.064286 0.159048
1 0.114643 0.829048 0.092143 0.204762
1 0.484286 0.406667 0.048571 0.139048
0 0.330357 0.399048 0.056429 0.150476
0 0.188571 0.455714 0.067143 0.138095
0 0.139286 0.402381 0.074286 0.149524
0 0.061071 0.731905 0.092143 0.185714
0 0.685357 0.734762 0.060714 0.183810
0 0.684643 0.933333 0.060714 0.133333
0 0.947500 0.783810 0.105000 0.083810
0 0.939643 0.508571 0.120714 0.080000
0 0.907143 0.273333 0.111429 0.080000
0 0.900714 0.141429 0.114286 0.077143
0 0.895714 0.036190 0.080000 0.068571
0 0.907500 0.208095 0.116429 0.073333
0 0.757500 0.782381 0.063571 0.176190
4 0.980357 0.181905 0.020714 0.043810
