0 0.058214 0.722857 0.045000 0.059048
0 0.019286 0.572381 0.038571 0.022857
2 0.022500 0.663333 0.045000 0.067619
3 0.292500 0.907143 0.055000 0.132381
4 0.326786 0.905714 0.009286 0.036190
0 0.103571 0.493333 0.021429 0.040000
0 0.006429 0.343333 0.012857 0.016190
1 0.392143 0.274762 0.007143 0.012381
4 0.337857 0.346190 0.005714 0.014286
4 0.341429 0.340476 0.005714 0.010476
4 0.361786 0.303810 0.006429 0.013333
4 0.376429 0.281429 0.005714 0.010476
4 0.366429 0.277143 0.004286 0.009524
4 0.411071 0.170952 0.003571 0.010476
