0 0.656576 0.200835 0.038622 0.140074
1 0.656054 0.417440 0.032359 0.118738
1 0.651096 0.593228 0.036013 0.119666
1 0.655271 0.732375 0.034969 0.141929
0 0.420146 0.873840 0.081420 0.085343
0 0.336117 0.858534 0.080376 0.067718
1 0.422234 0.789889 0.080376 0.058442
1 0.419885 0.736549 0.071503 0.061224
1 0.422234 0.682282 0.070981 0.064007
0 0.422495 0.535714 0.085073 0.067718
0 0.369520 0.443878 0.084551 0.064007
4 0.384656 0.353896 0.022965 0.038033
0 0.443372 0.093228 0.068372 0.084416
1 0.358038 0.093692 0.072025 0.074212
1 0.351253 0.031540 0.068894 0.059369
1 0.423539 0.025046 0.076722 0.050093
4 0.647443 0.329777 0.029749 0.038033
