1 0.551429 0.370000 0.030000 0.063810
1 0.428571 0.286190 0.037143 0.067619
1 0.473929 0.144762 0.022143 0.045714
2 0.248214 0.409048 0.095000 0.115238
2 0.302143 0.295714 0.108571 0.151429
2 0.363929 0.176667 0.076429 0.120952
2 0.526786 0.259524 0.085000 0.069524
2 0.423571 0.160952 0.048571 0.059048
2 0.427857 0.085714 0.035714 0.064762
0 0.569286 0.211905 0.024286 0.044762
2 0.577857 0.055238 0.030000 0.066667
4 0.627143 0.787619 0.032857 0.078095
0 0.260000 0.776667 0.085714 0.162857
2 0.092857 0.708571 0.185714 0.300952
