0 0.434286 0.216667 0.020000 0.014286
0 0.456429 0.249524 0.011429 0.019048
1 0.490000 0.215238 0.012857 0.024762
0 0.453214 0.283333 0.017857 0.014286
1 0.433571 0.343333 0.027143 0.021905
0 0.522500 0.355238 0.019286 0.024762
0 0.526786 0.377143 0.020714 0.030476
0 0.492143 0.370476 0.024286 0.062857
0 0.458929 0.414286 0.032143 0.072381
0 0.431786 0.528095 0.030714 0.044762
0 0.016429 0.201905 0.017143 0.013333
0 0.028929 0.196667 0.015000 0.014286
1 0.352857 0.773810 0.092857 0.061905
1 0.334286 0.837619 0.141429 0.094286
0 0.352500 0.974762 0.107857 0.048571
0 0.597500 0.730952 0.052143 0.098095
