4 0.151786 0.114286 0.015000 0.024762
4 0.155357 0.134762 0.019286 0.020000
4 0.150000 0.153333 0.024286 0.019048
4 0.140714 0.181905 0.031429 0.019048
0 0.057143 0.270952 0.062857 0.033333
2 0.066786 0.307143 0.093571 0.060000
1 0.135714 0.264286 0.054286 0.042857
4 0.029643 0.351905 0.026429 0.018095
0 0.216429 0.405238 0.047143 0.077143
0 0.246071 0.496190 0.037857 0.083810
0 0.218929 0.057619 0.049286 0.054286
4 0.283214 0.215238 0.017857 0.024762
0 0.333571 0.025238 0.025714 0.050476
1 0.407500 0.009048 0.022143 0.018095
2 0.431071 0.064762 0.032143 0.081905
2 0.329643 0.241429 0.036429 0.090476
1 0.386071 0.321429 0.060714 0.040952
1 0.497143 0.319048 0.055714 0.041905
0 0.597143 0.281905 0.064286 0.040000
1 0.754643 0.280952 0.060714 0.040000
1 0.452857 0.763333 0.034286 0.100000
0 0.288214 0.907143 0.045000 0.122857
4 0.231429 0.930476 0.017143 0.045714
1 0.165357 0.690000 0.042143 0.113333
4 0.075000 0.949048 0.020000 0.052381
