0 0.335357 0.671905 0.056429 0.115238
0 0.375000 0.682857 0.052857 0.108571
0 0.628214 0.795714 0.050714 0.119048
0 0.617143 0.330476 0.071429 0.062857
4 0.426429 0.280000 0.028571 0.020952
4 0.436429 0.263333 0.028571 0.021905
4 0.442143 0.248095 0.027143 0.021905
0 0.389643 0.253810 0.047857 0.050476
4 0.442143 0.224762 0.025714 0.017143
4 0.459643 0.212381 0.027857 0.020952
4 0.464286 0.196190 0.031429 0.022857
4 0.468929 0.180952 0.026429 0.024762
4 0.470000 0.162857 0.028571 0.026667
4 0.477857 0.146190 0.028571 0.023810
4 0.480000 0.130000 0.030000 0.029524
4 0.478929 0.114286 0.027857 0.024762
