0 0.503214 0.639048 0.050714 0.100952
1 0.709643 0.690952 0.082143 0.119048
0 0.667500 0.519048 0.066429 0.078095
0 0.659286 0.455714 0.072857 0.050476
0 0.803929 0.456190 0.090714 0.055238
0 0.787143 0.422857 0.092857 0.041905
4 0.663929 0.340000 0.007857 0.022857
4 0.775000 0.380952 0.021429 0.017143
4 0.736429 0.380476 0.030000 0.023810
0 0.750357 0.372857 0.079286 0.044762
0 0.725357 0.343333 0.060714 0.033333
1 0.746071 0.329524 0.056429 0.043810
0 0.697143 0.288095 0.052857 0.029524
1 0.687143 0.273333 0.042857 0.026667
0 0.657857 0.244286 0.038571 0.021905
0 0.589286 0.297619 0.028571 0.029524
1 0.587857 0.249524 0.022857 0.038095
0 0.603214 0.348095 0.035000 0.050476
0 0.506071 0.471429 0.036429 0.070476
0 0.511071 0.406667 0.032143 0.049524
0 0.521786 0.358571 0.029286 0.035238
1 0.517500 0.325238 0.026429 0.035238
0 0.521071 0.305714 0.025000 0.026667
1 0.519643 0.285238 0.026429 0.031429
0 0.516786 0.290952 0.020714 0.029524
0 0.522143 0.250000 0.021429 0.029524
0 0.525714 0.219524 0.015714 0.021905
0 0.526429 0.190000 0.012857 0.023810
0 0.634643 0.202857 0.030714 0.015238
1 0.642857 0.194762 0.025714 0.020000
0 0.632857 0.196667 0.038571 0.021905
0 0.635714 0.190000 0.030000 0.018095
0 0.623214 0.179524 0.023571 0.014286
0 0.620714 0.175238 0.027143 0.013333
0 0.617143 0.172857 0.022857 0.016190
0 0.607500 0.144762 0.023571 0.015238
1 0.637143 0.137619 0.020000 0.018095
0 0.439286 0.150000 0.025714 0.014286
3 0.407143 0.181429 0.021429 0.033333
2 0.382857 0.200476 0.028571 0.046667
0 0.357857 0.239048 0.021429 0.024762
0 0.404643 0.223810 0.015000 0.024762
0 0.413214 0.212857 0.013571 0.021905
0 0.423929 0.194762 0.016429 0.018095
0 0.380357 0.314762 0.027857 0.033333
0 0.258214 0.288095 0.047857 0.029524
0 0.291786 0.310000 0.049286 0.044762
0 0.201786 0.370952 0.036429 0.039048
4 0.388929 0.239048 0.007857 0.015238
0 0.353214 0.181429 0.025000 0.016190
0 0.219286 0.245238 0.037143 0.033333
0 0.043571 0.372381 0.060000 0.036190
