4 0.134286 0.081905 0.018571 0.030476
4 0.261429 0.533810 0.034286 0.037143
1 0.032857 0.401905 0.065714 0.133333
0 0.232500 0.376190 0.076429 0.089524
0 0.237143 0.110952 0.054286 0.054286
0 0.347143 0.214286 0.045714 0.055238
0 0.856786 0.250476 0.065000 0.068571
0 0.908214 0.274762 0.059286 0.077143
1 0.069286 0.725714 0.138571 0.228571
1 0.492857 0.249048 0.048571 0.071429
1 0.756071 0.137619 0.053571 0.046667
1 0.778214 0.123810 0.043571 0.040000
1 0.633929 0.081905 0.045000 0.053333
0 0.551429 0.213810 0.070000 0.063810
0 0.525000 0.192381 0.067143 0.051429
0 0.494643 0.170476 0.070714 0.047619
0 0.494286 0.143810 0.065714 0.045714
0 0.444643 0.142381 0.059286 0.048571
0 0.421429 0.120476 0.060000 0.037143
0 0.402500 0.106190 0.059286 0.044762
0 0.379286 0.089524 0.058571 0.041905
0 0.361429 0.078095 0.054286 0.038095
0 0.343571 0.066667 0.041429 0.040000
0 0.567500 0.120952 0.056429 0.051429
0 0.672857 0.116667 0.054286 0.048571
0 0.638929 0.220476 0.072143 0.052381
0 0.667143 0.202857 0.064286 0.051429
0 0.685000 0.183810 0.071429 0.060952
0 0.715357 0.168571 0.066429 0.047619
0 0.730714 0.154286 0.064286 0.049524
0 0.788571 0.114286 0.054286 0.040000
0 0.783929 0.100000 0.066429 0.038095
0 0.818571 0.095714 0.057143 0.035238
0 0.836071 0.084762 0.056429 0.041905
1 0.917500 0.029048 0.050714 0.029524
1 0.895357 0.044762 0.036429 0.034286
0 0.871786 0.060476 0.045000 0.046667
0 0.776429 0.020952 0.050000 0.038095
0 0.749643 0.022381 0.047857 0.042857
1 0.731071 0.023810 0.046429 0.047619
3 0.689286 0.033810 0.084286 0.067619
0 0.677857 0.052857 0.051429 0.046667
0 0.673929 0.072857 0.046429 0.048571
0 0.656429 0.068571 0.050000 0.047619
1 0.605357 0.049048 0.052143 0.050476
0 0.588571 0.108571 0.057143 0.053333
0 0.612857 0.099048 0.058571 0.051429
