4 0.256785 0.079777 0.008351 0.027829
4 0.165449 0.326067 0.020877 0.041744
4 0.229123 0.796846 0.041754 0.055659
4 0.350992 0.660019 0.021399 0.064007
4 0.409447 0.676716 0.020355 0.069573
4 0.413361 0.594156 0.024008 0.060297
4 0.472077 0.415121 0.014092 0.056586
4 0.484342 0.419295 0.016701 0.051948
0 0.487474 0.573284 0.064718 0.128015
0 0.447286 0.743970 0.066806 0.181818
4 0.602818 0.944805 0.045929 0.058442
4 0.563413 0.864564 0.041232 0.057514
4 0.522443 0.666512 0.024008 0.064007
4 0.603340 0.675325 0.041754 0.035250
4 0.598382 0.638683 0.042276 0.045455
4 0.546973 0.550093 0.031315 0.040816
4 0.578288 0.490724 0.026096 0.055659
4 0.614823 0.442486 0.033403 0.035250
4 0.616127 0.430427 0.032881 0.033395
4 0.629175 0.424397 0.036013 0.038033
4 0.630219 0.405380 0.029749 0.031540
4 0.618998 0.392393 0.029228 0.033395
4 0.631002 0.387291 0.032359 0.036178
4 0.622129 0.364100 0.028184 0.026902
1 0.623173 0.155844 0.029228 0.061224
0 0.645094 0.094156 0.030271 0.049165
4 0.517484 0.116419 0.016180 0.030612
4 0.524269 0.114100 0.019311 0.027829
0 0.552192 0.019017 0.021921 0.038033
