1 0.434643 0.685238 0.066429 0.124762
1 0.059286 0.800952 0.104286 0.087619
0 0.041429 0.728095 0.082857 0.103810
0 0.025714 0.672381 0.051429 0.074286
0 0.021786 0.555238 0.043571 0.070476
0 0.220000 0.384286 0.048571 0.103810
1 0.416429 0.262857 0.060000 0.100952
2 0.141786 0.077619 0.087857 0.153333
0 0.056786 0.096190 0.056429 0.095238
0 0.018571 0.102381 0.037143 0.080952
0 0.032500 0.026190 0.046429 0.052381
4 0.112857 0.196190 0.018571 0.045714
4 0.243214 0.609524 0.020714 0.047619
4 0.287143 0.946190 0.035714 0.018095
0 0.930714 0.833333 0.092857 0.140952
4 0.527857 0.411905 0.025714 0.050476
4 0.606071 0.379048 0.026429 0.041905
0 0.436786 0.033810 0.056429 0.067619
0 0.393929 0.031429 0.050714 0.062857
0 0.811786 0.270952 0.079286 0.080952
0 0.761786 0.221429 0.082143 0.077143
0 0.773214 0.138571 0.077857 0.077143
0 0.868571 0.068095 0.080000 0.079048
4 0.688929 0.014762 0.009286 0.029524
