4 0.089750 0.835667 0.108500 0.051333
4 0.179500 0.718667 0.053000 0.122667
4 0.158500 0.573000 0.061000 0.103333
4 0.221500 0.506667 0.055000 0.110667
4 0.170750 0.464000 0.064500 0.080000
4 0.640500 0.941333 0.060000 0.117333
4 0.863250 0.919667 0.127500 0.090000
4 0.935000 0.856667 0.130000 0.064000
4 0.960500 0.796000 0.079000 0.058667
4 0.970750 0.749667 0.058500 0.043333
1 0.846750 0.623667 0.295500 0.178000
4 0.862500 0.520000 0.092000 0.054667
4 0.855750 0.497333 0.092500 0.062667
4 0.837000 0.471000 0.089000 0.060667
4 0.756250 0.505000 0.060500 0.078000
4 0.744500 0.464667 0.066000 0.092000
4 0.699000 0.481000 0.031000 0.098000
4 0.669000 0.508000 0.040000 0.098667
4 0.636500 0.517333 0.045000 0.097333
4 0.478000 0.429000 0.033000 0.096667
4 0.494000 0.262667 0.043000 0.070667
0 0.492750 0.219667 0.034500 0.071333
