4 0.013309 0.454082 0.012004 0.017625
0 0.017484 0.503247 0.034969 0.036178
1 0.150835 0.560297 0.037578 0.048237
4 0.038100 0.558905 0.012526 0.023191
2 0.100731 0.444805 0.048017 0.038033
2 0.162056 0.403061 0.034969 0.039889
4 0.128132 0.384045 0.012004 0.014842
0 0.260177 0.258349 0.023486 0.017625
0 0.276357 0.265306 0.018267 0.022263
1 0.406576 0.256494 0.009395 0.021336
1 0.396138 0.282931 0.010438 0.024119
0 0.408664 0.282468 0.012526 0.023191
0 0.421451 0.284323 0.012004 0.021336
1 0.449635 0.237941 0.015136 0.019481
2 0.457463 0.202226 0.010960 0.016698
0 0.355167 0.499536 0.023486 0.039889
0 0.363518 0.545455 0.045407 0.033395
4 0.548017 0.891466 0.027140 0.035250
4 0.552453 0.846475 0.024530 0.036178
4 0.548278 0.841373 0.026618 0.029685
4 0.555846 0.814007 0.020877 0.026902
4 0.485386 0.814471 0.021921 0.031540
4 0.465553 0.827458 0.027140 0.029685
4 0.469990 0.587662 0.019311 0.025046
4 0.508351 0.524583 0.008351 0.025046
4 0.521921 0.508813 0.014614 0.019481
4 0.521660 0.407236 0.010960 0.018553
4 0.519311 0.397959 0.010438 0.014842
4 0.480689 0.364100 0.006263 0.015770
4 0.488518 0.350186 0.005219 0.017625
4 0.481994 0.352505 0.004697 0.012987
4 0.495042 0.326067 0.004697 0.015770
4 0.503392 0.305195 0.004697 0.011132
4 0.524008 0.293599 0.007307 0.008349
4 0.523486 0.289425 0.006263 0.009276
4 0.493476 0.244434 0.001566 0.010204
4 0.498956 0.261596 0.004175 0.011132
4 0.487213 0.266698 0.003653 0.012059
4 0.523225 0.284787 0.003653 0.009276
4 0.503392 0.207792 0.003653 0.011132
4 0.492954 0.211967 0.003653 0.010204
0 0.500522 0.108534 0.004175 0.007421
4 0.503914 0.128942 0.001566 0.005566
4 0.503653 0.135900 0.002088 0.004638
4 0.500000 0.136827 0.002088 0.004638
4 0.497129 0.139147 0.002610 0.005566
4 0.501305 0.148887 0.001566 0.006494
4 0.497651 0.182746 0.002610 0.007421
0 0.023747 0.821892 0.047495 0.098330
1 0.065501 0.724954 0.048539 0.071429
