0 0.080357 0.222381 0.116429 0.073333
4 0.027143 0.325714 0.042857 0.041905
4 0.013571 0.357619 0.027143 0.027619
1 0.238929 0.204286 0.062143 0.124762
1 0.812857 0.840476 0.084286 0.193333
0 0.566071 0.942857 0.166429 0.114286
4 0.241071 0.737143 0.052143 0.055238
0 0.438571 0.581429 0.070000 0.172381
4 0.907500 0.501429 0.047857 0.061905
0 0.776429 0.384762 0.067143 0.148571
0 0.327143 0.299524 0.092857 0.111429
1 0.203214 0.346190 0.069286 0.130476
0 0.340714 0.220000 0.097143 0.116190
0 0.364286 0.144286 0.105714 0.090476
4 0.408929 0.240000 0.019286 0.051429
0 0.485714 0.233333 0.055714 0.114286
0 0.597143 0.039524 0.090000 0.073333
0 0.384286 0.031429 0.087143 0.060952
