0 0.688000 0.881000 0.063000 0.116667
4 0.749750 0.983000 0.048500 0.034000
2 0.333000 0.875667 0.104000 0.151333
2 0.602750 0.737000 0.102500 0.066000
0 0.560000 0.683333 0.032000 0.052000
4 0.518500 0.700000 0.013000 0.036000
4 0.524500 0.657000 0.012000 0.026000
4 0.499750 0.625000 0.010500 0.024667
4 0.530500 0.620333 0.011000 0.023333
4 0.547750 0.540667 0.006500 0.014667
4 0.540250 0.508000 0.004500 0.010667
4 0.577750 0.598000 0.013500 0.017333
2 0.566750 0.565000 0.020500 0.035333
2 0.464750 0.639000 0.036500 0.050000
1 0.490250 0.572000 0.018500 0.032000
2 0.479000 0.553333 0.049000 0.040000
0 0.512250 0.531000 0.017500 0.024667
0 0.517500 0.517000 0.027000 0.018000
2 0.605250 0.518667 0.026500 0.045333
0 0.527500 0.497333 0.012000 0.014667
