1 0.461378 0.083952 0.022965 0.080705
0 0.494520 0.077458 0.027662 0.093692
0 0.533403 0.071892 0.027140 0.091837
0 0.573069 0.079314 0.030271 0.091837
0 0.670929 0.070965 0.026618 0.099258
2 0.620564 0.072356 0.038622 0.144712
0 0.705376 0.125232 0.029749 0.094620
2 0.741388 0.109926 0.041232 0.121521
0 0.794624 0.105288 0.032881 0.097403
1 0.875522 0.088126 0.037056 0.083488
4 0.922756 0.152597 0.012526 0.045455
2 0.967380 0.097403 0.062109 0.194805
0 0.780793 0.420223 0.038622 0.116883
0 0.737735 0.425325 0.031837 0.125232
1 0.692328 0.396568 0.028706 0.110390
0 0.639353 0.395640 0.032359 0.114100
0 0.557933 0.451763 0.031315 0.094620
0 0.491388 0.435993 0.031837 0.113173
4 0.554280 0.607143 0.027140 0.028757
0 0.280010 0.902597 0.044363 0.155844
