4 0.336900 0.105751 0.008873 0.009276
4 0.338466 0.100649 0.008873 0.012059
0 0.373173 0.162801 0.026096 0.023191
4 0.238518 0.637291 0.010438 0.035250
4 0.252871 0.612245 0.023486 0.033395
4 0.320459 0.682282 0.022965 0.047310
4 0.322808 0.459184 0.020355 0.020408
4 0.372129 0.275046 0.010438 0.023191
4 0.386743 0.277829 0.009395 0.021336
4 0.376305 0.253247 0.010438 0.012987
4 0.464248 0.122913 0.005741 0.013915
4 0.474687 0.071892 0.004697 0.010204
4 0.469207 0.061688 0.005219 0.012059
1 0.438935 0.046846 0.010438 0.017625
0 0.448069 0.025046 0.008873 0.016698
0 0.494259 0.052412 0.009395 0.015770
0 0.493476 0.097403 0.010960 0.018553
0 0.507829 0.074675 0.010438 0.019481
0 0.512526 0.166512 0.016701 0.025046
0 0.530010 0.093228 0.009916 0.019481
0 0.513048 0.014378 0.006263 0.013915
0 0.454071 0.004638 0.002088 0.009276
4 0.450418 0.012059 0.003132 0.003711
4 0.466336 0.002783 0.002610 0.003711
2 0.488779 0.248145 0.031837 0.082560
0 0.568372 0.299165 0.019833 0.036178
0 0.581942 0.630798 0.036534 0.087199
0 0.524269 0.627551 0.036013 0.099258
0 0.677975 0.939239 0.056367 0.119666
2 0.457203 0.866419 0.074113 0.257885
4 0.765136 0.781076 0.011482 0.051948
4 0.854645 0.841373 0.014092 0.050093
1 0.920407 0.631262 0.069415 0.069573
0 0.894572 0.541280 0.059499 0.045455
0 0.872651 0.505102 0.070981 0.051020
4 0.823852 0.490260 0.009916 0.030612
4 0.861952 0.474954 0.022443 0.029685
1 0.859342 0.459647 0.033925 0.030612
0 0.791232 0.457792 0.037578 0.060297
4 0.738257 0.427644 0.016180 0.020408
4 0.854384 0.435993 0.017745 0.024119
4 0.656576 0.244434 0.007307 0.021336
0 0.695720 0.224490 0.035491 0.025974
0 0.689196 0.207328 0.033925 0.023191
1 0.686065 0.190167 0.036013 0.033395
1 0.691545 0.183673 0.030271 0.022263
4 0.725731 0.231447 0.014092 0.015770
0 0.764875 0.352041 0.049582 0.034323
4 0.840292 0.416048 0.014614 0.017625
4 0.815501 0.410482 0.016180 0.021336
4 0.822286 0.407699 0.018267 0.021336
4 0.805063 0.360390 0.016180 0.021336
4 0.822808 0.346011 0.010960 0.018553
4 0.743737 0.294527 0.013570 0.017625
4 0.728079 0.294991 0.014614 0.020408
4 0.721555 0.274119 0.015136 0.017625
4 0.631002 0.162801 0.006263 0.015770
4 0.619259 0.161874 0.005741 0.017625
4 0.604645 0.065399 0.004697 0.010204
0 0.568372 0.031076 0.007307 0.012059
4 0.576722 0.025046 0.003132 0.009276
4 0.579071 0.029685 0.002610 0.009276
