0 0.143250 0.156000 0.054500 0.029333
0 0.070500 0.159000 0.040000 0.027333
0 0.045750 0.059333 0.016500 0.010667
0 0.046750 0.074000 0.010500 0.013333
1 0.254250 0.286667 0.050500 0.096000
1 0.281250 0.201667 0.035500 0.062000
0 0.201250 0.130000 0.056500 0.029333
1 0.232000 0.149000 0.055000 0.039333
1 0.256750 0.169333 0.062500 0.052000
0 0.045000 0.045667 0.012000 0.011333
1 0.249500 0.453333 0.068000 0.144000
4 0.458000 0.593333 0.031000 0.060000
1 0.709000 0.364333 0.129000 0.102000
1 0.551750 0.223667 0.037500 0.076667
1 0.508750 0.158000 0.022500 0.044000
4 0.437000 0.154000 0.011000 0.022667
0 0.374000 0.064333 0.015000 0.016667
0 0.361000 0.050667 0.013000 0.014667
0 0.357750 0.044333 0.009500 0.011333
0 0.336000 0.002333 0.007000 0.004667
0 0.336000 0.017333 0.007000 0.005333
0 0.342000 0.025333 0.014000 0.008000
3 0.341750 0.031333 0.008500 0.016000
0 0.234250 0.096333 0.024500 0.012667
1 0.551250 0.223000 0.037500 0.076667
