4 0.157857 0.850952 0.045714 0.073333
4 0.247500 0.012857 0.007857 0.023810
0 0.194643 0.015238 0.026429 0.030476
0 0.095000 0.388095 0.050000 0.090476
0 0.165357 0.318571 0.043571 0.075238
0 0.799643 0.558095 0.109286 0.085714
1 0.732857 0.493810 0.120000 0.100000
2 0.647857 0.377143 0.117143 0.097143
1 0.778214 0.186667 0.049286 0.045714
1 0.598571 0.194286 0.057143 0.043810
1 0.447500 0.337143 0.046429 0.072381
2 0.433214 0.260000 0.050714 0.104762
1 0.390714 0.169048 0.040000 0.060000
0 0.695714 0.207619 0.050000 0.049524
0 0.737143 0.200952 0.045714 0.047619
0 0.595357 0.355714 0.079286 0.060000
0 0.852857 0.125714 0.051429 0.038095
0 0.009286 0.183810 0.018571 0.024762
0 0.010000 0.160476 0.020000 0.033333
0 0.017143 0.149048 0.034286 0.027619
0 0.019643 0.122381 0.039286 0.031429
0 0.022857 0.102857 0.045714 0.028571
0 0.026786 0.087619 0.053571 0.038095
0 0.046071 0.062381 0.056429 0.040952
0 0.050714 0.039524 0.050000 0.016190
0 0.058929 0.026190 0.047857 0.023810
0 0.066071 0.014286 0.049286 0.026667
0 0.306786 0.023333 0.037857 0.023810
1 0.311071 0.030476 0.043571 0.028571
0 0.307857 0.049524 0.045714 0.028571
0 0.304286 0.095238 0.022857 0.032381
4 0.303929 0.074762 0.020714 0.018095
1 0.363214 0.121905 0.023571 0.043810
4 0.693214 0.138095 0.020714 0.019048
