0 0.569643 0.586190 0.033571 0.060000
0 0.383571 0.770952 0.035714 0.103810
0 0.530714 0.479524 0.034286 0.063810
0 0.599286 0.487619 0.025714 0.047619
0 0.482500 0.959048 0.055000 0.081905
0 0.024286 0.389524 0.047143 0.041905
4 0.184286 0.614762 0.021429 0.027619
4 0.232143 0.605238 0.024286 0.025714
4 0.370714 0.561429 0.017143 0.040952
4 0.381786 0.600000 0.017857 0.040000
4 0.505714 0.316667 0.008571 0.020000
4 0.490357 0.328571 0.006429 0.019048
4 0.474286 0.343333 0.007143 0.020000
4 0.450714 0.333333 0.010000 0.020952
4 0.430714 0.296667 0.008571 0.021905
1 0.583929 0.286667 0.019286 0.038095
1 0.613571 0.285238 0.018571 0.039048
0 0.602143 0.327143 0.020000 0.033333
0 0.641786 0.292857 0.020714 0.035238
0 0.641429 0.096190 0.017143 0.020952
4 0.715357 0.306190 0.005000 0.020000
4 0.708214 0.464286 0.007857 0.027619
4 0.677857 0.594762 0.010000 0.027619
0 0.897143 0.609048 0.070000 0.046667
3 0.940357 0.536667 0.110714 0.077143
0 0.910714 0.580000 0.065714 0.041905
4 0.860000 0.490476 0.020000 0.017143
