0 0.009286 0.361905 0.018571 0.043810
0 0.036786 0.356667 0.029286 0.046667
0 0.043929 0.440952 0.027857 0.051429
0 0.360000 0.423333 0.042857 0.023810
0 0.501429 0.430476 0.041429 0.024762
0 0.562857 0.466190 0.024286 0.048571
4 0.574286 0.007619 0.007143 0.015238
4 0.552500 0.090476 0.006429 0.015238
4 0.581786 0.191905 0.006429 0.018095
4 0.668929 0.248571 0.005000 0.015238
4 0.680714 0.265238 0.008571 0.014286
4 0.716071 0.415714 0.007857 0.021905
4 0.713571 0.458571 0.010000 0.021905
4 0.719643 0.523810 0.009286 0.020952
4 0.732857 0.486667 0.007143 0.024762
4 0.752500 0.598095 0.010714 0.024762
4 0.742857 0.689524 0.011429 0.026667
4 0.801429 0.753810 0.011429 0.033333
4 0.664643 0.750952 0.010714 0.035238
4 0.646429 0.680952 0.010000 0.034286
4 0.770357 0.804762 0.015000 0.032381
4 0.565357 0.972857 0.026429 0.020000
4 0.565714 0.960952 0.025714 0.017143
4 0.565357 0.946667 0.027857 0.013333
4 0.565357 0.931429 0.020714 0.019048
4 0.552857 0.921905 0.027143 0.017143
4 0.602500 0.962857 0.023571 0.015238
4 0.603929 0.982381 0.022143 0.016190
4 0.602500 0.923333 0.022143 0.023810
4 0.579643 0.690000 0.020714 0.012381
4 0.541786 0.656190 0.007857 0.030476
0 0.509286 0.120476 0.031429 0.016190
0 0.795357 0.964762 0.070714 0.070476
0 0.631786 0.944286 0.030714 0.094286
0 0.625357 0.841429 0.026429 0.080952
0 0.656071 0.459048 0.025000 0.055238
0 0.687500 0.450476 0.026429 0.047619
0 0.588929 0.377619 0.019286 0.046667
0 0.642857 0.315714 0.025714 0.037143
2 0.652500 0.268571 0.027857 0.051429
0 0.661786 0.014286 0.025000 0.015238
0 0.657143 0.007619 0.028571 0.015238
0 0.801071 0.632857 0.022143 0.052381
0 0.235357 0.144286 0.043571 0.023810
4 0.406071 0.392381 0.013571 0.015238
