1 0.550714 0.021429 0.067143 0.042857
1 0.548571 0.146190 0.061429 0.061905
0 0.551786 0.067143 0.073571 0.046667
4 0.443929 0.101905 0.025000 0.022857
4 0.457857 0.186667 0.025714 0.019048
4 0.478214 0.222381 0.017857 0.012381
0 0.567857 0.232381 0.064286 0.047619
0 0.560714 0.328571 0.075714 0.047619
0 0.556786 0.391429 0.077857 0.053333
0 0.628214 0.023333 0.029286 0.046667
4 0.818929 0.017619 0.025000 0.025714
4 0.659286 0.089524 0.011429 0.040000
4 0.828929 0.171905 0.023571 0.025714
0 0.778214 0.306667 0.042143 0.089524
4 0.933214 0.394286 0.029286 0.015238
4 0.932143 0.415714 0.031429 0.020000
4 0.916071 0.537619 0.026429 0.018095
4 0.888214 0.565714 0.033571 0.017143
4 0.948214 0.762857 0.037857 0.011429
4 0.864286 0.870476 0.028571 0.017143
4 0.770714 0.908095 0.015714 0.042857
4 0.744643 0.858095 0.013571 0.045714
4 0.570357 0.927143 0.027857 0.039048
4 0.571786 0.801905 0.030714 0.019048
4 0.557500 0.766667 0.015000 0.034286
4 0.574643 0.742857 0.026429 0.017143
4 0.595000 0.725238 0.035714 0.042857
4 0.553571 0.703810 0.030000 0.019048
4 0.560000 0.643810 0.030000 0.011429
4 0.560000 0.622381 0.031429 0.018095
4 0.560357 0.686667 0.029286 0.020952
4 0.548571 0.490952 0.017143 0.029524
4 0.564643 0.532857 0.026429 0.018095
4 0.708214 0.399524 0.019286 0.035238
0 0.644643 0.419048 0.037857 0.104762
0 0.648929 0.548571 0.032143 0.099048
0 0.658571 0.672381 0.032857 0.110476
