0 0.450939 0.242579 0.035491 0.021336
0 0.507829 0.298237 0.013570 0.036178
1 0.597599 0.504174 0.024008 0.062152
0 0.680585 0.580705 0.043841 0.044527
4 0.672234 0.495362 0.007307 0.024119
4 0.441284 0.359462 0.020355 0.013915
4 0.441806 0.345083 0.021399 0.014842
4 0.444937 0.383117 0.009916 0.022263
4 0.452244 0.398423 0.010960 0.023191
4 0.499217 0.499536 0.008873 0.026902
4 0.605950 0.851113 0.009395 0.043599
4 0.637526 0.532931 0.017223 0.023191
4 0.647182 0.522263 0.017745 0.027829
4 0.634134 0.502783 0.015658 0.020408
4 0.620564 0.490724 0.013570 0.020408
4 0.663622 0.431354 0.015136 0.018553
4 0.661273 0.429035 0.016701 0.017625
1 0.526096 0.016234 0.008351 0.019481
0 0.460334 0.148423 0.029228 0.018553
