0 0.826200 0.642393 0.036534 0.084416
1 0.843685 0.566327 0.031837 0.067718
0 0.856994 0.476809 0.025052 0.068646
0 0.671451 0.685993 0.039144 0.093692
0 0.405010 0.426716 0.045929 0.057514
0 0.381002 0.358534 0.036534 0.069573
0 0.363518 0.335807 0.036013 0.063080
0 0.274008 0.209184 0.029228 0.054731
0 0.105428 0.074675 0.036534 0.047310
0 0.136743 0.029685 0.034447 0.042672
0 0.064457 0.126160 0.040188 0.048237
4 0.081159 0.309369 0.014092 0.023191
4 0.087422 0.298237 0.015136 0.019481
4 0.109603 0.319109 0.015658 0.012987
2 0.139875 0.484230 0.103340 0.191095
1 0.768006 0.948516 0.031837 0.097403
0 0.013570 0.032931 0.027140 0.051020
0 0.037839 0.008349 0.024530 0.016698
