4 0.410357 0.446190 0.016429 0.023810
0 0.477143 0.406190 0.027143 0.031429
0 0.482143 0.430952 0.031429 0.035238
0 0.457857 0.468095 0.034286 0.048571
1 0.481786 0.532381 0.050714 0.083810
0 0.368571 0.439048 0.052857 0.028571
0 0.411786 0.415238 0.025000 0.045714
0 0.413571 0.400476 0.027143 0.031429
0 0.454286 0.330476 0.038571 0.019048
1 0.411786 0.314286 0.010714 0.024762
0 0.366429 0.380952 0.042857 0.026667
4 0.744286 0.918571 0.070000 0.119048
0 0.463571 0.356190 0.042857 0.022857
0 0.482143 0.368095 0.050000 0.027619
