4 0.227557 0.122913 0.022965 0.028757
0 0.088727 0.160946 0.069937 0.051020
0 0.302192 0.164193 0.062630 0.055659
0 0.323069 0.138683 0.054280 0.049165
0 0.439979 0.120594 0.049061 0.038961
4 0.387004 0.914657 0.051670 0.053803
4 0.399791 0.859462 0.052192 0.060297
4 0.441806 0.738868 0.043319 0.049165
4 0.496347 0.468460 0.030271 0.046382
4 0.512787 0.300557 0.016180 0.044527
4 0.502349 0.274583 0.027662 0.029685
4 0.485908 0.267161 0.025052 0.025974
4 0.481994 0.201763 0.020355 0.028757
4 0.506524 0.209647 0.023486 0.027829
4 0.501566 0.192022 0.015658 0.027829
4 0.495825 0.194341 0.017745 0.019481
4 0.510438 0.185529 0.010438 0.029685
4 0.500261 0.083024 0.009916 0.026902
4 0.510960 0.078386 0.010438 0.025046
4 0.475470 0.100649 0.018789 0.021336
4 0.482516 0.029685 0.016180 0.018553
4 0.636482 0.141466 0.019311 0.021336
4 0.624739 0.133117 0.013570 0.028757
4 0.599426 0.191558 0.029749 0.026902
4 0.591336 0.210575 0.018789 0.024119
4 0.593946 0.218924 0.022965 0.029685
4 0.619781 0.395640 0.013048 0.045455
4 0.675887 0.656308 0.034447 0.049165
4 0.774269 0.680891 0.021399 0.072356
4 0.632568 0.944341 0.029228 0.107607
0 0.509134 0.876623 0.068372 0.244898
4 0.575157 0.958256 0.037578 0.081633
4 0.592119 0.759740 0.031837 0.092764
4 0.564979 0.078386 0.010960 0.034323
4 0.582724 0.454082 0.017223 0.056586
4 0.580637 0.509740 0.018267 0.056586
4 0.552453 0.530148 0.016180 0.064007
