4 0.012500 0.384286 0.013571 0.027619
4 0.027857 0.379048 0.015714 0.030476
4 0.042857 0.379524 0.010000 0.027619
4 0.574643 0.316190 0.016429 0.022857
4 0.592857 0.290952 0.015714 0.014286
4 0.619286 0.294762 0.018571 0.018095
4 0.609286 0.275238 0.015714 0.013333
4 0.616429 0.310952 0.015714 0.016190
4 0.632857 0.286190 0.014286 0.014286
4 0.640000 0.264286 0.014286 0.012381
4 0.643929 0.278095 0.016429 0.015238
4 0.638929 0.246667 0.016429 0.015238
4 0.641786 0.251905 0.013571 0.014286
4 0.607857 0.269048 0.017143 0.014286
4 0.588214 0.306667 0.017857 0.017143
4 0.579643 0.311429 0.012143 0.019048
4 0.582857 0.286190 0.015714 0.016190
4 0.567143 0.265238 0.015714 0.014286
4 0.573929 0.269048 0.015000 0.014286
4 0.566429 0.252857 0.015714 0.012381
0 0.775357 0.468571 0.040714 0.055238
0 0.755000 0.357619 0.044286 0.046667
0 0.780714 0.167143 0.024286 0.035238
4 0.657857 0.225238 0.015714 0.014286
0 0.812143 0.104762 0.021429 0.024762
0 0.777857 0.085714 0.022857 0.024762
0 0.772143 0.062381 0.020000 0.023810
0 0.816071 0.028095 0.020714 0.018095
4 0.805714 0.121429 0.007143 0.014286
0 0.889286 0.041905 0.018571 0.013333
0 0.881786 0.006667 0.015000 0.011429
0 0.920000 0.027143 0.012857 0.014286
1 0.975000 0.060952 0.020000 0.019048
0 0.927143 0.121429 0.027143 0.021905
0 0.860357 0.185238 0.026429 0.033333
0 0.979643 0.208571 0.040714 0.028571
