0 0.303929 0.140476 0.019286 0.020000
0 0.302857 0.241905 0.028571 0.028571
0 0.215714 0.189048 0.025714 0.021905
1 0.287500 0.128095 0.019286 0.027619
0 0.392857 0.188571 0.017143 0.034286
1 0.376786 0.211905 0.026429 0.044762
1 0.486429 0.356190 0.052857 0.038095
2 0.560000 0.547143 0.094286 0.048571
1 0.153571 0.138095 0.015714 0.024762
1 0.152500 0.108571 0.022143 0.019048
1 0.059643 0.179524 0.025000 0.027619
1 0.096429 0.200000 0.035714 0.030476
0 0.127857 0.182381 0.018571 0.023810
0 0.071786 0.222381 0.035000 0.029524
0 0.171786 0.229524 0.027857 0.028571
0 0.143929 0.249048 0.030714 0.027619
0 0.116071 0.275714 0.030714 0.039048
0 0.192143 0.209048 0.031429 0.023810
1 0.150357 0.270476 0.046429 0.049524
3 0.540357 0.318571 0.137857 0.058095
0 0.682500 0.385238 0.052143 0.033333
0 0.639643 0.364286 0.050714 0.035238
0 0.667143 0.340476 0.048571 0.023810
0 0.436786 0.096190 0.009286 0.009524
4 0.180714 0.446667 0.021429 0.028571
4 0.357143 0.517143 0.030000 0.015238
4 0.456786 0.516190 0.032143 0.019048
4 0.442500 0.500476 0.035000 0.025714
4 0.388929 0.263810 0.006429 0.015238
0 0.976786 0.305238 0.042143 0.021905
0 0.941786 0.326190 0.043571 0.027619
0 0.853214 0.357619 0.047857 0.031429
0 0.727500 0.356190 0.050714 0.030476
0 0.709643 0.317619 0.049286 0.039048
1 0.795000 0.340952 0.055714 0.038095
1 0.940357 0.389524 0.052143 0.032381
0 0.865357 0.336667 0.042143 0.023810
0 0.833571 0.323333 0.044286 0.025714
0 0.753929 0.330952 0.043571 0.021905
4 0.942857 0.476190 0.022857 0.015238
4 0.098929 0.608095 0.045000 0.025714
4 0.262143 0.728095 0.044286 0.031429
