0 0.148571 0.726667 0.065714 0.133333
0 0.086786 0.692857 0.077857 0.164762
0 0.118214 0.538571 0.069286 0.136190
1 0.456429 0.855238 0.055714 0.160000
1 0.457500 0.599524 0.052143 0.140000
0 0.451786 0.356190 0.045000 0.112381
0 0.458929 0.240952 0.042143 0.095238
0 0.405714 0.245238 0.040000 0.088571
0 0.445714 0.141429 0.048571 0.071429
4 0.373929 0.635238 0.015000 0.059048
4 0.611071 0.616190 0.042143 0.045714
4 0.578929 0.545238 0.040714 0.046667
4 0.551786 0.076667 0.013571 0.033333
0 0.250000 0.013333 0.074286 0.026667
