1 0.324286 0.029524 0.042857 0.059048
0 0.251429 0.132381 0.015714 0.026667
0 0.300714 0.301429 0.065714 0.054286
1 0.178571 0.398571 0.060000 0.035238
0 0.371429 0.476190 0.054286 0.076190
0 0.417857 0.570952 0.025714 0.067619
1 0.356429 0.766667 0.028571 0.106667
1 0.130714 0.846190 0.080000 0.039048
0 0.042857 0.856667 0.085714 0.052381
0 0.111071 0.983810 0.083571 0.032381
3 0.540357 0.705714 0.037857 0.131429
2 0.498214 0.489524 0.057857 0.093333
1 0.695714 0.316190 0.071429 0.043810
0 0.810000 0.309524 0.062857 0.038095
0 0.537857 0.011429 0.022857 0.022857
3 0.492143 0.081429 0.042857 0.162857
