0 0.090714 0.194762 0.082857 0.042857
1 0.171786 0.205714 0.049286 0.085714
1 0.231786 0.210000 0.042143 0.069524
1 0.281429 0.220000 0.037143 0.059048
0 0.097500 0.157619 0.050714 0.031429
4 0.231071 0.171905 0.013571 0.023810
4 0.335714 0.173810 0.012857 0.023810
4 0.322857 0.175714 0.010000 0.027619
0 0.334286 0.324762 0.051429 0.070476
0 0.262500 0.409048 0.067857 0.109524
0 0.266071 0.330476 0.052143 0.066667
0 0.205357 0.338571 0.062143 0.075238
0 0.130714 0.338095 0.070000 0.076190
0 0.050714 0.339524 0.085714 0.096190
0 0.021786 0.422857 0.043571 0.106667
0 0.092143 0.410476 0.098571 0.135238
0 0.159286 0.091905 0.031429 0.018095
0 0.173214 0.088095 0.030714 0.016190
0 0.171071 0.076190 0.030714 0.017143
0 0.182500 0.077143 0.025000 0.019048
0 0.184286 0.070476 0.027143 0.020952
0 0.187500 0.067143 0.025000 0.020000
0 0.187143 0.056190 0.017143 0.013333
0 0.185714 0.045238 0.017143 0.016190
0 0.136786 0.069048 0.022143 0.018095
0 0.159643 0.060000 0.019286 0.013333
0 0.459643 0.036667 0.010714 0.008571
3 0.435000 0.057143 0.021429 0.030476
2 0.446429 0.051905 0.015714 0.029524
0 0.442857 0.083810 0.018571 0.020952
4 0.535000 0.200000 0.011429 0.019048
3 0.504643 0.046667 0.023571 0.020952
0 0.473571 0.035714 0.010000 0.008571
0 0.567857 0.050000 0.014286 0.018095
1 0.079286 0.718571 0.158571 0.320952
0 0.373571 0.678571 0.107143 0.223810
0 0.347143 0.899524 0.144286 0.200952
1 0.536429 0.620476 0.191429 0.263810
0 0.650357 0.263333 0.067857 0.050476
0 0.838571 0.336190 0.175714 0.129524
0 0.753571 0.151429 0.037143 0.026667
4 0.686429 0.115714 0.018571 0.020000
0 0.736786 0.109048 0.032143 0.018095
1 0.400714 0.220952 0.058571 0.068571
