0 0.122857 0.920000 0.060000 0.041905
0 0.545000 0.759524 0.048571 0.065714
0 0.478929 0.660476 0.029286 0.071429
0 0.647143 0.804286 0.057143 0.040952
0 0.843214 0.810952 0.056429 0.042857
0 0.716786 0.669048 0.053571 0.037143
0 0.913571 0.633810 0.057143 0.039048
0 0.488929 0.483810 0.022143 0.057143
0 0.434286 0.188571 0.021429 0.051429
0 0.461786 0.184286 0.019286 0.052381
2 0.837857 0.648571 0.102857 0.057143
1 0.457857 0.399048 0.021429 0.060952
4 0.482143 0.564762 0.010000 0.032381
4 0.535000 0.634286 0.010000 0.030476
4 0.564643 0.721429 0.019286 0.025714
4 0.607500 0.747619 0.023571 0.020952
4 0.374643 0.876667 0.029286 0.016190
4 0.421071 0.910000 0.025000 0.016190
4 0.383214 0.914286 0.023571 0.017143
4 0.813929 0.746190 0.025000 0.018095
4 0.837857 0.781429 0.022857 0.014286
4 0.858929 0.734286 0.025000 0.015238
4 0.892143 0.753810 0.024286 0.018095
4 0.646429 0.919048 0.024286 0.024762
4 0.031071 0.968095 0.037857 0.018095
4 0.200357 0.967143 0.023571 0.018095
4 0.412857 0.093810 0.010000 0.027619
4 0.428571 0.344286 0.010000 0.023810
