4 0.524008 0.793135 0.013570 0.040816
4 0.393528 0.974954 0.020877 0.037106
1 0.479384 0.641466 0.057933 0.052876
4 0.442589 0.628479 0.008351 0.023191
4 0.432933 0.661410 0.007829 0.027829
4 0.427714 0.658627 0.006785 0.031540
4 0.436065 0.625696 0.008873 0.028757
4 0.630480 0.628479 0.008351 0.036178
4 0.591075 0.483302 0.009916 0.033395
4 0.602296 0.488404 0.007307 0.030612
4 0.474165 0.471243 0.006785 0.027829
4 0.508612 0.431818 0.014092 0.019481
4 0.517745 0.423933 0.010438 0.025974
0 0.558977 0.260204 0.036534 0.028757
4 0.550887 0.244434 0.014092 0.012059
4 0.545929 0.218460 0.011482 0.015770
4 0.566806 0.220779 0.012526 0.018553
4 0.555585 0.207792 0.010960 0.012987
4 0.556367 0.187384 0.008351 0.012987
4 0.561326 0.183673 0.009916 0.012987
0 0.575418 0.165121 0.025574 0.024119
1 0.585073 0.149351 0.025052 0.027829
1 0.585595 0.138219 0.025052 0.025974
4 0.585856 0.119202 0.010960 0.012059
0 0.617693 0.065399 0.013048 0.034323
0 0.628132 0.010204 0.008873 0.020408
0 0.661013 0.070965 0.013048 0.028757
0 0.632307 0.166976 0.016180 0.033395
0 0.639614 0.203618 0.017223 0.038033
1 0.594468 0.234694 0.015658 0.042672
2 0.588205 0.275974 0.028184 0.078850
0 0.600470 0.334879 0.028706 0.044527
4 0.621868 0.399351 0.010960 0.038033
4 0.604906 0.395176 0.007307 0.025974
4 0.630480 0.251391 0.006263 0.024119
4 0.611952 0.243043 0.007829 0.024119
4 0.651096 0.012059 0.004697 0.014842
4 0.646921 0.023191 0.005741 0.014842
4 0.639353 0.082560 0.005219 0.018553
4 0.660491 0.110853 0.004697 0.015770
4 0.661795 0.132189 0.004175 0.019481
4 0.618476 0.147959 0.006263 0.017625
4 0.611169 0.167440 0.006263 0.017625
4 0.714770 0.197124 0.010960 0.015770
4 0.717380 0.283395 0.013048 0.017625
0 0.707985 0.370594 0.037056 0.045455
4 0.718946 0.802876 0.023486 0.026902
