4 0.553250 0.750667 0.041500 0.148000
4 0.519000 0.662333 0.039000 0.115333
4 0.173500 0.686000 0.070000 0.105333
4 0.188750 0.637333 0.074500 0.102667
4 0.242750 0.536000 0.044500 0.101333
4 0.209500 0.531000 0.044000 0.098000
4 0.275000 0.445333 0.053000 0.092000
4 0.300000 0.445333 0.044000 0.096000
4 0.321000 0.456667 0.040000 0.093333
4 0.338000 0.289333 0.027000 0.082667
4 0.254750 0.695667 0.068500 0.127333
1 0.357750 0.539000 0.165500 0.303333
4 0.480500 0.463667 0.046000 0.099333
4 0.511750 0.568667 0.043500 0.114667
4 0.498000 0.503000 0.059000 0.092667
4 0.564250 0.426667 0.043500 0.088000
4 0.630750 0.437333 0.037500 0.098667
4 0.646750 0.465000 0.040500 0.082000
