3 0.721786 0.727619 0.103571 0.291429
2 0.836786 0.792381 0.167857 0.340952
2 0.666429 0.489048 0.030000 0.071429
2 0.710714 0.474286 0.054286 0.120000
2 0.620000 0.260000 0.011429 0.026667
1 0.632500 0.299048 0.013571 0.028571
2 0.651071 0.309524 0.016429 0.032381
0 0.758571 0.293810 0.008571 0.012381
4 0.221071 0.611429 0.026429 0.030476
4 0.227857 0.600000 0.025714 0.030476
4 0.249286 0.582857 0.028571 0.022857
4 0.254286 0.575714 0.024286 0.020000
4 0.261071 0.566667 0.025000 0.020952
4 0.267500 0.645714 0.029286 0.026667
4 0.278929 0.636190 0.027857 0.024762
4 0.318929 0.641429 0.027857 0.023810
4 0.331786 0.618571 0.030714 0.027619
4 0.338214 0.614286 0.025000 0.022857
4 0.297500 0.589524 0.029286 0.019048
4 0.323571 0.594762 0.028571 0.027619
4 0.305357 0.573810 0.026429 0.014286
4 0.333214 0.587619 0.023571 0.020952
4 0.637500 0.330476 0.005000 0.009524
4 0.626429 0.335714 0.004286 0.010476
2 0.609643 0.206190 0.007857 0.020000
2 0.612857 0.201429 0.008571 0.021905
2 0.724643 0.219524 0.006429 0.014286
3 0.721786 0.211905 0.043571 0.016190
