1 0.704286 0.230964 0.037143 0.088832
1 0.458571 0.051396 0.038571 0.074873
1 0.217143 0.120558 0.045714 0.071066
1 0.191071 0.429569 0.062143 0.069797
1 0.184286 0.487310 0.065714 0.071066
1 0.181786 0.545051 0.067857 0.072335
1 0.191429 0.625635 0.071429 0.078680
0 0.534286 0.722081 0.062857 0.083756
0 0.577143 0.951142 0.037143 0.095178
0 0.659286 0.871827 0.067143 0.073604
0 0.675714 0.810914 0.065714 0.065990
0 0.719643 0.635152 0.057857 0.054569
0 0.729643 0.586929 0.057857 0.049492
0 0.766071 0.450508 0.055000 0.048223
0 0.820357 0.250635 0.030714 0.067259
0 0.639643 0.322335 0.032143 0.068528
0 0.546071 0.268401 0.033571 0.057107
0 0.171429 0.045051 0.035714 0.057107
3 0.100000 0.132614 0.111429 0.173858
3 0.028929 0.270939 0.057857 0.201777
3 0.065714 0.791878 0.125714 0.167513
3 0.203929 0.911802 0.165000 0.173858
1 0.288929 0.225254 0.049286 0.079949
4 0.326429 0.074239 0.020000 0.021574
4 0.356786 0.055838 0.015000 0.022843
0 0.119643 0.465102 0.040714 0.064721
