0 0.200357 0.233333 0.093571 0.059048
0 0.292857 0.651905 0.045714 0.124762
0 0.279643 0.821429 0.049286 0.138095
0 0.265000 0.963810 0.052857 0.072381
1 0.299286 0.510000 0.042857 0.096190
0 0.315357 0.372857 0.047857 0.117143
1 0.410000 0.583810 0.052857 0.137143
0 0.945714 0.674286 0.064286 0.127619
0 0.802143 0.257619 0.041429 0.098095
1 0.815357 0.024762 0.070714 0.049524
0 0.629643 0.945714 0.049286 0.108571
4 0.193929 0.357143 0.036429 0.020952
4 0.207857 0.323810 0.031429 0.026667
4 0.224643 0.372857 0.032143 0.031429
2 0.697500 0.711905 0.047857 0.159048
