0 0.368250 0.944667 0.069500 0.110667
0 0.500750 0.389333 0.044500 0.070667
0 0.763500 0.911333 0.088000 0.177333
0 0.498250 0.183667 0.020500 0.030000
0 0.494250 0.141333 0.018500 0.025333
0 0.490750 0.111000 0.017500 0.022000
0 0.510000 0.086333 0.030000 0.018000
0 0.737750 0.353333 0.074500 0.042667
0 0.849750 0.350667 0.071500 0.040000
0 0.878000 0.710667 0.119000 0.089333
0 0.758750 0.398333 0.078500 0.052667
1 0.759750 0.441000 0.069500 0.078000
1 0.641250 0.387667 0.025500 0.063333
1 0.574250 0.245333 0.022500 0.046667
0 0.635000 0.248333 0.030000 0.042000
1 0.355750 0.112333 0.038500 0.027333
0 0.408000 0.093333 0.030000 0.018667
2 0.465250 0.156000 0.015500 0.040000
0 0.571000 0.080000 0.032000 0.017333
0 0.610250 0.096000 0.034500 0.022667
0 0.619250 0.075333 0.033500 0.017333
4 0.679000 0.244000 0.008000 0.024000
4 0.461000 0.301333 0.008000 0.021333
4 0.440000 0.362667 0.011000 0.025333
4 0.531250 0.487333 0.007500 0.029333
2 0.587750 0.564667 0.093500 0.058667
1 0.576250 0.741000 0.042500 0.124667
2 0.590000 0.920333 0.058000 0.159333
4 0.475500 0.241000 0.006000 0.019333
4 0.482500 0.201333 0.006000 0.017333
2 0.571500 0.094667 0.039000 0.024000
4 0.479750 0.128667 0.006500 0.014667
0 0.858500 0.654333 0.058000 0.046000
4 0.803500 0.503333 0.033000 0.030667
4 0.933750 0.771333 0.046500 0.038667
