0 0.225000 0.979048 0.060000 0.041905
4 0.266071 0.906190 0.023571 0.054286
4 0.271786 0.842857 0.022143 0.049524
4 0.240000 0.876190 0.027143 0.043810
0 0.409643 0.820952 0.035000 0.106667
0 0.163929 0.916667 0.080714 0.119048
4 0.336786 0.661429 0.012143 0.046667
4 0.430000 0.701905 0.034286 0.030476
4 0.236786 0.704286 0.035000 0.029524
4 0.201071 0.696190 0.026429 0.036190
4 0.220000 0.690952 0.027143 0.040952
0 0.255000 0.657143 0.062857 0.080000
0 0.205000 0.590952 0.058571 0.075238
0 0.156429 0.524286 0.054286 0.071429
2 0.106071 0.459048 0.063571 0.072381
0 0.031786 0.360476 0.050714 0.060000
0 0.012500 0.318571 0.025000 0.052381
0 0.102857 0.347619 0.055714 0.068571
0 0.175357 0.340000 0.055000 0.060952
4 0.188571 0.397619 0.022857 0.037143
4 0.251786 0.276667 0.020714 0.021905
0 0.193571 0.246667 0.048571 0.049524
0 0.233929 0.223333 0.046429 0.048571
2 0.266429 0.187619 0.048571 0.051429
2 0.386786 0.293333 0.076429 0.080000
4 0.070000 0.085714 0.015714 0.024762
4 0.107500 0.086667 0.025000 0.020952
4 0.039286 0.037143 0.017143 0.020952
0 0.087143 0.022381 0.037143 0.035238
0 0.117857 0.051429 0.037143 0.036190
4 0.141071 0.069524 0.022143 0.020952
4 0.170357 0.101429 0.017857 0.023810
2 0.194286 0.121429 0.042857 0.044762
0 0.231071 0.152857 0.043571 0.042857
4 0.391071 0.518571 0.027857 0.031429
0 0.402857 0.467143 0.067143 0.069524
0 0.460000 0.430476 0.061429 0.055238
0 0.469643 0.372857 0.052143 0.054286
0 0.546786 0.687619 0.076429 0.053333
4 0.622500 0.905714 0.033571 0.036190
0 0.712143 0.829524 0.061429 0.108571
0 0.771071 0.649524 0.056429 0.085714
0 0.596071 0.488571 0.069286 0.045714
0 0.641071 0.380952 0.050714 0.062857
0 0.686071 0.323333 0.046429 0.058095
0 0.739643 0.337619 0.047857 0.067619
4 0.717500 0.393333 0.030714 0.024762
0 0.858929 0.500952 0.050714 0.078095
4 0.932500 0.371429 0.020714 0.036190
4 0.935000 0.510000 0.021429 0.033333
4 0.956071 0.539524 0.013571 0.033333
1 0.842500 0.087619 0.027857 0.041905
0 0.795357 0.160000 0.046429 0.059048
1 0.871786 0.044762 0.035000 0.055238
0 0.902143 0.014762 0.032857 0.029524
