0 0.393006 0.827922 0.053236 0.069573
2 0.330898 0.751391 0.052192 0.076067
2 0.245042 0.642857 0.061065 0.072356
2 0.332203 0.597403 0.118476 0.146568
0 0.949374 0.955473 0.036534 0.087199
0 0.836378 0.854824 0.045407 0.084416
1 0.674582 0.762987 0.032881 0.065863
4 0.775835 0.421150 0.013048 0.020408
2 0.733559 0.398887 0.071503 0.061224
2 0.813935 0.176716 0.019311 0.069573
2 0.873173 0.123840 0.017745 0.056586
2 0.978340 0.137291 0.042276 0.061224
2 0.947808 0.084879 0.016701 0.039889
2 0.893267 0.080705 0.021399 0.046382
0 0.612213 0.668831 0.039666 0.063080
0 0.583768 0.740260 0.031837 0.068646
4 0.541232 0.696197 0.014614 0.028757
0 0.487735 0.622913 0.032881 0.054731
4 0.493998 0.557514 0.013048 0.018553
0 0.473904 0.576994 0.036534 0.046382
0 0.395094 0.509276 0.039666 0.042672
2 0.406837 0.466141 0.031837 0.039889
4 0.301931 0.679035 0.010960 0.020408
0 0.267223 0.454545 0.030271 0.046382
1 0.287578 0.423006 0.033403 0.037106
4 0.315501 0.402134 0.009916 0.015770
0 0.254175 0.386364 0.031315 0.038033
0 0.175626 0.562152 0.071503 0.081633
0 0.131524 0.509740 0.063674 0.054731
2 0.124478 0.498609 0.046451 0.045455
1 0.148747 0.302876 0.028184 0.026902
2 0.050365 0.427180 0.049582 0.045455
4 0.108038 0.259276 0.009395 0.013915
1 0.078810 0.259740 0.026096 0.024119
4 0.026879 0.250928 0.013048 0.015770
0 0.060021 0.228200 0.027140 0.020408
4 0.065240 0.215677 0.010438 0.012059
4 0.188152 0.310297 0.012004 0.012059
