3 0.402662 0.861781 0.077766 0.087199
0 0.742171 0.849258 0.065762 0.060297
1 0.745303 0.774583 0.051148 0.061224
0 0.640919 0.764842 0.046973 0.043599
0 0.667797 0.697124 0.028706 0.058442
4 0.015136 0.541744 0.008351 0.024119
4 0.032881 0.551948 0.013570 0.022263
4 0.060282 0.566790 0.012004 0.022263
4 0.084551 0.557514 0.007307 0.018553
0 0.216075 0.425325 0.018789 0.028757
2 0.231994 0.401670 0.025574 0.037106
4 0.208768 0.552876 0.011482 0.024119
4 0.215814 0.556586 0.009916 0.024119
4 0.154489 0.566790 0.010438 0.022263
4 0.161534 0.569109 0.010960 0.021336
4 0.165710 0.570037 0.010960 0.023191
4 0.170668 0.571429 0.010438 0.020408
4 0.175626 0.570501 0.012004 0.020408
4 0.180324 0.572356 0.012004 0.018553
4 0.191545 0.572820 0.010438 0.021336
4 0.198330 0.572820 0.010438 0.021336
4 0.202766 0.572820 0.013048 0.023191
4 0.215814 0.573284 0.010960 0.024119
4 0.222077 0.572356 0.008873 0.024119
4 0.162317 0.634045 0.011482 0.026902
4 0.183194 0.630798 0.012526 0.025974
2 0.173278 0.674861 0.077244 0.060297
4 0.254697 0.538961 0.009395 0.014842
0 0.338727 0.590909 0.040710 0.031540
1 0.387004 0.614564 0.037056 0.032468
0 0.477296 0.652134 0.045407 0.037106
4 0.592119 0.672078 0.005741 0.019481
4 0.790188 0.668831 0.010438 0.024119
4 0.947808 0.678571 0.017745 0.026902
