0 0.579071 0.698980 0.044363 0.110390
0 0.468946 0.576994 0.032881 0.107607
1 0.667276 0.657699 0.042276 0.113173
4 0.112735 0.933673 0.018789 0.060297
4 0.125000 0.937384 0.008873 0.071429
4 0.134916 0.943414 0.013048 0.076067
4 0.141962 0.941558 0.021921 0.077922
4 0.139092 0.900278 0.040188 0.038033
4 0.164927 0.946660 0.020877 0.073284
4 0.251044 0.945269 0.026096 0.072356
4 0.303758 0.968924 0.029228 0.036178
4 0.403184 0.599258 0.026618 0.031540
4 0.401879 0.521800 0.018789 0.028757
4 0.438674 0.536178 0.020355 0.025974
4 0.431628 0.404917 0.020877 0.028757
4 0.768267 0.621058 0.019833 0.030612
4 0.765658 0.688776 0.031315 0.038033
4 0.912056 0.891466 0.017223 0.061224
0 0.830115 0.408163 0.055846 0.059369
0 0.734603 0.362245 0.036013 0.047310
4 0.679802 0.183673 0.008873 0.014842
0 0.639353 0.108998 0.032359 0.028757
0 0.630480 0.090445 0.032359 0.026902
2 0.585334 0.122913 0.028706 0.080705
4 0.510960 0.070965 0.006263 0.019481
4 0.237735 0.241187 0.019311 0.020408
