0 0.048571 0.594286 0.068571 0.041905
4 0.204643 0.640476 0.020714 0.027619
0 0.353929 0.612857 0.072143 0.040952
4 0.136429 0.646667 0.014286 0.030476
4 0.116786 0.647619 0.013571 0.034286
1 0.298214 0.410952 0.029286 0.075238
0 0.334286 0.414762 0.032857 0.090476
0 0.383571 0.398571 0.037143 0.088571
0 0.466071 0.363333 0.065000 0.060000
0 0.518571 0.389524 0.062857 0.059048
0 0.540000 0.326667 0.067143 0.047619
0 0.436429 0.243333 0.030000 0.080952
0 0.431429 0.147619 0.030000 0.093333
0 0.303214 0.235238 0.039286 0.078095
4 0.301429 0.277143 0.017143 0.024762
0 0.355000 0.209048 0.031429 0.082857
4 0.101429 0.373810 0.010000 0.031429
4 0.088571 0.371429 0.012857 0.028571
4 0.074286 0.370000 0.012857 0.027619
4 0.455357 0.704762 0.012143 0.028571
1 0.522500 0.705238 0.027857 0.079048
4 0.681429 0.368095 0.021429 0.031429
