1 0.248214 0.061429 0.027857 0.021905
1 0.263571 0.090476 0.028571 0.022857
0 0.253571 0.087619 0.021429 0.013333
0 0.284286 0.095714 0.025714 0.018095
0 0.301071 0.100000 0.026429 0.017143
0 0.323571 0.104762 0.031429 0.020952
0 0.286071 0.075714 0.027857 0.018095
0 0.312143 0.082381 0.025714 0.018095
0 0.287500 0.065714 0.026429 0.013333
4 0.272500 0.130000 0.012143 0.012381
0 0.355357 0.109524 0.032143 0.019048
0 0.384286 0.117143 0.025714 0.019048
0 0.402500 0.119524 0.029286 0.018095
0 0.423214 0.124286 0.025000 0.021905
1 0.395357 0.081429 0.027857 0.025714
1 0.424286 0.085714 0.024286 0.026667
0 0.463214 0.092857 0.029286 0.020000
0 0.475714 0.097619 0.027143 0.020000
0 0.493214 0.099524 0.026429 0.021905
0 0.434643 0.176190 0.043571 0.030476
2 0.604643 0.026667 0.033571 0.024762
2 0.563929 0.098095 0.033571 0.020952
2 0.565714 0.086667 0.018571 0.015238
2 0.546786 0.084762 0.020714 0.019048
2 0.532500 0.065714 0.025000 0.017143
0 0.611071 0.067619 0.017857 0.017143
2 0.515000 0.132857 0.051429 0.046667
3 0.804286 0.052857 0.027143 0.035238
0 0.818571 0.040476 0.008571 0.012381
1 0.835000 0.040952 0.010000 0.015238
1 0.837857 0.031429 0.010000 0.015238
3 0.934643 0.047143 0.020714 0.031429
1 0.028571 0.176667 0.057143 0.042857
2 0.170357 0.214762 0.092143 0.080952
4 0.015714 0.301905 0.031429 0.030476
4 0.006429 0.355714 0.012857 0.033333
4 0.653214 0.788571 0.036429 0.074286
0 0.674643 0.427619 0.055000 0.078095
0 0.663929 0.359524 0.036429 0.061905
0 0.641429 0.273333 0.024286 0.043810
4 0.734286 0.343333 0.014286 0.025714
4 0.728214 0.371429 0.013571 0.026667
0 0.736071 0.155238 0.022143 0.026667
0 0.729286 0.126667 0.024286 0.024762
0 0.750357 0.131429 0.020714 0.028571
0 0.763571 0.117143 0.018571 0.022857
0 0.776429 0.140000 0.018571 0.026667
0 0.786786 0.129048 0.015000 0.023810
0 0.795000 0.113810 0.018571 0.021905
0 0.823214 0.114286 0.013571 0.022857
0 0.811071 0.127619 0.020714 0.028571
0 0.805357 0.147143 0.017857 0.021905
1 0.767143 0.156190 0.022857 0.036190
1 0.800000 0.163810 0.021429 0.036190
4 0.870357 0.219048 0.019286 0.019048
0 0.286071 0.387619 0.099286 0.062857
1 0.341071 0.561429 0.153571 0.109524
2 0.304286 0.769048 0.092857 0.246667
4 0.460714 0.539048 0.044286 0.045714
4 0.416071 0.626667 0.053571 0.043810
