0 0.297500 0.822381 0.156429 0.227619
0 0.635000 0.695238 0.158571 0.196190
0 0.428929 0.481429 0.117857 0.140000
0 0.656071 0.383810 0.099286 0.093333
0 0.280714 0.339048 0.098571 0.106667
0 0.133571 0.171905 0.071429 0.079048
0 0.068571 0.025238 0.051429 0.046667
0 0.131429 0.034286 0.051429 0.043810
0 0.251429 0.075714 0.062857 0.052381
1 0.111071 0.066667 0.049286 0.057143
1 0.427143 0.129048 0.062857 0.075238
0 0.298214 0.049048 0.062143 0.061905
0 0.317500 0.117619 0.065000 0.058095
1 0.260357 0.021905 0.045000 0.043810
3 0.330357 0.203333 0.185000 0.208571
0 0.459643 0.224762 0.086429 0.085714
0 0.533214 0.294286 0.095000 0.083810
0 0.709286 0.178571 0.071429 0.065714
0 0.673571 0.154762 0.071429 0.073333
0 0.631429 0.138095 0.062857 0.059048
0 0.560000 0.104762 0.052857 0.059048
1 0.611071 0.114286 0.053571 0.062857
1 0.525714 0.087619 0.077143 0.070476
0 0.483571 0.069048 0.057143 0.042857
0 0.456071 0.052381 0.055000 0.047619
0 0.425000 0.044762 0.055714 0.043810
0 0.371786 0.016190 0.060714 0.032381
4 0.365714 0.036190 0.025714 0.028571
4 0.396071 0.035714 0.022143 0.025714
4 0.168214 0.025714 0.025000 0.028571
