0 0.030714 0.096667 0.047143 0.067619
0 0.020000 0.018571 0.037143 0.037143
0 0.354643 0.270000 0.042143 0.084762
1 0.296786 0.363333 0.043571 0.096190
0 0.359643 0.367143 0.042143 0.107619
0 0.463214 0.343333 0.043571 0.098095
0 0.512857 0.338095 0.045714 0.083810
0 0.494643 0.263333 0.042143 0.079048
1 0.410000 0.336190 0.050000 0.121905
0 0.562857 0.329048 0.048571 0.096190
0 0.627857 0.298571 0.088571 0.060000
0 0.613929 0.258095 0.083571 0.043810
0 0.603929 0.222381 0.079286 0.044762
1 0.585000 0.106190 0.034286 0.073333
1 0.624643 0.101429 0.043571 0.086667
1 0.567500 0.048095 0.033571 0.063810
1 0.747143 0.153333 0.060000 0.080000
1 0.713571 0.086667 0.048571 0.064762
1 0.678571 0.012381 0.034286 0.024762
0 0.693929 0.520476 0.115000 0.080952
1 0.610000 0.547619 0.065714 0.118095
1 0.499643 0.585714 0.060714 0.150476
0 0.385000 0.611905 0.052857 0.157143
0 0.273929 0.833333 0.093571 0.213333
0 0.378214 0.800476 0.060714 0.178095
0 0.522143 0.756190 0.075714 0.186667
0 0.590357 0.738095 0.070714 0.171429
0 0.725000 0.712857 0.087143 0.157143
0 0.795357 0.698095 0.089286 0.161905
