0 0.535000 0.929333 0.085000 0.138667
4 0.708000 0.946333 0.027000 0.064667
4 0.496500 0.700667 0.022000 0.048000
4 0.541500 0.796000 0.028000 0.048000
2 0.661750 0.761000 0.105500 0.163333
0 0.757000 0.625667 0.095000 0.138000
1 0.576250 0.615000 0.068500 0.103333
4 0.512750 0.584333 0.017500 0.027333
4 0.353750 0.494333 0.029500 0.039333
4 0.889750 0.325000 0.025500 0.048667
4 0.834000 0.383000 0.031000 0.048667
0 0.778500 0.358333 0.100000 0.084667
1 0.753000 0.310000 0.049000 0.062667
4 0.969250 0.358000 0.038500 0.042667
4 0.967250 0.338333 0.038500 0.039333
4 0.652750 0.137667 0.036500 0.027333
4 0.673000 0.126667 0.024000 0.041333
1 0.582000 0.078667 0.091000 0.097333
4 0.385000 0.355333 0.022000 0.037333
1 0.194750 0.449000 0.047500 0.124667
1 0.424000 0.096667 0.064000 0.109333
4 0.109250 0.323333 0.027500 0.046667
