4 0.424250 0.950000 0.035500 0.052000
4 0.215750 0.958000 0.045500 0.033333
4 0.152000 0.928667 0.045000 0.037333
4 0.355500 0.703000 0.020000 0.042000
1 0.426250 0.685667 0.078500 0.116667
4 0.362500 0.655333 0.021000 0.037333
0 0.558750 0.570000 0.054500 0.065333
1 0.734000 0.530333 0.068000 0.059333
4 0.652250 0.476000 0.012500 0.026667
4 0.591500 0.463667 0.011000 0.027333
4 0.582250 0.456333 0.009500 0.024667
4 0.683250 0.450667 0.018500 0.021333
4 0.709500 0.427333 0.020000 0.017333
4 0.610500 0.437667 0.017000 0.023333
4 0.594750 0.438000 0.014500 0.025333
0 0.813750 0.217667 0.021500 0.019333
1 0.863500 0.226667 0.018000 0.024000
0 0.865250 0.199667 0.018500 0.018000
0 0.880500 0.202667 0.019000 0.021333
0 0.889500 0.190667 0.017000 0.021333
0 0.895250 0.175000 0.014500 0.020667
0 0.839000 0.166333 0.021000 0.016667
1 0.837250 0.155333 0.025500 0.020000
0 0.869250 0.149333 0.015500 0.018667
4 0.897000 0.149333 0.008000 0.010667
0 0.873250 0.132667 0.016500 0.013333
1 0.646250 0.052667 0.011500 0.012000
2 0.399750 0.107667 0.048500 0.034000
0 0.458000 0.101667 0.016000 0.011333
