4 0.635000 0.709524 0.032857 0.045714
4 0.574286 0.637619 0.024286 0.037143
4 0.609643 0.560476 0.023571 0.031429
4 0.387143 0.425238 0.011429 0.018095
4 0.385000 0.402381 0.012857 0.018095
4 0.355000 0.370476 0.008571 0.017143
0 0.455714 0.317619 0.030000 0.021905
0 0.412143 0.296190 0.022857 0.017143
0 0.387500 0.276190 0.017857 0.017143
0 0.361786 0.257619 0.013571 0.014286
0 0.323214 0.252857 0.023571 0.025714
4 0.342143 0.351429 0.008571 0.013333
4 0.337857 0.365714 0.008571 0.015238
0 0.608214 0.343333 0.030714 0.021905
0 0.583929 0.334762 0.023571 0.020000
0 0.572500 0.374286 0.036429 0.028571
0 0.700357 0.389524 0.045000 0.034286
0 0.838571 0.433333 0.075714 0.057143
0 0.932500 0.454286 0.083571 0.041905
4 0.667143 0.866190 0.025714 0.052381
