2 0.506795 0.838263 0.176681 0.254771
1 0.676323 0.797233 0.140916 0.138359
0 0.638412 0.975191 0.152361 0.045802
0 0.976753 0.122137 0.045064 0.091603
0 0.079399 0.957061 0.091559 0.080153
1 0.232475 0.964218 0.180258 0.069656
0 0.241774 0.864027 0.160229 0.115458
0 0.271102 0.750000 0.145923 0.095420
0 0.291845 0.656489 0.130186 0.095420
0 0.232833 0.491889 0.072246 0.159351
0 0.331187 0.568702 0.121602 0.085878
0 0.355150 0.485210 0.122318 0.086832
0 0.360515 0.414599 0.118741 0.073473
1 0.170959 0.252385 0.104435 0.075382
1 0.072604 0.236164 0.096567 0.073473
0 0.087983 0.356393 0.092990 0.077290
4 0.433834 0.747615 0.027897 0.071565
0 0.646638 0.084447 0.038627 0.077290
