1 0.813674 0.930427 0.169102 0.137291
0 0.213987 0.916048 0.123173 0.166048
1 0.406576 0.423006 0.035491 0.055659
0 0.540188 0.441558 0.036534 0.055659
0 0.712161 0.670223 0.090292 0.115955
0 0.626827 0.638219 0.093946 0.087199
0 0.744520 0.598330 0.108038 0.079777
0 0.667015 0.565863 0.089770 0.063080
1 0.702505 0.516234 0.069937 0.067718
0 0.599165 0.469388 0.052192 0.059369
0 0.669624 0.443414 0.072025 0.050093
0 0.620564 0.418831 0.061587 0.039889
0 0.453810 0.320501 0.017223 0.038033
1 0.480950 0.340909 0.030793 0.052876
4 0.827244 0.634045 0.025052 0.052876
0 0.700678 0.504174 0.084029 0.052876
4 0.724165 0.445733 0.018267 0.032468
0 0.043841 0.541280 0.080376 0.093692
2 0.469729 0.281540 0.031315 0.065863
2 0.502610 0.198052 0.015658 0.030612
4 0.599687 0.255566 0.010438 0.013915
0 0.538622 0.188312 0.007307 0.011132
0 0.572547 0.200835 0.020877 0.013915
0 0.570720 0.197124 0.016180 0.013915
1 0.571764 0.194341 0.015136 0.013915
1 0.572025 0.185993 0.016701 0.013915
0 0.554280 0.192022 0.015658 0.014842
1 0.556889 0.183210 0.013570 0.013915
1 0.564718 0.177180 0.011482 0.012987
4 0.519572 0.178571 0.003653 0.006494
4 0.532620 0.186920 0.002610 0.008349
0 0.509916 0.182746 0.006263 0.011132
0 0.509656 0.180427 0.006785 0.012059
0 0.517223 0.161874 0.005219 0.010204
0 0.551148 0.160946 0.008351 0.006494
2 0.540188 0.159555 0.012526 0.020408
0 0.531054 0.146104 0.003653 0.006494
