4 0.153967 0.935993 0.024008 0.044527
4 0.541754 0.898887 0.021921 0.029685
4 0.531576 0.776438 0.018267 0.024119
4 0.532620 0.690167 0.016180 0.018553
4 0.527140 0.683210 0.021921 0.021336
4 0.521660 0.668367 0.023486 0.028757
4 0.519833 0.633117 0.018789 0.023191
4 0.590292 0.771800 0.011482 0.033395
4 0.521921 0.623840 0.025052 0.019481
4 0.529749 0.545918 0.017745 0.015770
4 0.540449 0.539889 0.018267 0.020408
4 0.555063 0.522727 0.006785 0.025046
4 0.513048 0.474490 0.011482 0.021336
4 0.529489 0.487477 0.012004 0.019481
1 0.593424 0.495362 0.017745 0.040816
4 0.506263 0.446197 0.011482 0.014842
4 0.504697 0.439239 0.011482 0.017625
1 0.503653 0.349258 0.029228 0.032468
1 0.517484 0.301948 0.013048 0.032468
4 0.496086 0.290353 0.009916 0.012987
4 0.538622 0.307050 0.006263 0.014842
4 0.555846 0.309833 0.009395 0.014842
1 0.550626 0.297774 0.012526 0.025974
1 0.546451 0.279221 0.013570 0.024119
4 0.493998 0.275974 0.008873 0.012059
4 0.485908 0.283859 0.005219 0.012987
4 0.490084 0.270872 0.007307 0.011132
1 0.490344 0.246289 0.019311 0.019481
0 0.536795 0.244434 0.012004 0.017625
4 0.484864 0.230983 0.009395 0.012987
4 0.486952 0.222171 0.009395 0.012059
0 0.521921 0.192022 0.008351 0.016698
0 0.507829 0.172078 0.010438 0.015770
4 0.487996 0.185993 0.006263 0.008349
4 0.483299 0.176716 0.009395 0.010204
0 0.493215 0.166976 0.008351 0.014842
0 0.486430 0.151670 0.018789 0.013915
0 0.566806 0.128015 0.014614 0.014842
4 0.495564 0.029685 0.002610 0.005566
4 0.489562 0.023191 0.002088 0.003711
0 0.709290 0.518089 0.039666 0.038033
4 0.655271 0.696660 0.022443 0.025974
0 0.689196 0.753711 0.057933 0.049165
4 0.719990 0.821892 0.020355 0.022263
4 0.977035 0.509740 0.007307 0.023191
4 0.960334 0.478200 0.014614 0.017625
2 0.883873 0.409555 0.037056 0.032468
2 0.747651 0.291744 0.032881 0.045455
0 0.742693 0.215677 0.018789 0.023191
4 0.642745 0.088126 0.003653 0.005566
2 0.578549 0.042208 0.010960 0.017625
4 0.580115 0.056586 0.002610 0.007421
0 0.598382 0.041744 0.005741 0.009276
2 0.570981 0.020872 0.007307 0.013915
1 0.573069 0.011132 0.009395 0.007421
1 0.572808 0.009276 0.007829 0.011132
