0 0.325357 0.833810 0.087857 0.143810
1 0.120357 0.461429 0.123571 0.172381
0 0.226071 0.466190 0.102143 0.155238
0 0.332143 0.464286 0.105714 0.153333
4 0.023929 0.049048 0.046429 0.050476
4 0.022500 0.162857 0.043571 0.045714
4 0.295357 0.694762 0.049286 0.048571
4 0.318571 0.650476 0.045714 0.038095
4 0.337500 0.621429 0.037857 0.056190
4 0.383214 0.560476 0.042143 0.044762
4 0.397143 0.532381 0.037143 0.041905
4 0.360714 0.581429 0.038571 0.052381
4 0.239286 0.833333 0.041429 0.055238
4 0.256786 0.781429 0.047857 0.037143
4 0.274643 0.745238 0.043571 0.040952
0 0.396786 0.870952 0.097857 0.180000
0 0.699286 0.586667 0.118571 0.121905
0 0.766429 0.916667 0.090000 0.166667
0 0.853929 0.947143 0.090714 0.105714
4 0.035000 0.192381 0.050000 0.030476
4 0.026786 0.230476 0.047857 0.047619
4 0.017500 0.252381 0.035000 0.038095
1 0.276071 0.054286 0.070714 0.108571
1 0.466071 0.933810 0.096429 0.132381
