0 0.184500 0.502333 0.157000 0.102000
0 0.519500 0.478667 0.090000 0.124000
1 0.214000 0.405667 0.150000 0.095333
1 0.681750 0.434333 0.151500 0.104667
1 0.317000 0.173000 0.110000 0.075333
1 0.551500 0.883000 0.119000 0.228667
1 0.839250 0.930333 0.317500 0.139333
1 0.747000 0.787667 0.257000 0.163333
1 0.671000 0.677333 0.188000 0.137333
0 0.684750 0.378000 0.152500 0.073333
0 0.602250 0.326000 0.127500 0.076000
0 0.364750 0.294000 0.065500 0.082667
0 0.232500 0.352333 0.136000 0.068667
0 0.267000 0.310000 0.135000 0.076000
4 0.231250 0.276000 0.059500 0.049333
1 0.656250 0.278667 0.098500 0.082667
0 0.648750 0.243667 0.113500 0.064667
0 0.626000 0.211667 0.104000 0.054000
0 0.622500 0.191667 0.104000 0.054000
1 0.331500 0.151333 0.096000 0.060000
0 0.610750 0.163000 0.089500 0.046000
0 0.592500 0.108667 0.083000 0.041333
0 0.591500 0.091333 0.076000 0.030667
1 0.587750 0.069333 0.063500 0.041333
2 0.579250 0.056667 0.071500 0.037333
0 0.575250 0.037333 0.062500 0.029333
1 0.570000 0.020333 0.058000 0.034000
0 0.520500 0.071333 0.033000 0.044000
0 0.462750 0.054667 0.033500 0.042667
0 0.355250 0.117000 0.083500 0.044667
0 0.348000 0.093333 0.083000 0.044000
0 0.358500 0.073000 0.078000 0.036667
0 0.382500 0.057667 0.078000 0.036667
0 0.380250 0.035333 0.070500 0.037333
0 0.372500 0.021333 0.059000 0.024000
1 0.383500 0.012333 0.058000 0.024667
4 0.305750 0.132000 0.029500 0.026667
4 0.330750 0.051000 0.026500 0.028667
