0 0.388048 0.876623 0.050626 0.139147
0 0.423278 0.637755 0.034447 0.084416
0 0.485386 0.244434 0.011482 0.036178
0 0.702766 0.622913 0.071503 0.054731
0 0.676148 0.591837 0.066284 0.055659
4 0.548800 0.761132 0.014092 0.041744
0 0.641441 0.676716 0.035491 0.110390
4 0.645094 0.550557 0.020877 0.025046
4 0.671712 0.448052 0.006263 0.029685
4 0.685543 0.440167 0.010960 0.021336
2 0.456942 0.415584 0.029749 0.085343
4 0.537839 0.320037 0.007829 0.018553
0 0.544885 0.209184 0.018789 0.017625
4 0.530271 0.216141 0.005219 0.014842
0 0.460073 0.134045 0.009916 0.015770
0 0.411013 0.119202 0.012004 0.013915
0 0.407359 0.115028 0.016180 0.012987
4 0.510699 0.147959 0.002610 0.010204
0 0.334029 0.095547 0.017745 0.014842
4 0.825418 0.919759 0.029749 0.039889
4 0.828027 0.905380 0.030793 0.038961
4 0.672756 0.394249 0.007307 0.020408
0 0.502349 0.113636 0.007829 0.012059
0 0.519311 0.107607 0.007307 0.012987
0 0.529749 0.109926 0.007307 0.012059
1 0.517745 0.091837 0.007307 0.014842
4 0.535752 0.159091 0.002610 0.010204
4 0.510699 0.103432 0.002610 0.006494
4 0.532881 0.064007 0.002088 0.005566
2 0.508873 0.070501 0.009395 0.022263
1 0.534708 0.039425 0.004697 0.008349
0 0.533403 0.029685 0.004175 0.005566
0 0.526096 0.018089 0.007307 0.006494
2 0.526618 0.036642 0.006263 0.013915
0 0.535752 0.049165 0.003653 0.007421
4 0.343424 0.599722 0.011482 0.039889
4 0.550887 0.204082 0.005741 0.009276
4 0.536534 0.055195 0.004175 0.006494
4 0.729906 0.575139 0.021399 0.024119
