4 0.207724 0.911410 0.020877 0.049165
4 0.224948 0.923933 0.027140 0.044527
0 0.236169 0.658627 0.064196 0.072356
0 0.247912 0.621985 0.055324 0.049165
4 0.360125 0.455473 0.010438 0.024119
4 0.378392 0.414193 0.011482 0.021336
4 0.364301 0.416048 0.009395 0.021336
4 0.369520 0.403525 0.011482 0.016698
4 0.376044 0.398423 0.012004 0.013915
4 0.386482 0.387291 0.015136 0.015770
4 0.403184 0.354360 0.010960 0.016698
4 0.427714 0.379870 0.015136 0.019481
4 0.436326 0.393785 0.015658 0.021336
0 0.489301 0.329314 0.033925 0.024119
0 0.470772 0.307514 0.033403 0.023191
0 0.482777 0.294991 0.029228 0.022263
0 0.405271 0.307514 0.024530 0.026902
4 0.460073 0.284323 0.009916 0.013915
4 0.503914 0.264378 0.010960 0.014842
4 0.466075 0.264378 0.008351 0.012987
4 0.505741 0.238868 0.006263 0.010204
2 0.524269 0.265770 0.032881 0.025046
4 0.486691 0.271800 0.010960 0.016698
2 0.553497 0.246753 0.019311 0.031540
2 0.563935 0.227737 0.018267 0.025046
1 0.591597 0.414193 0.018267 0.041744
0 0.525574 0.410019 0.020877 0.040816
0 0.512787 0.444805 0.024530 0.041744
0 0.581942 0.484694 0.024008 0.043599
0 0.497129 0.484694 0.028706 0.049165
2 0.458246 0.444805 0.028184 0.056586
2 0.465553 0.559833 0.039666 0.101113
4 0.495564 0.885436 0.015136 0.056586
4 0.830637 0.862709 0.029749 0.037106
4 0.742432 0.897959 0.025574 0.037106
4 0.582463 0.819573 0.027140 0.032468
4 0.827244 0.763451 0.031315 0.042672
4 0.858299 0.676716 0.009916 0.032468
4 0.929019 0.802412 0.018789 0.033395
0 0.844990 0.960111 0.099165 0.077922
0 0.756524 0.689239 0.028706 0.083488
1 0.668841 0.660019 0.029749 0.073284
2 0.606994 0.650278 0.037578 0.115028
1 0.620042 0.285714 0.014614 0.027829
0 0.576200 0.198516 0.012526 0.020408
4 0.595772 0.158163 0.003653 0.010204
0 0.623173 0.110390 0.007307 0.012987
0 0.648225 0.093692 0.007307 0.009276
0 0.644311 0.058442 0.005741 0.009276
2 0.650052 0.065399 0.010960 0.021336
4 0.649269 0.031076 0.002088 0.002783
4 0.646138 0.039889 0.002088 0.003711
4 0.641441 0.046382 0.002088 0.003711
1 0.739823 0.152597 0.016180 0.015770
1 0.703810 0.166048 0.008873 0.016698
0 0.713727 0.186456 0.008873 0.016698
0 0.725992 0.188776 0.009395 0.015770
0 0.731994 0.333488 0.016180 0.026902
0 0.751827 0.362709 0.032881 0.027829
4 0.983820 0.662338 0.022965 0.020408
4 0.905793 0.594156 0.023486 0.032468
4 0.942850 0.598330 0.017223 0.031540
4 0.926931 0.564471 0.008351 0.036178
4 0.905010 0.436456 0.006263 0.015770
4 0.891441 0.420686 0.010438 0.017625
4 0.888048 0.423933 0.012004 0.020408
4 0.844207 0.403525 0.013048 0.018553
4 0.846816 0.348330 0.007829 0.019481
4 0.822547 0.334879 0.007307 0.018553
4 0.853079 0.291280 0.005741 0.014842
4 0.812891 0.234230 0.003653 0.013915
4 0.808977 0.238868 0.004175 0.013915
4 0.806889 0.225881 0.005219 0.012059
4 0.792015 0.143785 0.003653 0.011132
4 0.770877 0.128479 0.004175 0.008349
2 0.735386 0.124768 0.009395 0.017625
4 0.836378 0.424397 0.009916 0.023191
