1 0.841429 0.900381 0.058571 0.118020
1 0.777143 0.777284 0.050000 0.100254
1 0.771786 0.506345 0.037857 0.060914
1 0.612500 0.443528 0.036429 0.069797
1 0.544643 0.337563 0.036429 0.048223
1 0.522500 0.326777 0.039286 0.044416
1 0.500357 0.314721 0.030714 0.043147
1 0.468929 0.307741 0.037857 0.041878
0 0.557500 0.444797 0.027857 0.046954
0 0.495357 0.739213 0.026429 0.067259
0 0.255000 0.956218 0.034286 0.085025
0 0.236786 0.715736 0.045000 0.076142
0 0.228929 0.611675 0.042143 0.063452
0 0.224643 0.582487 0.042143 0.060914
0 0.216786 0.494289 0.035000 0.054569
0 0.213214 0.465102 0.035000 0.044416
0 0.238214 0.414340 0.026429 0.044416
0 0.238214 0.148477 0.012143 0.027919
0 0.245000 0.230330 0.011429 0.031726
0 0.301429 0.309645 0.018571 0.040609
0 0.314286 0.354061 0.024286 0.043147
0 0.283929 0.041244 0.016429 0.024112
3 0.256786 0.083756 0.015000 0.048223
3 0.267857 0.152919 0.025714 0.072335
3 0.285714 0.240482 0.030000 0.085025
3 0.400714 0.326142 0.077143 0.081218
3 0.488571 0.296320 0.058571 0.072335
3 0.573571 0.256345 0.080000 0.073604
3 0.626786 0.286802 0.072143 0.076142
3 0.735357 0.326142 0.070714 0.114213
3 0.800000 0.411168 0.080000 0.121827
3 0.700000 0.198604 0.071429 0.067259
0 0.750000 0.189086 0.025714 0.032995
0 0.855714 0.499365 0.035714 0.052030
2 0.913571 0.562183 0.071429 0.096447
4 0.803929 0.687183 0.015000 0.036802
4 0.839643 0.654822 0.016429 0.027919
4 0.899286 0.753807 0.015714 0.035533
4 0.900714 0.914340 0.024286 0.041878
0 0.390714 0.263959 0.017143 0.032995
0 0.407143 0.199873 0.024286 0.026650
