2 0.575418 0.169759 0.105950 0.200371
0 0.653445 0.066790 0.042797 0.064935
2 0.681889 0.016234 0.034969 0.032468
4 0.784969 0.080705 0.010438 0.027829
4 0.790710 0.329777 0.019833 0.032468
1 0.798278 0.671150 0.046451 0.110390
0 0.445198 0.569109 0.060543 0.110390
0 0.537578 0.693414 0.052192 0.125232
0 0.599426 0.560761 0.073591 0.106679
4 0.665188 0.634508 0.024530 0.040816
4 0.706420 0.558905 0.026618 0.036178
1 0.632568 0.489796 0.063674 0.083488
1 0.685021 0.407699 0.054802 0.088126
4 0.636482 0.375232 0.025574 0.028757
4 0.232516 0.679035 0.028706 0.040816
0 0.372912 0.530612 0.061065 0.109462
1 0.452766 0.413265 0.049582 0.086271
4 0.091858 0.868738 0.030271 0.043599
