0 0.424322 0.929499 0.024008 0.094620
0 0.604906 0.950835 0.036534 0.096475
0 0.465031 0.963822 0.027140 0.070501
0 0.620042 0.786642 0.026096 0.072356
0 0.874739 0.818646 0.062630 0.051020
0 0.428497 0.730519 0.024008 0.073284
0 0.426670 0.580705 0.017223 0.059369
0 0.455637 0.591373 0.018789 0.052876
0 0.519572 0.563544 0.020355 0.041744
0 0.498695 0.454545 0.018267 0.037106
0 0.426148 0.424397 0.013048 0.041744
0 0.457724 0.353432 0.011482 0.029685
0 0.472860 0.274583 0.010438 0.020408
0 0.496347 0.272727 0.012526 0.022263
0 0.475209 0.200835 0.010960 0.017625
2 0.455637 0.166048 0.010438 0.022263
0 0.469207 0.163265 0.008351 0.016698
0 0.422234 0.092764 0.007307 0.012987
0 0.456942 0.100186 0.006785 0.012987
1 0.451461 0.076994 0.007307 0.012987
0 0.442067 0.044063 0.006263 0.010204
3 0.402662 0.039425 0.008873 0.025046
0 0.419102 0.020408 0.006263 0.011132
0 0.448591 0.029685 0.006785 0.011132
1 0.497912 0.084416 0.006263 0.014842
0 0.537839 0.229128 0.010960 0.018553
0 0.604645 0.344156 0.031837 0.022263
1 0.603079 0.321429 0.022443 0.021336
1 0.589248 0.282931 0.030271 0.024119
1 0.577505 0.260668 0.021399 0.020408
0 0.575157 0.245826 0.022965 0.014842
0 0.551670 0.198516 0.022965 0.014842
0 0.550626 0.187384 0.021921 0.012987
0 0.544102 0.161410 0.016180 0.014842
1 0.549582 0.164657 0.015658 0.015770
1 0.545668 0.181354 0.017223 0.013915
0 0.519050 0.150742 0.008873 0.013915
0 0.533403 0.133117 0.015658 0.010204
0 0.532359 0.129406 0.016701 0.010204
0 0.525574 0.117811 0.016701 0.011132
0 0.544363 0.117811 0.016701 0.012987
1 0.509395 0.076994 0.013570 0.011132
1 0.682150 0.462430 0.031315 0.026902
0 0.652923 0.391929 0.029228 0.025046
0 0.483559 0.024583 0.005741 0.010204
0 0.476514 0.004174 0.005219 0.008349
4 0.502610 0.148887 0.002088 0.004638
4 0.492432 0.077922 0.001566 0.005566
4 0.599426 0.441558 0.005741 0.022263
4 0.632568 0.543135 0.008351 0.013915
4 0.568633 0.153525 0.007829 0.010204
4 0.328810 0.561224 0.007307 0.014842
4 0.358038 0.542208 0.005219 0.017625
4 0.367693 0.547310 0.005741 0.012987
4 0.288883 0.889610 0.008873 0.027829
4 0.302453 0.933673 0.009916 0.030612
0 0.084290 0.984230 0.071503 0.029685
4 0.382307 0.130798 0.002610 0.007421
4 0.379697 0.133581 0.002610 0.005566
4 0.361952 0.301484 0.003653 0.009276
4 0.854123 0.670686 0.015136 0.020408
4 0.788100 0.670223 0.017745 0.015770
4 0.819415 0.671150 0.017745 0.013915
