0 0.020357 0.457143 0.040714 0.038095
4 0.077857 0.491429 0.030000 0.020952
0 0.160000 0.427143 0.061429 0.044762
0 0.269286 0.390000 0.058571 0.042857
4 0.275714 0.428095 0.022857 0.023810
0 0.266786 0.320952 0.042143 0.040000
4 0.328929 0.315238 0.025000 0.020952
0 0.152143 0.341905 0.058571 0.038095
0 0.076429 0.266667 0.030000 0.045714
4 0.174643 0.270000 0.023571 0.020000
2 0.442857 0.296190 0.055714 0.059048
4 0.512500 0.284286 0.019286 0.027619
0 0.515000 0.319048 0.050000 0.038095
4 0.532857 0.286667 0.012857 0.026667
0 0.591429 0.253333 0.025714 0.047619
0 0.257500 0.587619 0.067857 0.047619
0 0.448571 0.528571 0.067143 0.045714
4 0.407500 0.483333 0.030714 0.021905
4 0.523929 0.476190 0.027857 0.017143
4 0.506071 0.898095 0.035000 0.019048
4 0.946786 0.774762 0.030714 0.025714
4 0.793571 0.481905 0.027143 0.019048
4 0.667500 0.466667 0.026429 0.019048
4 0.707500 0.430476 0.027857 0.019048
0 0.792500 0.277143 0.053571 0.036190
4 0.685714 0.271905 0.014286 0.029524
0 0.676071 0.232857 0.032143 0.044762
0 0.632857 0.136190 0.025714 0.036190
0 0.578214 0.166667 0.023571 0.043810
