4 0.335073 0.412801 0.049061 0.048237
4 0.474687 0.425788 0.033925 0.053803
4 0.659969 0.343692 0.030793 0.041744
4 0.743215 0.318182 0.030271 0.037106
4 0.541754 0.308442 0.015658 0.036178
4 0.255741 0.357607 0.028184 0.034323
4 0.401618 0.288961 0.013048 0.030612
4 0.428497 0.216605 0.007307 0.012059
0 0.433716 0.224954 0.016701 0.026902
0 0.497390 0.215213 0.018789 0.027829
0 0.699374 0.268089 0.039666 0.046382
0 0.731472 0.264378 0.038100 0.044527
4 0.655010 0.235622 0.011482 0.020408
0 0.427453 0.187848 0.018789 0.017625
0 0.450939 0.179963 0.010438 0.016698
0 0.460856 0.172078 0.011482 0.012059
0 0.462683 0.165121 0.012004 0.011132
0 0.459290 0.163729 0.007307 0.013915
4 0.463466 0.189703 0.005219 0.015770
4 0.478601 0.181818 0.004175 0.011132
4 0.524008 0.185993 0.003132 0.008349
4 0.520616 0.183673 0.004697 0.007421
4 0.514092 0.224026 0.006263 0.017625
0 0.525835 0.227737 0.014092 0.023191
0 0.455637 0.164193 0.006263 0.009276
1 0.466336 0.146568 0.003653 0.007421
4 0.477557 0.169295 0.003132 0.006494
0 0.496608 0.155380 0.004697 0.006494
1 0.498695 0.828386 0.145616 0.339518
