0 0.790000 0.857619 0.057143 0.088571
0 0.763214 0.829048 0.059286 0.084762
0 0.773929 0.575714 0.070714 0.067619
0 0.685000 0.399524 0.060000 0.056190
2 0.632143 0.451905 0.124286 0.109524
4 0.532143 0.382857 0.014286 0.024762
1 0.502500 0.289524 0.037857 0.060952
0 0.519286 0.245238 0.045714 0.065714
0 0.428214 0.237143 0.037857 0.066667
0 0.457143 0.120476 0.038571 0.065714
0 0.422500 0.030476 0.036429 0.060952
1 0.500000 0.889524 0.057143 0.089524
0 0.426429 0.905714 0.075714 0.089524
4 0.197500 0.861905 0.023571 0.040000
1 0.155000 0.573810 0.038571 0.073333
0 0.282500 0.419524 0.042143 0.079048
1 0.118214 0.464286 0.036429 0.075238
0 0.103214 0.397143 0.037857 0.066667
1 0.080357 0.330000 0.036429 0.073333
1 0.043571 0.166190 0.041429 0.082857
1 0.030714 0.091905 0.035714 0.071429
0 0.022857 0.032381 0.028571 0.055238
