1 0.209286 0.984137 0.028571 0.029188
0 0.380714 0.027284 0.008571 0.008883
0 0.334286 0.128173 0.005714 0.012690
1 0.313214 0.163706 0.006429 0.015228
0 0.313571 0.215102 0.007143 0.016497
1 0.318929 0.405457 0.019286 0.026650
0 0.323929 0.435914 0.010714 0.024112
0 0.316786 0.875000 0.017857 0.054569
0 0.315357 0.821701 0.015000 0.041878
0 0.319643 0.770305 0.013571 0.040609
0 0.323571 0.708756 0.012857 0.036802
1 0.322143 0.666878 0.012857 0.034264
0 0.426786 0.208122 0.009286 0.015228
0 0.432143 0.222081 0.007143 0.012690
1 0.421429 0.236675 0.008571 0.019036
1 0.429643 0.276015 0.007857 0.016497
0 0.436786 0.322335 0.007857 0.017766
0 0.470714 0.493020 0.012857 0.024112
1 0.438571 0.536802 0.024286 0.027919
1 0.511429 0.480964 0.017143 0.025381
0 0.546786 0.496827 0.015000 0.029188
2 0.604286 0.436548 0.020000 0.035533
3 0.556786 0.442259 0.016429 0.077411
3 0.985000 0.829315 0.030000 0.046954
