4 0.236169 0.772263 0.015136 0.030612
4 0.380480 0.909555 0.012526 0.062152
4 0.330898 0.549165 0.011482 0.025974
4 0.310021 0.540353 0.012526 0.026902
4 0.294624 0.564007 0.018267 0.022263
4 0.297495 0.554731 0.015658 0.025974
4 0.294624 0.549629 0.015136 0.026902
4 0.413883 0.471707 0.008351 0.030612
4 0.397182 0.326531 0.011482 0.012987
4 0.400313 0.323284 0.009395 0.015770
4 0.364040 0.307514 0.009916 0.013915
4 0.364040 0.316327 0.005741 0.018553
4 0.369259 0.323284 0.006785 0.021336
4 0.349165 0.325603 0.006263 0.014842
4 0.343163 0.323284 0.009916 0.017625
4 0.343685 0.329314 0.008873 0.014842
4 0.379958 0.183673 0.007307 0.012987
4 0.379958 0.167440 0.008351 0.010204
4 0.397443 0.188776 0.003653 0.013915
4 0.389353 0.152597 0.007307 0.010204
0 0.416493 0.131262 0.010438 0.021336
4 0.398486 0.099258 0.006785 0.009276
4 0.396921 0.096011 0.005741 0.008349
4 0.428236 0.096011 0.007829 0.008349
4 0.430846 0.008813 0.002610 0.008349
4 0.448330 0.039425 0.002088 0.008349
4 0.443111 0.084879 0.003132 0.010204
0 0.496347 0.008813 0.007307 0.012059
0 0.475731 0.026438 0.006785 0.013915
0 0.465553 0.017161 0.007307 0.013915
0 0.474948 0.037106 0.006263 0.011132
2 0.474426 0.056122 0.012526 0.039889
0 0.461117 0.112709 0.009916 0.017625
3 0.460334 0.134508 0.013570 0.037106
2 0.479123 0.118738 0.015658 0.053803
0 0.500000 0.145176 0.011482 0.019481
0 0.471555 0.203618 0.013048 0.023191
4 0.516962 0.044063 0.002610 0.008349
4 0.534447 0.161874 0.005219 0.012059
2 0.483299 0.255566 0.024008 0.104824
0 0.513570 0.348794 0.016701 0.033395
4 0.573330 0.340909 0.004697 0.023191
2 0.472860 0.403525 0.040710 0.146568
0 0.527401 0.462894 0.021399 0.050093
2 0.495303 0.684137 0.033403 0.115955
0 0.563413 0.947588 0.034969 0.102968
4 0.735125 0.857143 0.013048 0.042672
4 0.586639 0.442486 0.007307 0.022263
4 0.600992 0.501855 0.007829 0.025974
4 0.778706 0.593228 0.019833 0.025046
4 0.820720 0.444805 0.015136 0.019481
4 0.817589 0.435993 0.017223 0.024119
0 0.732255 0.392857 0.037578 0.038033
4 0.807933 0.418831 0.019833 0.019481
4 0.762265 0.373840 0.012004 0.016698
4 0.774530 0.351113 0.011482 0.017625
4 0.756785 0.344620 0.011482 0.017625
4 0.754958 0.340445 0.012004 0.016698
4 0.745564 0.325603 0.010960 0.016698
0 0.684499 0.481911 0.039144 0.052876
0 0.677975 0.453618 0.033403 0.038961
0 0.672495 0.428108 0.031837 0.038033
4 0.594207 0.257421 0.005741 0.017625
4 0.728862 0.242579 0.012004 0.012059
4 0.664666 0.207328 0.009916 0.015770
4 0.740866 0.203154 0.005741 0.014842
4 0.746347 0.198052 0.006263 0.015770
4 0.751305 0.197588 0.004697 0.016698
4 0.756524 0.199443 0.005741 0.016698
0 0.781054 0.209184 0.025574 0.026902
4 0.713987 0.197588 0.005219 0.012987
4 0.660230 0.186456 0.007307 0.012987
0 0.601514 0.158627 0.022443 0.025974
0 0.599426 0.151206 0.026618 0.024119
0 0.598643 0.147959 0.026096 0.028757
0 0.581942 0.115955 0.025052 0.018553
0 0.586639 0.126623 0.021921 0.015770
0 0.590553 0.133117 0.023486 0.019481
0 0.576722 0.096939 0.020877 0.015770
0 0.570459 0.070037 0.018789 0.017625
0 0.563674 0.062616 0.018789 0.013915
0 0.563152 0.055659 0.018789 0.011132
0 0.560282 0.051020 0.017223 0.011132
0 0.535230 0.009740 0.007829 0.013915
4 0.529489 0.026902 0.002610 0.007421
4 0.541232 0.076067 0.003132 0.009276
