4 0.043929 0.318571 0.057857 0.033333
0 0.334643 0.030952 0.037857 0.058095
0 0.283571 0.187143 0.050000 0.069524
1 0.304286 0.092857 0.042857 0.067619
0 0.357857 0.441905 0.064286 0.156190
0 0.361071 0.310000 0.050714 0.105714
0 0.593214 0.133333 0.042143 0.060952
0 0.577500 0.069524 0.039286 0.053333
0 0.563214 0.017143 0.032143 0.034286
4 0.825000 0.194762 0.020000 0.046667
4 0.745714 0.048095 0.012857 0.035238
4 0.734286 0.034286 0.021429 0.028571
4 0.686786 0.075238 0.033571 0.020952
0 0.817143 0.425238 0.090000 0.100000
2 0.902500 0.553333 0.159286 0.196190
0 0.955714 0.806667 0.088571 0.234286
4 0.845357 0.788095 0.075000 0.079048
0 0.787143 0.339048 0.072857 0.093333
1 0.758214 0.809048 0.117857 0.252381
0 0.698571 0.585238 0.085714 0.151429
0 0.657500 0.428095 0.069286 0.128571
0 0.627143 0.300952 0.055714 0.095238
0 0.720714 0.158571 0.081429 0.065714
0 0.460000 0.760476 0.074286 0.225714
0 0.282500 0.647143 0.166429 0.107619
1 0.265000 0.801905 0.160000 0.156190
