4 0.673500 0.944000 0.013000 0.049333
4 0.700250 0.947333 0.014500 0.045333
4 0.613000 0.967000 0.016000 0.035333
4 0.609000 0.755667 0.025000 0.012667
4 0.615000 0.745000 0.027000 0.015333
4 0.629750 0.695333 0.010500 0.037333
4 0.610000 0.709333 0.026000 0.016000
4 0.611250 0.697333 0.022500 0.020000
4 0.601500 0.692000 0.025000 0.022667
4 0.611000 0.647667 0.026000 0.023333
4 0.616000 0.636333 0.022000 0.018000
4 0.594500 0.622000 0.022000 0.014667
4 0.606750 0.605000 0.025500 0.027333
4 0.635500 0.468667 0.015000 0.022667
1 0.593500 0.466667 0.050000 0.049333
0 0.721750 0.468000 0.062500 0.034667
0 0.793250 0.475000 0.064500 0.035333
0 0.869500 0.479000 0.052000 0.032667
0 0.858500 0.389000 0.049000 0.031333
1 0.925500 0.388667 0.045000 0.034667
0 0.769000 0.366667 0.031000 0.052000
0 0.701750 0.351333 0.038500 0.040000
0 0.652000 0.374667 0.055000 0.032000
2 0.791750 0.248667 0.063500 0.038667
0 0.776250 0.233667 0.045500 0.024667
0 0.768000 0.126000 0.039000 0.026667
0 0.767500 0.113000 0.044000 0.022000
0 0.763750 0.100333 0.037500 0.020667
2 0.680750 0.119333 0.050500 0.041333
0 0.674500 0.094000 0.044000 0.029333
0 0.681000 0.081667 0.041000 0.024667
0 0.738750 0.044333 0.026500 0.024667
1 0.805000 0.046333 0.039000 0.027333
0 0.817750 0.042000 0.033500 0.021333
0 0.827250 0.033333 0.035500 0.022667
1 0.988500 0.114000 0.023000 0.030667
4 0.967000 0.110000 0.011000 0.017333
0 0.982750 0.055333 0.033500 0.021333
4 0.933250 0.042333 0.006500 0.011333
0 0.518750 0.370333 0.053500 0.032667
0 0.430750 0.457000 0.056500 0.036667
0 0.452000 0.367667 0.052000 0.035333
1 0.371000 0.451333 0.051000 0.037333
0 0.380500 0.363333 0.054000 0.033333
0 0.304750 0.451667 0.059500 0.035333
0 0.180500 0.447667 0.057000 0.034000
0 0.194000 0.362667 0.052000 0.030667
0 0.135750 0.361000 0.053500 0.030000
0 0.022500 0.440333 0.045000 0.035333
0 0.065250 0.359333 0.052500 0.030667
0 0.017250 0.359000 0.034500 0.030000
0 0.325250 0.298000 0.027500 0.040000
0 0.278750 0.236333 0.043500 0.027333
0 0.286500 0.211667 0.043000 0.028667
0 0.385750 0.222667 0.045500 0.025333
0 0.358000 0.198000 0.024000 0.034667
0 0.360500 0.128333 0.023000 0.032667
4 0.321750 0.118000 0.011500 0.016000
0 0.344750 0.101000 0.035500 0.024667
0 0.358750 0.078333 0.036500 0.020667
2 0.396000 0.089000 0.029000 0.046000
0 0.366500 0.066333 0.033000 0.020667
0 0.373500 0.056333 0.032000 0.022000
0 0.382000 0.047667 0.031000 0.019333
0 0.391500 0.038333 0.032000 0.020667
4 0.450000 0.198333 0.008000 0.022000
4 0.379250 0.191000 0.007500 0.016667
4 0.391250 0.191667 0.009500 0.022000
4 0.403500 0.191333 0.005000 0.018667
4 0.407750 0.194000 0.005500 0.017333
4 0.388750 0.166667 0.010500 0.020000
4 0.395750 0.166000 0.006500 0.020000
4 0.447250 0.170333 0.009500 0.019333
4 0.104500 0.674000 0.025000 0.022667
4 0.138750 0.600000 0.031500 0.014667
4 0.738000 0.917333 0.032000 0.026667
