0 0.271500 0.875333 0.224000 0.246667
4 0.401750 0.950667 0.042500 0.098667
4 0.029000 0.849667 0.057000 0.071333
4 0.088250 0.908000 0.079500 0.129333
4 0.129750 0.712667 0.078500 0.062667
4 0.138500 0.664000 0.045000 0.058667
0 0.285250 0.677333 0.155500 0.226667
4 0.549000 0.630333 0.028000 0.078000
0 0.482500 0.486000 0.066000 0.072000
4 0.646250 0.393667 0.017500 0.030000
4 0.658250 0.392000 0.022500 0.026667
1 0.687500 0.405000 0.086000 0.055333
4 0.482250 0.394667 0.012500 0.033333
4 0.499250 0.374667 0.014500 0.028000
4 0.481750 0.371000 0.012500 0.026000
4 0.622250 0.308000 0.010500 0.017333
4 0.567000 0.301000 0.009000 0.018000
4 0.579750 0.306000 0.008500 0.012000
4 0.585750 0.301333 0.007500 0.017333
4 0.606000 0.301333 0.008000 0.018667
4 0.635250 0.299000 0.009500 0.020667
4 0.576500 0.280667 0.016000 0.014667
4 0.631750 0.232333 0.004500 0.007333
0 0.618750 0.245333 0.016500 0.016000
0 0.640000 0.239333 0.012000 0.016000
0 0.619250 0.225000 0.021500 0.012667
0 0.639500 0.218333 0.011000 0.012667
1 0.664250 0.245333 0.011500 0.020000
0 0.668000 0.233000 0.010000 0.011333
0 0.670750 0.229333 0.010500 0.012000
0 0.668750 0.224333 0.011500 0.010000
